  1.2458949e+001
 -5.5000982e+000
 -4.5039574e+000
 -1.2593597e+000
  1.5989970e+000
 -1.2773290e+000
  2.8553837e+000
  6.0216118e-001
 -1.6654858e+000
  1.3828270e+000
  2.1004569e-001
 -4.3710385e-001
 -2.1223585e+000
  9.8332910e-002
  1.5881409e+000
  4.1438970e-001
  1.5387294e+000
 -1.6415605e+000
  1.0427264e+000
 -9.7031763e-002
 -3.0700503e+000
  7.6179050e-001
  1.5915985e+000
 -2.0264165e+000
  1.3290616e+000
  3.9808573e-001
 -8.0492210e-001
  8.3349996e-001
 -2.0202285e+000
  1.6033096e+000
 -1.9022310e+000
  2.6419073e+000
  8.5338493e-002
 -2.4089705e+000
 -3.9107941e-001
  1.6631309e+000
  6.9735805e-001
 -1.0550576e+000
  6.3045249e+000
 -6.1239667e+000
  2.5550784e-001
 -1.0099950e-002
  4.7774801e-001
 -8.6876062e-001
 -1.2675808e+000
  2.2455631e+000
 -8.2400118e-001
 -1.1350056e+000
  1.1108391e+000
 -7.1659561e-001
  4.0508328e-002
  5.4229763e-001
  2.4581201e+000
 -2.0563367e+000
 -1.5227156e+000
  1.2612014e+000
  7.5766544e-002
 -5.8868408e-001
  4.5394497e-002
 -1.5677673e+000
  1.3753784e+000
 -3.4983880e-001
 -1.4994431e-001
  1.3965560e+000
 -1.0990023e+000
 -7.5386211e-001
  5.9538866e-001
  1.2872712e+000
  1.0729796e+000
 -1.2991401e+000
 -9.7800120e-001
  1.7787103e-001
 -6.1729160e-001
  2.0326821e+000
 -1.0927333e+000
 -1.0581945e+000
 -4.4491922e-001
  3.5969255e+000
 -9.3487438e-001
  1.4480910e+000
 -1.6409425e+000
 -1.2215287e+000
 -4.3013147e-001
  1.1787830e+000
  5.7742488e-001
 -6.4579808e-002
  5.4085998e-001
 -1.1854799e+000
  1.9237492e+000
 -6.1620838e-001
 -2.2657647e+000
  2.9183222e-001
  1.8189410e+000
  1.3588323e-001
 -4.2926392e-001
 -5.6992418e-001
 -5.1376957e-001
  1.7662116e+000
 -1.6947163e+000
 -9.9135707e-002
 -1.0926683e-001
  1.2576090e+000
 -1.6229932e+000
  5.6390833e-001
  1.1027492e+000
 -2.1663861e+000
 -2.3368595e+000
  9.8161143e-001
 -7.2746159e-002
  1.4932944e-001
 -4.3384733e-001
  8.1062088e-001
 -4.5635720e-001
  2.1593822e-001
  2.2519664e+000
 -1.9970323e+000
 -4.8073485e-002
  2.0609758e-002
 -8.3898045e-001
  7.2158434e-002
  2.2302516e-001
  4.8811852e-002
  9.7163968e-001
 -7.5763793e-001
 -3.4226716e-002
  1.5992024e-001
 -8.9769835e-001
  3.4012192e+000
 -1.3964147e+000
 -5.4467858e-001
 -5.1768018e-001
  3.2109017e-001
  1.5431949e+000
 -1.6699188e-001
 -4.9913762e-001
 -6.7845115e-001
  9.9272589e-001
 -1.9564950e+000
 -9.5315567e-002
  2.1833554e+000
  1.5850789e-001
 -2.3254591e-001
 -7.0024070e-002
 -1.7138533e+000
  5.1108156e-001
  1.3486074e-001
  3.9260793e-001
  2.3149059e-002
  5.7866340e-001
 -1.3129971e+000
  4.0184823e-001
  2.3361870e-001
  1.5405830e+000
 -3.0988950e-002
 -5.5605675e-001
  2.8030930e+000
 -3.6485286e-001
 -3.0128530e+000
  2.2218107e+000
  7.1989147e-001
 -6.3955807e-001
 -2.4820181e+000
 -2.6511755e-001
 -1.7214781e-001
  9.8731961e-001
 -1.5912632e+000
  1.2037358e+000
  2.9191924e-001
 -2.3080120e+000
  3.3476346e+000
 -1.2009301e+000
  4.3001445e-001
 -2.2154817e+000
 -2.0941180e+000
  4.5230231e+000
 -1.2588960e+000
 -1.1695449e+000
  5.7775198e-001
  6.6313073e-001
 -1.2073818e+000
  6.4711913e-001
 -7.6908813e-001
  2.4481944e-001
  2.8118501e+000
 -2.5153723e+000
 -2.3462819e-001
  8.5026060e-001
 -7.0794421e-001
  3.0206192e+000
 -5.2070641e-001
 -7.1550633e-001
 -2.4314124e-002
  6.7783020e-001
 -3.7861848e-001
 -1.2360256e+000
  1.4499969e+000
 -1.3469290e-001
 -6.4038204e-001
  2.7572792e+000
 -1.8858061e+000
 -3.0915602e+000
  2.8767300e+000
 -1.3129205e+000
  1.0854919e+000
 -7.3962698e-001
  1.4071314e+000
 -6.1741360e-001
  2.0303080e-001
 -1.4963382e+000
  9.8584785e-001
 -7.9828491e-001
  3.3137855e+000
 -4.4859596e+000
  4.1441391e+000
 -3.5880720e+000
  1.4049065e+000
  6.9325187e-001
 -2.0479244e+000
  3.4312438e+000
  5.0944840e+000
 -6.3285454e+000
  1.1982254e+000
 -8.2029980e-002
 -2.0765913e-001
  2.7714726e-001
  3.7653620e+000
 -3.3250430e+000
  2.1714244e+000
 -2.7800939e+000
  9.0862602e-002
 -1.2432757e+000
  1.3921509e+000
  6.5678540e-001
  5.5955610e+000
 -4.7322037e+000
  1.0468012e+000
 -2.7339443e+000
  5.2415342e-001
  9.8500522e-001
 -1.7494570e+000
  1.0548719e+000
  1.0915848e+000
 -1.2923595e+000
  1.5213013e+000
 -2.9994921e+000
 -6.2076749e-001
  2.9126155e+000
 -1.3318456e+000
 -2.0206635e+000
  3.6123152e+000
 -1.3816521e+000
 -7.3439493e-001
  2.0677693e+000
 -1.6581189e+000
  3.3774933e-001
  2.9664867e+000
 -1.5553866e+000
  2.1925639e+000
 -1.3501469e+000
 -3.8136172e+000
  6.6900674e+000
 -3.6842964e+000
 -4.1987472e+000
 -1.4903858e+000
  1.9842898e-001
  2.4972577e+000
 -1.3621695e+000
 -1.7368914e+000
  1.2594398e+000
  4.9782251e-001
  2.9062426e+000
 -2.9202501e+000
 -4.3843225e-001
  1.3497387e+001
 -1.4095922e+001
  2.3857669e+000
 -7.0961142e-001
 -1.4855030e+000
  8.5666395e+000
 -9.1977658e+000
 -7.0468612e-001
  2.3908275e+000
 -2.4220592e+000
  1.3908908e+000
 -2.7929015e-001
  3.2668442e-001
  4.6343153e-001
 -6.0436648e-001
 -3.6828902e-001
  1.1743728e+000
  2.4517638e-001
 -4.2091691e-001
 -2.2256734e-001
  7.1581934e-001
 -2.5107337e-001
 -6.8166260e-001
 -1.0353102e+000
  2.9272680e+000
 -3.4794123e+000
  1.9535113e+000
 -1.8849842e-001
 -7.1937312e-001
  1.0637252e+000
  3.5762537e-001
 -1.3411504e+000
 -8.8530290e-001
  2.5645398e+000
 -7.9419896e-001
  6.6658444e-001
 -1.5473162e+000
  1.0922575e+000
 -1.1513837e+000
 -3.0312044e-001
  2.4811495e+000
 -2.7299471e+000
  7.2775356e-001
  2.0014047e+000
 -2.3873983e+000
 -3.7298756e-001
  1.6845146e+000
 -1.5316785e+000
 -4.0017535e-001
  7.2549523e-001
  9.0935950e-001
 -1.7293478e+000
  1.4600073e-001
  6.7399522e-001
  2.1287535e+000
  2.1541150e-001
 -1.6570350e+000
 -5.6551059e-001
  4.8094306e-001
  1.7205839e+000
 -1.3671863e+000
 -4.6019909e-001
  1.3592658e+000
 -1.7673810e+000
  9.5637508e-001
  8.1100750e-001
 -1.5790196e+000
  3.4166149e-001
 -1.3070535e+000
  2.9752041e+000
 -5.4286801e-001
 -1.3062856e+000
 -1.4978185e-001
 -6.3534625e-001
  6.6370047e-002
  2.6067775e+000
 -1.3891166e+000
 -2.9604439e-001
  3.2411948e+000
 -3.1321000e+000
  9.9071050e-001
 -2.7053659e+000
  1.5414518e+000
 -2.9552804e-001
  6.4999430e-001
 -1.8678132e-001
  2.3905314e-001
 -1.5689251e-001
  5.6374766e-001
  2.6002453e+000
 -1.8069858e+000
 -9.3944329e-001
  2.1623612e-001
  9.7889732e-001
  4.2696631e+000
 -4.4728812e+000
  9.1186263e-001
 -2.3545335e+000
  3.7890862e+000
 -3.3086840e+000
  2.9919848e+000
 -2.5413034e+000
 -2.2725588e+000
  7.5858782e-001
  2.1510847e-001
  8.3293594e-002
  9.5147693e-001
  3.1303853e+000
 -2.1330267e+000
 -9.9131697e-001
  7.0475304e-002
 -1.5941307e+000
  2.8117382e+000
 -1.6095528e+000
 -7.0830175e-001
 -1.4875061e-001
  2.3158640e-001
 -4.3511674e-001
  1.9872371e+000
 -2.8439078e+000
  1.3785390e+000
 -1.8231186e-001
 -1.3278707e-001
  2.6423240e-001
  3.9085296e-002
 -1.1299211e+000
  1.9253044e+000
 -1.9737608e+000
  1.0960874e+000
  5.0371659e-001
  1.0650412e+000
 -7.0929643e-001
 -1.6349830e-001
  7.3075181e-001
  5.4415745e-001
 -1.7332085e-001
  2.4956208e-001
 -8.4577617e-001
 -2.2541295e+000
  1.2853193e+000
  1.9978973e+000
 -3.1279916e+000
  1.9265910e+000
 -2.1978189e+000
  2.4377623e+000
 -1.0193407e+000
  9.9107147e-001
 -1.1791274e+000
  2.0515522e+000
 -1.7723584e+000
 -1.0585959e+000
  2.9920432e+000
 -8.1380408e-001
  9.9287108e-001
 -4.2656033e+000
  6.9277939e-001
  2.3378573e+000
 -1.6372462e+000
 -2.0414160e-001
  2.0834744e+000
  5.6724830e-001
  1.2596150e+000
 -1.5184544e+000
  1.7170621e+000
 -5.1771524e-001
  1.0010317e+000
 -1.5380771e+000
  1.3486096e+000
  9.0608775e-001
 -1.1308283e+000
 -1.9158293e+000
  2.5143487e+000
 -5.6508219e-001
 -1.9957235e+000
  2.0446610e+000
  6.6345285e-001
 -5.2651583e-002
 -2.4766378e+000
  1.4390795e-001
  7.1692239e+000
 -3.5126315e+000
 -7.1869026e-001
 -2.1638989e+000
  1.8927821e+000
 -5.9804337e-001
  1.2424700e+000
 -1.1580466e-001
 -2.4858421e+000
  3.8061212e+000
 -2.3005850e+000
 -9.6299355e-002
  1.6699809e-001
 -1.4570501e-001
 -1.0363891e+000
  0.0000000e+000
 -3.9834016e-001
  7.6459671e-002
 -7.1050720e-001
  1.6496198e+000
  5.3654551e-001
  1.9107745e+000
 -1.7072119e+000
 -1.6872275e+000
  8.7795544e-001
 -1.0929763e+000
  6.8070163e-001
 -1.3171345e+000
  1.1813429e+000
 -1.8834128e-001
  2.0419954e+000
 -1.7864376e+000
  1.1807943e+000
 -9.1408053e-001
  2.5154741e+000
 -3.1855733e+000
  1.5589487e+000
  3.3290908e+000
 -3.1004724e+000
  6.0124521e-001
 -1.6856537e+000
 -1.2781690e+000
  2.7013773e+000
 -8.7093827e-002
 -1.3130347e+000
  5.9197976e-001
 -6.6343329e-001
  6.2213573e-001
 -2.7428390e+000
  3.7253644e+000
 -1.4577668e+000
 -2.5648768e-001
 -1.7136969e-001
  5.3790316e-001
  2.2744022e+000
 -3.7693819e+000
  1.1411059e+000
  2.9858325e+000
 -3.5365275e+000
 -9.1924194e-001
  1.3635311e+000
  1.3271695e+000
 -7.1272145e-001
  2.5356080e-001
 -1.3131743e+000
  5.3891163e-001
 -4.9806144e-001
 -5.8673002e-001
  1.1730533e+000
 -1.4188935e+000
  1.4555398e+000
  2.8899463e-001
 -9.2816466e-001
  9.7145659e-001
  1.6163131e-002
 -1.1950487e+000
  8.1221491e+000
  1.0401579e+000
 -8.8914378e+000
 -2.7530147e-001
 -5.7013118e-002
 -1.0489115e-002
  1.2635544e-001
  1.9931064e+000
 -2.9441156e-001
 -3.3448293e-001
 -7.1559672e-001
  4.6027062e-001
 -4.6717775e-001
  1.9232462e+000
 -9.4959109e-002
  1.3234550e-001
  5.3172198e-001
 -1.4161523e+000
 -5.3691510e-001
  2.0122534e+000
 -8.9384560e-001
 -1.0531847e+000
  7.9036355e-001
 -2.1886144e+000
  1.4262563e+000
 -6.3197554e-001
  2.3438137e+000
 -2.6114217e+000
  7.1092340e-001
  4.3551823e-001
 -7.2128077e-001
  6.2276184e+000
 -3.4118668e+000
 -1.4590271e+000
 -5.2491083e-001
 -1.2473502e-001
  3.5845394e-002
 -7.0192498e-001
  1.2840901e+000
 -3.3809822e-001
 -7.4112931e-001
 -1.3458237e+000
  1.2259748e+000
 -2.3752280e+000
  1.3988548e+000
 -2.3894867e+000
 -4.5275440e-001
  1.0414393e+000
 -3.5327706e-001
 -5.8975927e-001
  2.1033211e+000
 -1.0739476e-001
 -3.0450720e+000
  2.4321786e+000
 -7.9650836e-001
  1.5546284e+000
 -9.4254317e-001
  3.8126653e-001
  1.3190250e+001
 -8.6180173e+000
 -9.7866884e-001
  1.2624739e-001
  1.3275745e+000
 -2.2753824e+000
  1.2087627e+000
 -1.0172372e+000
 -8.8863476e-002
  2.1278941e+000
 -1.6890548e+000
  1.6865455e+000
 -1.8315655e+000
 -7.4285242e-001
  1.6139128e+000
 -1.2295469e+000
  6.9813403e-001
 -1.7250722e+000
  1.2030756e+000
 -6.0684807e-001
  3.8919000e+000
 -4.0753475e+000
  9.4052239e-001
  8.5068230e-001
  1.8398844e-002
 -1.6599838e+000
  2.1342775e+000
  1.3206494e+000
 -2.2030933e+000
 -5.9033287e-001
  1.4043519e+000
 -3.2539795e-001
 -1.2083312e+000
  1.2883306e-001
  9.2144516e-001
  6.2645355e-001
 -6.0453349e-001
  1.9848672e+000
 -1.3803330e+000
  6.7511417e-001
 -6.8814234e-001
 -6.7226091e-001
  5.2265147e-001
  1.0429369e+000
 -1.7091930e+000
 -2.7586621e-001
 -7.8779530e-001
  5.7162664e+000
 -4.0030425e+000
 -9.1861425e-001
  2.1788871e+000
  1.3025672e+000
 -8.0785664e-001
 -2.6647001e+000
 -4.8086667e-001
  2.2713032e-003
  6.5640945e-001
  1.2618201e+000
 -1.2914216e+000
  8.6017599e-001
 -8.1307157e-002
  8.4063810e-001
 -2.3252473e+000
  8.8619022e-001
 -4.0095744e-001
  5.3661447e-001
  8.3905447e-001
  2.3028873e-001
 -1.6623893e+000
 -5.5622442e-001
  1.2230201e+000
  1.5590766e+000
 -2.0482086e-001
 -3.8684208e-001
 -1.9619863e+000
  1.4276508e+000
 -1.5852056e+000
  1.1797657e-004
 -1.5749217e+000
  1.3666039e+000
  1.4337961e+000
  3.4755502e+000
 -5.3525415e+000
  1.0134608e+000
  4.5695496e-001
 -1.7711373e+000
  2.9799149e+000
  1.0757834e+000
 -3.6447922e+000
  1.3092241e+000
  4.9768481e+000
 -4.6570184e+000
  4.6058063e-001
 -5.9038484e-001
 -1.1277515e-001
 -2.4745346e-001
  1.1079579e-001
  1.4362396e-001
 -5.8893588e-001
 -1.5404966e-001
 -1.5238419e-001
 -8.3296785e-001
  1.9096219e-001
 -9.2874364e-001
  6.8716031e-001
  7.3072351e-003
  1.3062817e+000
 -8.1284888e-001
 -1.0662492e+000
  1.8483654e+000
 -3.2606936e+000
  2.2915679e+000
 -1.0466892e+000
  3.6773905e+000
 -1.0559031e+000
 -1.1026609e+000
 -7.0178331e-001
  3.6515817e+000
 -1.0249344e+000
  1.0709628e-001
 -3.4405485e+000
  1.1121658e+000
  8.3717650e-001
 -1.5639843e-001
 -1.6730995e+000
  4.2921493e-001
 -1.3071284e+000
  2.3674747e+000
 -7.6375164e-001
  1.4685134e+000
 -2.9777483e+000
  1.0187830e+000
 -1.5818706e-001
 -2.7531233e-001
  2.0000417e+000
 -1.8513067e+000
  1.2653828e+000
 -3.3432346e-001
 -1.3198782e-001
 -4.0688904e-001
  1.2009796e+000
 -1.3650436e+000
  7.4151644e-001
 -1.0283901e+000
  4.5450585e-002
 -3.7186962e-001
  4.8143717e-001
 -2.9546233e-002
 -6.6490871e-001
 -1.5199131e-001
  1.6982972e+000
  5.1394630e-001
 -2.5410098e+000
  1.1923016e+000
  4.5806066e-001
 -1.0537351e+000
  1.1308586e+000
 -2.8245149e+000
 -2.4396510e-001
  2.4319882e+000
 -2.2616155e+000
 -6.3157794e-001
  8.0158663e-001
  3.2037639e-001
 -1.4710926e+000
  2.8107500e+000
 -2.1241116e+000
  9.0168169e-001
  5.3695413e-001
 -2.2246392e-001
  1.0828219e+000
 -5.8213583e-001
 -7.7070159e-001
  5.2613373e-001
 -1.1706819e+000
  1.4152511e+000
  5.5596745e-001
 -7.8740178e-001
  2.8901117e-001
 -7.5559875e-001
  2.2680008e-001
  3.0697076e-002
  1.6253251e+000
 -2.4419943e+000
  1.0769333e+000
 -1.1066043e+000
  4.6706439e+000
 -3.0043922e+000
 -1.2329933e+000
  3.8994858e+000
 -3.1042447e+000
 -2.9286397e-002
  8.8196312e-001
 -2.7227303e+000
  4.6478886e+000
 -2.5233641e+000
  8.1281552e-001
 -2.8875094e-001
  3.4340301e+000
 -3.3966440e+000
  1.1617067e+000
 -2.0373153e+000
  1.0033323e+000
  1.3647116e+000
  1.2058006e+000
 -2.5669455e+000
 -3.9145945e-001
 -3.8109268e-001
  2.5527718e+000
 -1.1072393e+000
  1.6424270e+000
 -1.5091808e+000
  9.9143814e-001
  6.5564256e-001
 -8.3048592e-001
 -6.7726231e-001
  1.3397592e+000
 -6.5581052e-001
 -9.5093655e-001
 -1.4743696e-002
  2.4826366e+000
 -2.0438310e+000
  1.3642601e+000
 -1.4507267e+000
 -7.6650495e-001
  1.4359768e+000
  1.1573677e-001
 -5.0291768e-001
 -8.6038723e-002
  9.9055276e-001
 -4.4629066e-001
  6.7412491e-001
 -4.8944506e-001
  1.3643423e+000
 -1.9542992e+000
  8.5717275e-001
 -5.6413410e-001
  9.6195155e-001
 -1.7298392e+000
  3.4578734e-001
  2.5542341e+000
 -1.9136688e+000
  2.2254989e+000
 -3.1940848e+000
 -6.9363439e-001
  5.4668539e-001
  1.9652695e+000
  9.4065474e-001
  1.8722266e+000
 -3.4430089e+000
 -3.0614302e+000
  4.1307437e+000
 -9.8098427e-001
  1.6347027e+000
 -2.0221260e-001
  2.7842243e-001
 -2.5388503e+000
  1.7475042e+000
 -2.5435318e+000
 -8.3130281e-001
  1.5696238e+000
 -2.7240257e+000
  1.5144512e+000
 -4.5755364e-001
 -1.4876291e-001
 -8.7940851e-001
  1.0516453e+001
 -4.6640602e+000
 -2.6873025e+000
  9.2248787e-001
 -1.7451442e+000
  1.7677261e+000
 -9.7379356e-001
  6.3517105e-001
 -4.8810734e-001
  1.0933376e+000
 -2.3833535e+000
  8.9838421e-001
 -3.3162101e-001
  4.6817177e-001
 -2.3326416e-001
 -1.3438893e-001
  2.9299587e-001
 -8.2745110e-001
  6.8489775e-001
 -1.2357041e+000
  9.7169802e-002
 -1.0630150e+000
  2.2071156e+000
 -3.1159010e-001
  6.8995160e-001
  6.1577910e-001
 -4.2662133e-001
 -6.9305860e-003
 -1.0491594e+000
  1.7636178e-001
  1.4973994e-001
  7.1932481e-001
 -3.6660113e-001
  3.6683553e-001
  2.2933453e-001
 -6.2935116e-001
  5.4602363e-001
 -1.4844115e+000
  5.5484292e-001
  1.3149681e+000
 -3.7472599e-001
  6.5951170e-001
 -8.1619225e-001
 -6.7258773e-001
  5.9317924e-001
 -7.9438661e-001
 -6.7166554e-001
 -1.6325187e-001
 -4.0238182e-001
  9.5835379e-001
 -1.7938771e-001
 -1.5306855e-001
 -1.2595864e-002
  1.4915375e+000
  2.2602078e-001
 -3.1356169e-001
  4.8362957e-001
 -1.3932640e+000
 -2.6758293e-001
 -6.2915238e-001
 -5.4579833e-002
  2.1021450e-001
  1.2839596e+000
 -5.4285895e-001
  1.8777037e+000
 -3.4620617e+000
  3.6518695e-001
 -2.7002426e-001
  1.2082958e-001
  4.4020683e-001
  5.8744133e-001
  7.9111134e-001
 -1.1027047e+000
 -3.2857731e-001
  1.0670929e+000
 -4.7785717e-001
  1.2207452e+000
  6.8998943e-001
 -1.9809594e+000
  1.9203357e+000
 -1.6182958e+000
  8.2547300e-003
 -8.2930527e-001
  1.8032060e+000
 -6.5583166e-001
 -9.4358900e-001
 -1.3287542e-002
 -8.0807886e-001
  3.7780191e-001
 -4.2252667e-002
 -1.3537272e+000
  9.0403200e-001
  1.3856706e+000
  4.1931902e-002
 -1.5260920e+000
  6.4262988e-001
  3.8315222e-001
  5.3002447e-001
  2.1231698e-001
 -9.3516269e-001
 -2.5266610e-001
  1.7285869e+000
 -2.8929305e+000
  1.1559163e+000
 -2.0926031e+000
  2.9946154e-001
 -1.3904649e-002
 -1.7691685e+000
  1.9486481e+000
 -1.2477374e-001
 -3.3052358e-001
  7.4918910e-001
 -5.6187539e-001
  1.3508741e+000
  5.1909524e-001
 -2.9915477e-001
 -4.8570275e-001
 -8.3024413e-001
  3.3732309e-002
  2.5262001e+000
 -2.0773036e+000
 -9.2085170e-001
  2.0233610e-001
  1.1522199e-001
  1.7377711e+000
  5.0830046e-001
 -3.5958914e-001
 -4.3022964e-001
  6.4646686e-001
  5.3004187e-001
  1.2418143e+000
 -3.3380789e-001
 -3.7426963e+000
  3.3570496e-001
  1.5990823e-001
 -9.4168499e-001
 -4.6599832e-001
  3.0004809e+000
 -8.7442328e-001
  1.0661751e+000
 -1.1032289e+000
 -1.1338577e+000
  2.4420689e+000
 -2.0221476e+000
  7.2241695e-001
 -3.7377977e-001
 -1.8638449e-002
 -2.6996812e+000
  2.5934607e+000
 -2.3555509e+000
  3.5078229e+000
 -2.3488899e+000
  2.2334023e-001
 -5.9575127e-001
 -1.5038171e-001
 -3.9744256e-001
 -1.2360762e-001
 -4.5235855e-002
 -3.5931885e-002
  2.2838345e+000
 -1.9267516e+000
 -1.1349761e+000
  9.1957679e-001
  1.1167522e+000
 -2.1271777e+000
  1.6250760e+000
  1.0029113e+001
 -7.6451245e+000
  1.6411042e-001
  3.6089534e+000
 -4.7133763e+000
  1.0692925e+000
  1.7929919e+000
 -7.0283727e-001
 -9.8791680e-001
 -4.5072098e-001
  1.9426556e+000
 -2.1958585e+000
  1.3417004e+000
 -1.3643844e+000
  5.3456102e-001
 -4.2413297e-001
  1.8068885e+000
 -1.4905744e+000
  9.7467405e-001
 -8.4066691e-001
  1.1757728e-001
  1.4484578e+000
 -9.8084533e-001
  1.2002450e+000
  8.5404004e-001
  3.4924945e-002
 -8.0099525e-001
  4.0115310e-001
 -3.8125526e-001
 -9.0165915e-002
  5.1548990e-001
  1.5854197e+000
 -1.8743467e+000
  1.7844062e+000
 -4.9475733e-001
 -3.0086630e+000
  2.9281422e+000
 -2.0455436e+000
  3.8378613e+000
 -4.5642473e+000
  1.5447185e-001
  2.8395881e+000
 -1.7572187e+000
  1.0252013e+000
 -1.7482960e+000
  1.0769471e+000
 -1.9022853e+000
 -7.2464883e-001
  2.8046249e+000
 -1.5798753e+000
  1.2196641e-001
  6.9024588e-001
 -3.3927061e-001
 -3.8989948e-001
  1.6956184e+000
 -1.0923428e+000
  2.0402037e-001
  2.1823212e-001
 -1.3162804e-001
  5.4828868e-001
 -7.9763984e-001
 -1.0543051e-001
  3.7163091e-001
  3.2420835e-001
  2.8301371e-001
 -5.1299426e-001
  1.3202118e+000
  1.3667850e+000
 -3.8433937e-001
  3.2605328e+000
 -3.4441597e+000
 -4.6829573e-001
 -8.5400029e-001
  7.0129967e-001
 -9.0523968e-001
  1.1115897e-001
  3.5752126e-001
 -1.1000928e+000
 -6.4014057e-002
  3.4250649e-001
 -3.7679374e-001
  1.8200723e+000
 -1.4106692e+000
 -1.5175619e+000
  2.1493270e+000
 -1.5094132e+000
 -9.7012434e-001
 -2.0064759e+000
  1.1738584e+000
 -7.2086094e-001
  9.3400036e-001
  5.8813959e-001
 -1.9146040e-001
 -1.0734251e-001
 -2.1018033e-001
 -4.9078041e-001
 -1.1982525e+000
  1.4534962e+000
 -5.8829793e-001
  2.1951795e+000
 -1.8148180e+000
 -9.0617562e-001
  3.7452772e+000
 -1.7847956e+000
  3.2983450e-001
 -5.8456627e-001
  1.2737318e+000
 -8.0515682e-001
 -1.7333113e+000
 -4.9379166e-002
  1.9450752e+000
 -3.7593227e-001
  1.3632163e+000
 -3.6190399e+000
  4.2892737e+000
 -1.2907779e+000
 -1.4221126e+000
  2.1083946e+000
 -1.9800135e+000
  3.1247246e+000
 -3.6779511e-001
 -3.2161162e+000
  2.4792349e+000
  7.9789826e-001
  7.4602585e-001
 -4.1469240e+000
  6.9627391e-001
 -1.5558809e+000
  8.0649681e-001
  2.3957343e+000
 -1.3251850e+000
 -1.6903834e+000
 -6.4090654e-001
  2.8932018e+000
 -6.8543249e-001
  1.1524945e+000
  2.3108519e+000
 -3.2917557e+000
  3.2832602e-001
  1.0526994e+000
  7.5105693e-002
 -2.1001832e-001
  6.3912576e-001
 -1.1480892e+000
  2.4915503e+000
 -2.4193827e+000
  5.5350531e-001
 -4.9757186e-001
  9.5630083e-001
  3.3625082e-001
 -1.1842680e+000
  2.6925778e+000
 -2.2443943e+000
  4.6522519e+000
 -3.1631282e+000
 -9.3580751e-001
 -1.3244805e+000
  4.4427703e+000
 -4.2936659e+000
 -1.8685638e-001
  2.6525124e+000
 -1.8716770e+000
  2.0069113e+000
 -3.1116680e+000
  7.8759379e-001
  2.4282469e+000
 -1.4005970e+000
  2.9237917e-001
 -1.7771711e+000
  1.8958617e-001
  2.5749437e+000
 -2.9156651e+000
  2.2833439e+000
 -3.4968557e+000
  7.0839734e-001
  9.4341178e-001
  2.3996581e-001
  3.2116618e-001
  2.0243745e-001
 -4.1256904e-001
  4.1494935e+000
 -3.3922527e+000
 -5.4413322e-001
  9.5499860e-001
 -1.1555909e+000
  2.6257110e+000
 -2.9055412e+000
  1.7068279e+000
  1.2655519e+000
  1.0345896e+000
 -3.8487315e+000
 -7.7283257e-001
  1.5644068e+000
  1.6960262e-001
 -6.7025788e-001
 -8.6483586e-001
  4.1246538e-001
 -5.8056043e-001
  1.1840686e+000
 -5.8336250e-001
  8.6878829e-001
 -1.4769202e+000
  2.1999363e+000
 -1.1352474e+000
  9.1483832e-001
 -5.0357611e-001
 -3.0643579e-001
  2.4992597e-001
 -1.5224998e-001
  1.0594723e+000
 -1.5415488e+000
  1.0542823e+000
  7.1152732e-002
  5.3571939e+000
 -1.3360426e+000
 -8.6383579e-001
  1.7737225e+000
  5.6177134e-001
  1.4059815e+001
 -1.0193537e+001
 -6.7344155e-001
 -9.6876289e-001
  1.4298292e+000
  2.2390664e-001
 -8.0618088e-001
 -9.9086776e-002
  1.8793781e+000
 -1.7203230e+000
 -8.4052759e-001
  6.0970828e-001
 -1.5246590e+000
  4.3247332e-001
 -9.1122976e-002
  1.3796589e+000
  1.7853010e+000
 -1.8775318e+000
 -3.3401584e-001
  1.1291863e+000
 -1.1112561e+000
  1.8585471e-001
  3.4135573e-001
  2.1403740e-001
 -1.5440829e+000
  3.0459813e+000
 -3.3414559e+000
  1.5363077e-001
  1.3039646e+000
 -1.7593538e-001
  1.0084872e+000
  4.4941097e-001
 -1.9682840e+000
  1.0247441e+000
  4.1571227e-001
 -1.0417410e+000
  6.8278047e-001
  2.1052853e+000
  2.1163874e-002
 -3.1622091e+000
  1.9714046e-001
  2.4438175e-001
 -3.0706556e-001
  3.3409228e+000
 -4.0060549e+000
  1.4108626e+000
  9.1708744e-001
 -5.7270072e-001
  2.3258387e+000
 -4.3465580e+000
  1.0898412e+000
  8.3496187e-001
  4.2673214e+000
 -4.4440534e+000
  1.2198023e+000
 -2.2751148e+000
  1.8250013e+000
  3.6049631e+000
 -1.0646885e+000
 -3.2405608e+000
  2.0791594e+000
  1.4483503e+000
 -2.0534012e+000
  3.0821990e-001
 -8.8998865e-001
  3.7282336e-001
  2.4286351e+000
 -1.2403698e+000
  2.6985074e+000
 -9.8404646e-001
 -1.7829989e-001
  3.0901791e+000
 -4.4089875e+000
  1.1378969e+000
  2.3045337e-001
 -5.4457463e-001
 -3.0531122e+000
  5.3781699e+000
 -5.4038387e-001
 -3.6812173e+000
  1.0145853e+000
 -1.6804365e+000
  3.1636478e+000
 -3.1794565e+000
  2.8598264e+000
 -1.4523078e+000
  2.5200453e+000
 -2.3405505e+000
  3.2611641e+000
 -7.8595464e-001
 -4.1038246e-001
  2.0095800e+000
 -2.8139309e+000
 -2.0874165e+000
 -1.1740157e+000
  4.0532715e+000
 -3.8670451e+000
 -4.3493438e-001
  2.6829389e+000
 -1.8956470e+000
  2.5040188e+000
  2.2691439e+000
 -1.5843308e+000
  8.6460069e-002
  7.1686637e-001
 -4.4254749e+000
  1.9517344e+000
  3.2065125e+000
 -2.2679708e+000
  9.8655168e-001
 -1.5708839e+000
  2.6349820e+000
 -1.9462844e+000
  1.2945026e+001
 -1.0213049e+001
  3.4841828e-002
  4.8472117e-001
 -3.1152764e-002
  2.0387880e-001
 -7.5593365e-001
  6.6983948e-001
  1.5371236e+000
 -2.8762726e+000
  1.1602344e+000
 -6.1436465e-002
  2.9139759e-001
  1.1499970e+000
 -3.3900006e-001
  2.2463452e-001
 -8.8958651e-001
  1.6524964e+000
 -1.6998858e+000
 -9.4407776e-001
 -1.5866660e+000
  2.4811429e+000
  9.2008226e-001
  5.4685566e-001
 -8.4551720e-001
 -4.0926738e-001
  1.1521021e+000
  1.7678920e-001
 -2.8135353e-001
 -1.7771905e+000
  3.6506331e+000
 -1.9293186e+000
 -1.8234915e+000
  3.6669554e-001
  2.4007596e+000
  4.8531547e-002
  1.1345877e+000
 -1.8403248e-001
 -2.6722669e+000
 -7.1295481e-002
 -9.8557035e-001
  7.1450552e-001
  8.9160527e-001
  1.2199369e+000
 -1.1188827e+000
  2.4059970e+000
 -9.6506114e-001
 -2.5794645e-001
 -6.7402818e-001
  2.1874688e+000
 -1.9471931e+000
  5.5241248e-001
  6.2239608e+000
 -6.1910897e+000
  2.1383350e+000
  7.8129739e-001
 -2.9090210e-001
  7.5788172e-001
 -5.0664692e-001
 -8.4361856e-001
  2.2565229e+000
 -8.3434740e-001
 -7.4134860e-001
  3.9883959e-001
  4.7487725e-001
  1.7096617e+000
 -1.4150385e+000
  1.6514298e+000
  2.8994665e+000
 -5.4235403e+000
  4.8713018e+000
 -4.3363613e+000
  3.1005698e-001
 -1.2470578e+000
 -4.2162347e-001
  9.6750183e-001
  1.1033548e+001
 -4.9456502e+000
 -1.7325554e+000
 -1.7024007e+000
  1.1793664e+000
  2.3164375e-001
 -2.8677486e+000
  5.3032407e-001
  1.1557988e+000
 -7.0547302e-002
 -5.7470572e-001
  9.3013499e-002
 -3.3106181e-001
  6.4237561e-001
 -9.2140037e-001
  1.0646895e+000
  3.2069423e-001
 -1.1063597e+000
  5.4510245e-002
  4.9456317e-001
  3.5497001e-001
  1.0681769e-003
 -2.4009734e-001
  2.3589894e+000
 -2.7053560e+000
  4.4236317e-001
  2.8716707e+000
 -2.6257790e+000
 -1.0437507e-001
 -2.5515515e+000
 -1.8304909e+000
  4.0627357e+000
 -2.4862199e+000
 -1.0100621e+000
  1.6992399e+000
  7.4621044e-001
 -1.2590728e-001
  1.0697658e+000
 -1.0380734e+000
  1.4867922e+000
 -2.2813752e+000
  1.6101122e-001
  1.0245786e+001
 -5.5955174e+000
 -1.2208510e+000
 -2.8310351e-001
 -7.9997561e-001
  2.7251991e+000
 -2.0968783e+000
  7.6230447e-001
