  6.1428696e+000
  2.7328952e+000
 -4.0239610e+000
 -1.4694230e+000
  5.7320583e+000
 -5.2395839e+000
 -2.4685484e+000
  3.2797576e+000
  6.3545830e-001
 -2.7505315e+000
 -1.7424383e+000
  3.1649418e+000
  2.4217209e+000
 -3.4119818e+000
 -1.5929501e+000
  1.7673095e+000
  2.0592866e+000
 -1.0399638e-001
 -7.9023490e-001
  1.6421496e+000
 -1.2301471e+000
  6.8522555e+000
 -7.5777610e+000
 -5.9704971e-001
 -1.6107757e+000
 -1.1287166e+000
  6.3841547e+000
 -2.5631628e+000
 -1.7220188e+000
 -1.7772295e+000
  2.9719509e+000
 -5.6810772e-001
 -1.4480938e+000
  4.9708690e-001
 -8.9019008e-001
  1.4984585e+000
 -6.4019507e-001
  2.2070746e+000
 -6.6224345e-001
 -9.9162614e-001
  2.2937865e-001
 -6.0935843e-001
  1.7585434e+000
  6.8797414e-001
 -1.3659226e+000
  3.1635551e+000
 -4.9554534e+000
 -6.8845782e-002
 -8.3535586e-001
  6.2142179e+000
 -2.5630651e+000
 -1.1085958e+000
 -1.4100229e+000
  1.4371007e+000
 -2.2494109e+000
  8.6583303e-001
  3.1228834e+000
 -9.1794240e-001
 -3.1962232e+000
  5.8734014e-001
  2.8273272e+000
 -3.1944489e+000
  2.8079613e+000
 -3.8099159e+000
  6.4093576e+000
 -4.0961189e+000
  7.1341885e-001
 -1.4001252e+000
  4.0479369e+000
  3.5730557e+000
 -1.7662638e+000
 -2.2736089e+000
 -2.8922620e-001
  1.0922165e+000
  6.8465783e-001
 -1.6754470e-001
 -4.2007326e-001
  6.5211270e-002
  1.4322136e+000
 -2.6686829e+000
  4.3470306e-001
  3.9971991e-001
 -6.9683325e-001
  3.5426061e+000
  1.6378712e+000
  4.5024494e-001
 -4.3152754e+000
  2.6195458e+000
 -2.3402459e+000
  1.5912476e+000
  1.7204642e+000
  1.3487426e+000
  4.2244980e+000
 -3.7426785e+000
  1.1731771e+000
 -2.5492671e+000
  1.9453106e+000
  4.4057457e-001
 -2.7446205e+000
  3.0962703e+000
  6.6128311e-002
 -2.5918859e+000
 -4.9242332e-001
 -3.4450749e-001
  1.7164690e+000
  1.1295937e-001
  1.4818637e-001
  1.2360602e+000
 -1.8527048e+000
 -1.6723990e+000
  4.0796248e+000
 -2.7613177e+000
  1.9459964e+000
  5.4947812e-001
  2.3340386e-001
 -1.2606418e+000
 -2.9475276e-002
  2.1489771e+000
 -4.4267083e+000
  4.6171038e+000
 -1.4818745e+000
 -1.0099791e+000
 -5.2674620e-001
  1.3102985e+000
 -4.8166609e-001
 -1.9113344e+000
 -9.0603827e-001
  1.8899354e+000
  2.2888640e+000
 -3.1208430e+000
  6.8523700e-001
 -6.5034895e-001
  1.2351509e+000
  6.0632263e-001
  1.1751365e+000
 -1.2539995e+000
 -1.2670203e+000
  5.0394288e-001
 -4.4819610e-001
  6.1682368e-001
 -1.3401750e+000
  9.3498388e-001
  6.6049355e-001
  6.7001519e-002
 -6.2957009e-001
 -8.7187809e-001
  3.1358011e+000
 -5.5440362e-001
 -9.3330580e-001
 -7.7621353e-001
 -2.0631268e+000
  2.0055860e+000
  4.6814935e-002
  4.8065333e-001
  1.9543042e+000
 -1.7846896e+000
  7.3515492e-001
 -2.0022441e-001
 -2.9262062e+000
  3.2089204e+000
 -3.6702964e-001
 -1.4424089e+000
 -5.5356417e-001
  5.5653000e+000
 -6.9421023e+000
  1.4799890e+000
  5.0716519e+000
 -9.5590292e-001
 -2.3569698e+000
  9.5812008e-001
 -1.1424584e+000
 -8.9831124e-001
  1.0931665e+000
 -9.0031454e-001
 -5.3583787e-001
  1.0397839e+000
 -2.1608587e+000
  2.4795317e+000
 -9.2927534e-002
 -1.3877034e+000
 -1.5319608e+000
  1.5931480e+000
  7.4785542e-001
 -1.9617388e+000
  2.8995965e+000
 -1.7043257e+000
  2.3337906e+000
  2.6690915e-002
 -3.7082355e+000
  4.8283746e+000
  7.2211508e-001
 -2.9531312e+000
 -2.1710650e+000
  3.3208755e+000
 -2.2076618e-001
 -3.5297867e+000
  3.6661078e+000
 -3.1684684e+000
  1.3764882e+000
 -3.7097589e-001
  1.2552060e-001
  3.4155904e+000
 -6.7424104e-001
 -4.0513286e+000
  2.6880962e+000
 -1.6502212e+000
 -7.7032583e-001
 -2.8564611e-001
 -2.1054667e-001
  2.5471592e+000
 -4.1764225e-001
  1.6003963e-001
 -7.4366348e-001
  1.4659066e+000
  4.6343452e-002
 -2.4856563e+000
  2.3849098e+000
  5.6147615e-001
 -2.1069419e-001
  1.5237768e+000
 -1.0997211e+000
  2.4552461e+000
 -5.7645435e+000
  2.6192252e+000
 -2.5595579e+000
  2.8641277e+000
 -1.1863095e+000
  2.7209679e-001
  1.5776137e+000
 -1.8277809e+000
  1.2714365e+000
  1.9736128e-001
 -7.7293916e-001
 -1.9919070e+000
 -3.6031292e-001
  3.0853475e+000
 -2.5027745e+000
  8.6323826e-001
  2.9183522e+000
 -2.3959521e+000
 -5.9154114e-001
  2.3154575e+000
 -2.3204553e+000
  7.2154835e-001
  2.1643982e+000
 -2.4775846e+000
  5.7146836e-001
 -9.0113697e-001
 -1.5385903e-001
  4.0641820e+000
 -8.3103520e-001
 -2.1110789e+000
  1.4882850e+000
  7.7611371e-001
 -2.1880388e+000
 -2.3711064e+000
  3.4086081e+000
  1.3540801e+000
 -2.1064701e+000
  2.0196098e+000
 -3.2262769e+000
  3.6866027e+000
 -4.8055445e+000
  5.9831488e+000
 -2.9951114e+000
 -4.2903252e+000
  3.4431083e+000
 -7.4856500e-001
 -3.1449719e+000
 -9.5450756e-001
  2.4363026e+000
 -9.9160800e-001
 -2.0092265e+000
  1.8353521e-001
  4.8972075e-001
  1.8415492e+000
 -5.5086347e-001
 -2.1147633e+000
 -2.5549999e-001
  2.0973490e+000
  1.0300506e-002
  9.4664345e-002
 -2.7137931e-001
  1.7355680e-001
  7.9312982e-001
 -3.3129611e-001
 -7.1927097e-001
  1.0427873e+000
 -2.0355931e+000
  2.0623441e+000
 -2.3895076e+000
  1.4866139e+000
  1.0755669e+000
 -1.3760749e+000
  2.1201003e-001
  9.0277732e-001
 -7.5558387e-001
 -9.8062897e-001
  1.3231673e+000
 -2.5186845e+000
  2.1605580e-001
  1.6377647e+000
  1.9942833e+000
 -1.9889136e+000
 -3.4482962e-001
  5.0668266e+000
 -1.8969116e+000
 -1.4933734e+000
  1.0093065e+000
 -1.9719012e-001
 -6.4148800e-001
  2.3861070e-001
 -3.9751994e-001
 -6.4774122e-001
  3.1881992e+000
 -3.9810065e-002
 -2.3711114e+000
  5.3948488e-001
  2.6286715e-001
 -9.6055484e-001
  2.5081909e+000
 -1.8578321e+000
  3.4353495e+000
  2.0915991e+000
 -4.9593216e+000
 -2.5770785e+000
 -1.0094226e-001
  2.3254750e+000
 -2.1891967e+000
  4.2955737e+000
 -3.5748302e+000
  2.1618254e+000
  2.9438505e-001
  2.0293495e+000
 -3.9688238e+000
  2.7482416e+000
 -3.3593160e+000
 -3.0415434e-001
 -2.5131073e+000
  3.3292572e+000
 -2.1338966e+000
  1.3169743e+000
  3.6215330e+000
 -3.4020430e+000
 -1.3390184e+000
  6.7552891e+000
 -6.1589812e+000
  2.7139921e+000
 -1.7857719e+000
 -1.3235393e+000
  6.1478275e+000
 -4.6186738e+000
  6.3793143e+000
 -6.8104612e+000
  1.9707058e+000
 -1.9435403e+000
  6.2071154e+000
 -2.6879055e+000
  3.1971272e-001
  2.1766004e+000
 -7.7500946e+000
  3.9896602e+000
 -1.3789080e+000
 -4.0498348e+000
  6.6010531e+000
  3.3240392e+000
 -3.8378527e+000
  1.0699923e+001
 -1.4171853e+001
 -3.2083918e-001
 -1.7367402e+000
 -8.0991163e-003
 -3.1633836e+000
  7.6244677e-001
  2.9513546e+000
  6.9931543e-002
 -5.8749663e-001
 -3.2072133e+000
  5.7927220e+000
 -4.8891900e+000
  3.4381669e+000
 -4.1923426e+000
  3.7415336e+000
 -1.9835494e-002
  4.1491969e-001
 -8.0379188e-001
 -5.8287016e-001
 -4.2776366e-001
  1.1965139e+000
  1.7390099e+000
 -2.1750612e+000
 -4.9297884e-001
 -9.9767405e-001
  5.2416220e+000
 -5.5921382e+000
  1.7674866e+000
 -1.3121066e+000
  3.0254806e+000
 -3.6940425e+000
  1.8629528e+000
 -9.2309561e-001
 -1.8160206e+000
 -2.0380165e+000
  4.0505541e+000
 -3.1917810e+000
  7.0435262e+000
 -6.7614324e+000
  2.3508977e+000
 -3.8509139e-001
 -1.4788725e-001
 -3.8315854e-001
  8.2535554e+000
 -9.2951017e+000
  8.2744986e-001
  1.4575405e+000
 -1.0003351e+000
  8.8825698e-001
 -5.5060131e-001
 -5.8746897e-001
 -1.6811394e+000
  4.9894151e+000
 -4.7837476e+000
  6.6224819e-001
  1.2374798e+000
 -1.3021028e+000
  9.8074992e-001
 -1.2441525e+000
  1.0913805e+001
 -6.5086597e+000
 -6.7030971e-001
  1.3317873e+000
 -3.6903574e+000
  2.5391515e+000
 -1.9775567e+000
 -6.5969981e-001
  2.0711227e+000
 -2.3349345e+000
  2.1520030e+000
 -1.7665664e+000
  1.1159647e+000
  2.0043078e+000
  4.5303654e-001
 -1.3443615e+000
  5.0447376e-001
 -2.0495093e+000
  1.5264282e+000
 -1.1638616e+000
  1.7618325e+000
 -6.6476620e-002
  4.9809828e-001
 -2.2524200e+000
  1.2960465e+000
  8.6791966e-001
 -2.9912676e+000
  1.8815126e+000
 -5.2457481e-001
 -4.9361478e-001
  3.1685128e+000
 -2.7134649e+000
  2.1385078e+000
 -9.5372617e-001
 -1.5321172e+000
 -4.9473862e-001
  1.6129362e+000
 -2.7444594e+000
  3.3154866e+000
 -2.9718027e-001
 -1.8269653e+000
  3.6696711e+000
 -3.1212067e+000
  2.9803105e+000
 -2.2632723e+000
 -3.8730543e-001
  1.9168448e+000
 -1.1937871e+000
  1.7038734e+000
 -2.5117216e+000
 -2.7642102e+000
  4.4708149e-001
  3.3846979e+000
  3.2250538e-002
 -3.2750064e+000
  1.7745954e+000
  1.3786117e+000
 -2.8418456e+000
  1.0563003e+000
  2.7890515e+000
 -1.6820433e+000
 -1.0266676e+000
 -1.2364663e+000
 -3.3542196e-001
  1.5143690e+000
  8.5897118e-001
 -1.8712520e+000
  3.9824828e+000
 -1.2689751e+000
  3.9874805e+000
 -3.1607959e+000
 -1.7413842e+000
 -1.7412959e+000
  7.5001190e-001
  3.0331059e+000
 -7.4481347e-001
 -1.9575643e+000
  4.2434282e+000
 -4.1604634e+000
  8.6526124e-001
  3.4888439e+000
 -1.0413445e+000
 -5.3333513e-001
 -2.3089676e+000
 -1.2953782e+000
  1.1592287e+000
  4.9805387e-001
 -1.6702616e+000
  2.5479335e+000
  1.3201894e+000
 -3.1237989e-001
 -1.3877834e+000
 -7.4294048e-002
  1.8254435e+000
 -5.9715530e-001
 -3.4365513e+000
  3.4300463e+000
 -7.6478311e-001
 -1.2114354e+000
  1.3227084e+000
 -2.0480153e+000
  1.8387509e+000
  1.4981283e+000
 -8.2568736e-001
 -2.1589866e+000
  2.7178818e+000
 -2.0033714e-001
 -3.4695908e+000
  1.2647216e+000
  1.6960549e+000
 -1.4530391e+000
  8.8672494e-002
  1.0823356e+000
 -1.3147821e+000
  8.2085907e-003
  6.1117755e-001
  1.6042131e+000
 -3.3828466e+000
  1.9980721e+000
  1.5593588e+000
 -2.0013451e+000
 -1.0867538e+000
  3.2201718e-001
  1.6606755e+000
 -9.4924584e-001
  2.2427944e+000
 -2.0469674e+000
 -4.2376019e-006
  3.0974997e+000
 -1.1932519e+000
  6.4383959e-001
  3.3368309e-002
 -8.7993993e-002
 -1.8367213e+000
  1.1968486e+000
 -3.8554980e+000
  1.7662634e+000
 -2.2357937e+000
  2.3745127e+000
 -4.4149227e+000
  2.0865491e+000
 -7.2396914e-001
 -5.0731062e-001
  2.2056041e+000
 -2.6375157e+000
  1.0037425e+000
 -8.1951355e-001
  1.0247111e+000
  1.3076977e+000
 -1.1847895e-002
 -1.3573034e-001
 -1.6804260e+000
  3.0955254e+000
 -3.3203305e+000
  4.9754707e-001
  5.8769618e-001
  1.7216444e+000
 -2.5601506e+000
  1.6629008e+000
 -4.7450524e-001
 -4.2771010e-001
  1.4363221e-001
 -1.2387442e+000
  7.1159191e-002
  1.3399546e+000
  1.1430327e-001
  1.6710768e+000
 -1.0416546e+000
 -2.4533459e+000
 -4.2830218e-001
  7.7966186e-001
  2.6614318e+000
 -2.3573030e+000
  3.3495002e+000
 -1.8477476e+000
  5.1411950e-001
 -1.2270012e+000
 -3.1089045e-001
 -2.1548087e+000
  7.6827910e-001
 -1.0851872e-001
  8.7468680e-001
 -2.6348756e+000
  2.6183272e+000
 -1.9285428e+000
  2.3372196e+000
 -2.9897391e+000
  3.6925204e+000
 -3.1996830e+000
  2.5782061e+000
 -3.1020471e+000
  1.7301364e+000
 -5.8349396e-001
 -1.1156378e+000
  3.3444331e+000
 -4.5339851e-001
 -5.1056211e-002
 -3.9929354e-001
 -2.9209535e+000
  1.8124884e+000
 -6.1633320e-001
 -1.5042906e+000
 -5.4385622e-001
 -1.4413271e+000
 -5.5715082e-001
  8.8549504e-001
  5.2689281e-001
  2.8767067e-003
  2.9832362e-001
 -6.8005346e-001
  7.3458508e-001
  9.1640136e-002
 -8.7292015e-001
  1.8945824e+000
 -8.7746633e-001
 -7.1508058e-001
  1.0123477e+000
  5.9021091e-001
 -1.5842699e+000
  3.1741978e-001
 -7.7457919e-001
  1.1668544e+000
  1.6066065e+000
 -3.3080243e+000
  2.2183516e+000
 -1.4608313e+000
  8.8450622e-001
 -8.7555823e-001
  3.2757293e+000
 -9.4824440e-001
 -1.7025676e+000
  2.2930537e+000
  2.4754314e-001
 -2.9254175e+000
  2.6050965e+000
 -2.9945385e+000
  8.2825063e-002
  2.0565932e+000
  1.8334822e-002
 -1.6798985e+000
  6.1971900e-002
 -1.0104473e+000
  1.1994480e+000
  2.2306474e+000
 -9.5992855e-001
 -1.1265174e+000
  2.5044760e-001
  9.6422628e-001
 -1.4519285e+000
  3.3247343e-001
  1.6677911e+000
  7.6646484e-001
  1.9138231e+000
  1.1222610e+000
 -8.3172281e-001
  5.9587583e+000
 -2.8750592e+000
  2.9609522e+000
 -1.3973621e+000
 -1.5284108e+000
  1.2067191e+000
 -5.1944537e-001
 -3.1466826e+000
  8.0272295e-001
  2.6260450e+000
 -5.5244897e-001
 -2.4809903e+000
  2.3991406e+000
  1.4485135e+000
 -1.5731571e+000
  3.3139952e-002
 -2.2879574e-001
  1.7175180e+000
 -1.7815188e+000
 -1.1896336e+000
  3.5288459e-001
  1.0580858e+000
 -5.6568496e-001
 -7.5519361e-001
  3.8534174e-001
 -1.8504548e-001
 -9.4891621e-001
  6.7403928e-001
  1.4463989e+000
 -3.7886195e-001
 -1.9526068e+000
  2.2729889e+000
  4.9718382e-001
 -1.0657305e+000
  2.4943172e-001
  6.4329599e-001
 -1.8801883e+000
  2.0278080e-002
  7.2595966e-001
 -7.5366456e-001
  2.5091066e-001
  7.1096789e-001
  6.4153124e-001
  3.7608441e+000
 -4.1760291e+000
  1.8225795e+000
 -1.2588442e+000
  1.6851238e+000
 -8.6248641e-001
  7.8901305e-002
 -2.6803133e+000
  3.7024199e-001
  2.3512200e+000
 -2.4746454e+000
 -3.2331655e-002
  2.5352136e+000
 -1.5853897e+000
  2.4535314e+000
 -3.8398016e+000
  1.6337551e+000
 -2.5401204e+000
  1.3768554e+000
 -1.1249770e-001
  1.5899770e-001
  8.0439085e-001
 -6.4379933e-001
 -1.3325396e-001
  2.0386925e+000
  1.4137561e+000
 -3.0374886e+000
 -1.0749257e+000
 -3.0514722e-001
  2.3853162e+000
 -1.1549564e+000
 -1.9061234e-001
  9.3541385e-001
  3.0090724e-002
  2.3675126e+000
 -3.6175126e+000
  1.5327173e-002
  2.2893726e+000
 -2.0814846e+000
  4.4288649e-001
  2.3047785e-001
  9.3605292e-001
  6.6874033e-001
 -2.1557354e+000
  1.4700569e+000
 -1.6498612e+000
  6.5319184e-001
 -6.5319184e-001
  1.8629836e+000
 -5.2915724e-001
 -9.2118393e-001
 -8.6363309e-001
  2.8781859e+000
  1.2010292e+000
 -3.7425993e+000
 -4.5932595e-002
  1.5906803e+000
  1.5666818e+000
  8.8159721e+000
 -1.1035079e+001
  3.6302933e-003
  2.1090409e-001
 -1.6439095e+000
 -1.0375751e-001
  2.4258233e+000
  6.0550596e-001
 -1.5232162e+000
  5.4069810e-001
 -1.0934421e-001
  1.7601895e+000
 -3.0663060e-001
 -6.2407664e-001
 -1.2111528e+000
  3.2944938e+000
 -2.8069975e+000
 -8.3937273e-001
 -2.2942838e+000
  3.4041723e+000
  7.2308760e+000
 -7.9742505e+000
  2.6877699e+000
 -2.3771031e+000
  1.6472493e-001
  2.6496432e+000
 -4.0519216e+000
  2.3346078e+000
  3.3069524e+000
 -1.6611016e+000
 -4.1650836e-002
  3.8633767e-002
  2.7975810e-002
 -1.3799911e-001
 -4.5420425e-001
  1.3972850e+000
  2.5969448e+000
 -1.9932545e+000
  1.7836031e-001
 -1.3392527e+000
  3.7394245e-001
 -1.5181897e+000
  3.7476290e+000
  2.3150887e+000
 -4.4628708e+000
 -1.9756536e-002
 -1.0244279e+000
  1.8626323e+000
 -2.1557968e+000
  4.8276769e+000
 -1.9296340e+000
 -2.2903263e+000
  1.1498160e+000
  1.7131242e+000
 -3.5301747e+000
  3.3326324e+000
 -2.4954938e+000
  2.0800780e+000
 -2.7529435e+000
 -4.9330360e-001
  7.6214286e-001
  1.2457028e+000
 -1.7970838e+000
  7.8261249e-001
  4.2647850e-001
  1.3343445e+000
 -1.5243738e+000
 -1.7960401e+000
  2.3424162e+000
  3.2502623e+000
 -3.7119830e+000
 -2.3072938e+000
  5.0466621e+000
 -3.7738077e+000
  1.2886764e+000
 -5.3018729e-001
  5.5602914e-001
 -2.1103331e+000
  1.9992741e-001
  1.6800562e+000
 -1.2582752e+000
  1.0716899e+000
  2.1309195e+000
 -1.0012069e+000
 -2.2950390e+000
  3.0934214e+000
 -7.6265293e-001
 -8.9807444e-001
 -1.0133213e+000
  2.3687436e+000
  2.7061545e+000
 -1.6235914e+000
 -4.8614107e-001
 -2.6119211e+000
 -7.7493103e-001
  2.3636930e+000
  2.6753382e+000
 -4.8099696e+000
 -1.2714316e-001
  1.1749566e+000
 -6.4919660e-001
  4.0090284e+000
 -2.9994412e+000
  1.8950908e+000
  1.7541808e+000
 -2.1790131e+000
  4.3700575e-001
 -3.6749500e-002
 -1.8969178e+000
  3.1250459e+000
 -1.4177676e+000
 -1.1340023e+000
  3.9252435e+000
 -4.5060992e+000
  5.3189090e+000
 -2.3030218e+000
 -3.1388465e+000
 -8.9828295e-002
  9.3138709e-001
  1.1639809e+000
  7.8966876e-001
  8.3976246e-001
  7.6208175e-003
 -2.7045353e+000
  1.8252501e+000
  1.9065306e+000
 -8.0621929e-001
  2.9142875e+000
 -4.6131163e+000
 -5.3135236e-002
  4.5469841e-001
 -1.2469576e-001
 -1.5449615e+000
  3.4089031e+000
  1.5183226e-001
 -2.9430397e+000
  1.9247219e+000
  6.3492232e-002
 -5.4215134e-001
 -1.6900993e+000
  1.0990498e-001
  1.7429375e+000
  4.0071999e+000
 -1.7861982e+000
  2.8875164e+000
 -5.2836702e+000
  1.1954405e+000
  6.7956626e-001
 -2.0007325e+000
  1.1516251e+000
 -3.3940166e+000
  8.1739291e+000
 -9.4100483e+000
  7.9382846e+000
 -4.7157454e+000
  1.3796143e+000
  7.2834424e-001
  3.2252074e+000
  8.7769429e+000
 -1.3295189e+000
 -1.5962641e+000
  2.9839557e-001
 -4.7032508e+000
 -9.1394972e-001
  3.2988051e+000
 -1.2539524e+000
 -1.4317813e+000
  1.3710186e+000
 -8.5569232e-001
  2.8644783e+000
  1.2428277e+000
 -3.6245810e+000
  9.1030670e-001
 -5.9197626e-001
  1.6147597e+000
  4.7555381e-002
  1.2006063e-001
 -1.3705098e+000
  1.3862427e+000
 -1.2108173e+000
  9.7251520e-001
 -3.1822704e+000
  2.2660389e+000
 -9.8281446e-001
 -4.2795806e-001
  7.2612778e-001
 -9.9788733e-001
  5.3705749e+000
 -2.4900523e+000
  4.9359323e-001
  9.8303484e-001
 -3.5738263e+000
  1.8592567e+000
 -1.6811395e+000
  1.0056343e+000
  1.1752206e+000
 -8.0802744e-001
  2.1056595e+000
 -3.3146775e+000
  2.5589967e+000
  8.4103563e-001
  1.4035388e-001
 -1.5698458e+000
  6.2108590e-001
 -2.8875073e+000
  1.0683375e+000
  1.5309885e+000
 -4.2254292e+000
  2.8500138e+000
 -1.1658212e-001
 -1.8884851e+000
  1.2905988e+000
 -7.9735113e-001
  2.1087469e+000
 -6.6730980e-001
 -5.5240070e-001
  1.2624958e+000
 -1.5643723e+000
  7.9142711e-001
 -2.9778869e+000
  1.1746184e+000
  1.7779938e+000
  1.4669844e+000
  1.1213673e+000
 -4.9795236e+000
  6.1120085e+000
 -4.1641525e+000
  3.0353340e+000
 -1.7210377e+000
 -1.5970021e+000
  6.5465884e+000
 -2.3177602e+000
 -2.7092050e+000
  2.0357562e+000
 -5.7909254e-002
  2.0229394e+000
 -5.2753092e+000
  4.2026376e+000
  5.7713145e+000
 -8.7035802e+000
  4.8528123e+000
 -2.5759756e+000
  1.8064450e+000
 -3.9767504e+000
  1.9755375e+000
 -1.1236250e+000
  4.2806151e-001
 -1.7534486e+000
  4.9627665e+000
 -1.8099577e+000
  5.3126002e-001
 -2.8765356e+000
  1.5817342e+000
 -9.5755849e-001
 -4.4921477e-001
  1.8457957e+000
 -2.0221528e-002
 -6.4155049e-001
 -1.5157428e+000
  9.0636569e-001
 -2.5174266e-001
  5.7644581e-001
 -1.1805155e+000
  6.7416761e-001
  7.6593007e-001
 -3.4029886e+000
 -1.9939105e+000
 -1.7691621e+000
  2.1261998e+000
 -5.1808701e-001
  7.5569764e-001
 -3.0281707e+000
  1.3671952e-001
  4.2599998e-001
  1.1348644e+000
 -4.9601480e-002
  1.9236269e+000
 -6.6490940e-001
 -4.4332459e-001
  9.7536481e-001
 -1.6950018e+000
  2.0416873e+000
 -1.0982379e+000
  2.2503284e+000
 -1.8342899e+000
  9.0441734e-002
 -1.8407143e+000
  2.1466965e+000
 -1.8503028e+000
  5.1425167e+000
 -2.7359605e+000
 -2.3941630e+000
  3.0223224e+000
 -3.3523978e+000
  7.9343453e-001
 -6.0017095e-001
  4.5580328e+000
 -3.4624295e+000
  2.2556255e+000
 -4.1551520e-002
 -5.3232952e-001
 -3.6555960e-001
 -3.5360798e+000
 -1.3183063e-001
  1.3462173e-001
 -2.6544424e+000
  3.3276279e+000
 -2.7746095e+000
  6.8258504e-001
 -1.2768973e-002
 -1.3972907e+000
  8.6364579e-001
  1.4791181e-001
 -1.8194618e-001
  1.2064551e+000
 -2.3234263e+000
  2.9289925e+000
  9.8499082e-001
 -3.1668221e+000
  2.5902478e+000
  8.2521546e-001
  9.7308139e+000
 -4.0427135e+000
 -4.3486245e-001
 -3.8885044e+000
  4.0692072e+000
  1.2807372e+000
 -3.9195930e+000
 -5.3776262e-001
  3.6179297e+000
 -1.4799125e+000
 -2.6778715e+000
  2.9704939e+000
 -2.7825735e+000
  4.3941448e-001
  1.6796975e+000
  1.8155788e+000
 -4.3964035e+000
  1.3769800e+000
 -1.0044775e+000
 -5.5597977e-001
  2.5334805e+000
  1.9620195e+000
 -4.4954980e+000
  9.7687227e-001
  4.2319798e+000
 -2.2637928e+000
 -2.9552597e+000
  3.5702560e+000
 -1.8571986e+000
 -1.0584074e-001
 -1.2367170e+000
  2.6809776e-001
  3.6522738e+000
 -2.9838210e+000
  3.7367374e+000
 -3.2983775e+000
  1.5071871e+000
 -1.5009311e+000
  2.5059279e+000
  1.9344094e+000
 -3.6210102e+000
  7.2879269e-001
 -8.8796013e-001
  4.5350703e-001
 -7.3755734e-001
  1.9931482e+000
  1.1863265e+000
 -3.4262174e+000
  1.9238953e+000
 -3.3974494e-001
  2.1403241e-001
  2.9645783e+000
 -3.2846076e+000
 -1.8093692e+000
  3.1617478e+000
  6.9656769e-001
 -1.1196606e+000
  1.7361425e-001
 -1.0856724e-001
  1.0217571e+000
  1.0752244e+000
  4.4718785e-001
 -1.7150652e+000
 -8.2144617e-001
  8.0550094e-001
 -5.9351956e-001
 -1.3929823e+000
  1.4834356e+000
  4.7302005e-001
 -3.0064238e+000
  6.9236010e-001
  2.3263585e+000
  2.9368939e-001
  9.1665825e-002
  2.8288894e+000
 -1.1503558e+000
 -1.5124965e+000
  3.6598743e+000
 -2.8393623e+000
  1.4391773e+000
  1.4527501e+000
  3.5798138e+000
 -4.8737358e+000
  2.2764178e+000
 -2.8852735e+000
  1.3317658e+000
 -1.1663922e+000
 -8.1990962e-002
  1.2905676e+000
 -1.8869738e+000
 -3.1982486e-001
 -3.9075824e-002
  1.3600340e+000
 -3.8918807e-001
  1.7371840e+000
 -2.9013494e+000
  1.1303593e+000
  1.5411412e+000
 -8.8619336e-001
  1.8879172e+000
 -5.5277062e-001
 -1.4412117e+000
 -1.8597102e-001
 -1.5183119e+000
  3.8586159e+000
 -3.1158716e+000
  3.3889042e-001
  1.1638141e+000
 -2.5337290e+000
  2.0856429e+000
  6.3288238e-001
 -5.8092838e-001
  3.0130745e+000
 -2.1342436e+000
 -2.6048432e+000
  2.5681723e+000
 -2.6902664e+000
 -1.4528379e+000
  1.9183607e+000
  3.8093877e-001
 -2.4451948e+000
  1.6179096e+000
 -1.5443137e-001
  2.0567742e-001
 -3.9712951e-001
  1.4797662e+000
 -1.1518991e+000
 -7.2994442e-001
  4.7210809e-001
 -2.1567135e+000
  2.1128805e+000
  9.8273011e+000
 -7.7436034e+000
  3.3698616e+000
 -3.6857923e+000
  1.2549464e+000
 -4.7461535e-001
  3.1505779e+000
 -3.1505799e+000
 -1.4365185e+000
  2.8739083e+000
  3.2407042e+000
 -4.1507071e+000
  6.6247487e+000
 -3.4928310e+000
 -1.2452457e+000
 -1.3586419e+000
 -4.4385958e-001
  1.2487720e+000
 -9.7633382e-001
 -2.6573257e-001
 -7.7125649e-002
  1.7868424e+000
 -4.9790314e-001
  1.4293882e+000
 -2.6762700e+000
  2.5713680e+000
  5.4634062e-001
 -1.0008724e+000
 -1.8163699e+000
 -1.4005511e+000
  3.7272601e+000
  6.2025973e-001
 -3.0185758e+000
 -1.5626804e+000
  8.0554136e+001
 -8.0196365e+001
