  7.6796570e+000
 -4.1443918e+000
  5.6578345e-001
 -4.1092670e-001
  1.9518192e+000
  7.0412062e-001
 -2.5830049e+000
  1.2021219e+000
 -3.7714858e+000
  2.7483118e+000
 -1.1098860e+000
  1.4838358e-001
 -2.0353558e+000
  1.5418204e+000
  1.4072974e+000
 -9.6568388e-002
 -1.7769403e-001
  2.9112537e+000
 -5.4917863e+000
  2.6203262e+000
  3.1736467e-001
 -5.3716115e-001
  3.1487807e+000
 -2.3449517e+000
  2.9687048e-001
  2.0616109e+000
 -3.4904415e-001
  6.2985200e-002
 -1.2310531e+000
 -4.3695860e+000
  2.5380910e+000
  2.6599244e+000
 -8.8971790e-001
 -2.4553879e+000
  3.7115462e+000
  6.4268984e-002
 -5.6973810e-001
  5.1953299e-001
 -1.4323237e+000
  4.5782317e-001
  2.9823936e+000
 -4.0527550e-001
  4.0049686e+000
 -5.6244143e+000
  6.1260919e-001
 -1.5683847e+000
 -3.5635154e-001
  3.3223766e+000
  1.2288856e+000
  3.2882844e+000
  1.6884694e+000
 -2.0998750e+000
  9.9114942e-001
  1.9054498e+000
  2.6760772e+000
 -5.1401929e+000
  2.2534705e+000
 -1.5041342e+000
  1.0912164e+000
  2.0202439e+000
  3.4271778e+000
 -2.2501572e+000
 -1.9396039e+000
  3.4754887e+000
 -1.6732149e-001
 -4.0609503e-001
  1.8512990e-001
 -9.7339253e-001
 -8.3677267e-001
  2.3782293e+000
  8.4267483e-001
 -9.5074333e-001
  3.4355319e+000
 -3.7348017e+000
 -7.2208811e-001
 -1.0391479e-001
  3.5922374e-001
  7.9576086e-001
 -1.0173578e+000
  8.8532700e+000
 -6.3010449e-001
  3.0201286e+000
 -3.6038531e+000
  5.0084702e+000
 -6.9347919e+000
  2.4766820e+000
  4.5380235e+000
 -5.2594843e+000
  4.8532035e+000
 -1.3498708e+000
 -3.7077796e+000
  2.5570251e+000
  3.3618012e-002
 -3.5942783e+000
 -3.2145496e-001
  3.4071659e+000
  9.2228201e-002
 -2.0336706e+000
  4.1860367e+000
 -5.0757304e+000
  5.3396506e+000
 -1.1741854e+000
 -1.3905463e-001
  9.9547976e-001
 -6.4586659e-002
  6.4925784e+000
 -5.3015894e+000
  7.5074708e-001
 -6.6559105e-001
  6.1670628e+000
 -5.5666201e+000
  6.9358532e+000
 -5.2376266e+000
  1.8376171e-001
 -2.1111375e+000
  6.3264048e+000
  2.0046075e+000
  1.5378977e+000
 -2.1742983e+000
  2.8786269e+000
 -1.8746316e+000
  3.2110848e+000
 -2.2104107e+000
 -1.3456706e+000
  3.7804952e+000
 -3.3665844e+000
  3.8459889e+000
 -2.9302336e+000
  1.8056546e-001
  6.1068160e+000
 -4.8789723e+000
  1.6289384e+000
 -1.7214681e+000
  1.5167523e+000
  7.5827296e-001
 -9.4246158e-001
  2.4630330e+000
 -8.2809375e-001
  1.3832434e+000
 -1.1399030e+000
 -4.5684631e-001
  1.7622126e+000
 -8.3973800e-001
  3.6031853e+000
  8.5852952e-002
 -2.2361772e+000
 -2.1359974e+000
  2.4009200e+000
 -9.0532260e-001
  1.0828033e+000
 -2.3662908e+000
  5.9910088e-001
  3.9210734e+000
 -3.0844077e+000
  1.6148540e+000
 -1.6450802e+000
  1.2361081e+000
  4.1282329e+000
 -1.5261138e+000
 -9.6220281e-001
 -1.1403711e+000
 -2.1511491e+000
  4.2120331e-001
  3.3381547e+000
 -1.2855510e+000
 -7.9254855e-001
  4.6659204e-001
 -1.8690454e+000
  6.0476735e+000
 -3.6819377e+000
 -3.1362235e-001
  3.5039097e-001
 -2.6456473e+000
  7.2353002e+000
 -4.0477181e+000
 -3.5312040e-001
 -1.0401787e-001
  4.8682479e-001
 -3.1889903e+000
 -2.8952864e-001
  4.9605422e-001
  8.6220122e-001
 -9.6171662e-001
  2.3948096e+000
 -2.0052402e+000
  1.0791784e+000
 -2.7941391e+000
  6.7169883e+000
 -5.6755637e+000
  7.2809352e-001
  5.8341029e-001
 -2.1856652e-001
  6.0170569e-001
  1.6486024e-001
  4.7966215e-001
 -3.3923576e+000
  2.9066511e+000
  2.9437026e-001
 -2.9750664e+000
  4.5973684e+000
 -1.7625437e+000
  2.9694904e+000
 -3.0856252e+000
 -1.2123539e-001
  1.0805770e+000
 -2.4970051e+000
  2.4953140e+000
 -1.1454141e+000
  8.8752924e-001
 -1.5701146e+000
  6.5666762e-001
  6.4246529e-001
 -1.5180488e+000
  2.5095589e+000
  1.0629819e+000
 -1.3204053e+000
 -4.6092283e-002
  2.2415884e-001
  6.1510982e-001
  5.3420991e-001
 -2.9587715e+000
  2.5850052e+000
  1.3753191e+000
 -3.1235802e+000
  4.1255764e-001
 -2.2303840e-001
 -1.5017071e+000
  2.5226872e+000
 -1.8309770e+000
  2.2578745e+000
  5.7924053e+000
 -3.1559063e+000
 -2.3490118e-001
  5.9158931e+000
 -9.8352843e+000
 -7.0886855e-001
  2.2949998e+000
  1.2679348e+000
  7.5252529e+000
 -7.1671198e+000
 -1.3547220e+000
  1.0950134e+000
 -1.5933205e+000
 -1.3636064e+000
  2.7344140e-001
  2.1540203e+000
 -6.3508046e-001
 -7.3957408e-001
  1.1686111e+000
  1.7360546e+000
 -2.4077965e+000
  1.7101463e+000
 -3.0238242e+000
  4.9207908e+000
 -2.3130893e+000
  4.1545239e-001
 -2.1331465e+000
  1.6245059e+000
  2.9828783e-001
 -4.9590927e-001
  2.1583220e+000
 -1.7100560e+000
 -1.4668249e+000
  4.2140857e-001
  1.4028833e+000
 -3.0650395e-001
 -8.7573012e-001
  1.7427451e+000
 -1.8698772e+000
 -6.8789741e-001
  8.0455241e-001
 -1.4982821e-001
 -1.1775036e+000
  3.0126545e+000
  2.8578921e-001
 -2.3323160e+000
  2.7368137e-001
  3.9396980e-002
  5.2807883e-001
  2.1463677e+000
 -3.1594468e+000
  2.3158946e+000
  1.3987406e+000
 -3.1142972e+000
  3.1389459e+000
  6.7175160e-001
 -2.6105548e+000
  3.2601867e+000
 -4.8130434e+000
  2.0454660e+000
  5.0243231e-001
 -2.4193074e+000
 -2.7024587e+000
  2.8547354e+000
  6.2273483e-001
 -1.1216816e+000
  1.9759961e-001
 -1.3130206e-001
 -1.8375254e-001
 -1.7592218e+000
  2.9672785e+000
 -3.2221589e-001
  1.7389029e+000
  8.2881086e-001
 -1.3718797e+000
  1.7551268e+000
 -1.1733154e+000
 -1.3817515e+000
 -8.6091223e-002
  2.0606282e+000
  8.2856757e-001
  7.5894552e-001
 -3.0010526e+000
  2.6362551e+000
 -1.5236275e+000
 -1.2652678e+000
  2.8749572e+000
 -1.0666123e+000
 -1.9499758e+000
 -4.9573055e-001
 -5.6722207e-002
  6.0554863e-001
 -2.3852310e+000
  1.9353795e+000
 -1.7567732e+000
  9.3952909e-001
 -6.5063760e-001
 -1.2355029e+000
  4.7529676e-001
  1.0817491e-001
  1.1367516e+000
  1.8585737e+000
 -2.6432981e+000
  4.4313607e+000
 -1.2655682e+000
 -4.0968263e-002
 -2.2487504e+000
 -1.1976036e-001
  1.7133539e+000
 -4.3083917e-001
  2.2872413e+000
 -2.8495174e+000
  2.9267521e+000
 -1.8810391e+000
  2.0442366e+000
  9.6283404e-002
 -7.0071786e-001
  6.0516604e-001
 -1.2905809e+000
  9.4395308e-001
 -1.6807295e+000
  6.5061721e-001
  1.0094257e+000
 -6.5000284e-001
  1.4398603e+000
 -3.0132383e+000
 -1.1117086e+000
 -2.2416753e+000
  1.2249785e+000
  1.7974416e+000
  1.3020342e+000
 -2.3156160e+000
  5.4789907e-001
 -1.3586429e+000
 -4.7220367e-002
 -1.3794769e+000
  6.4461768e+000
  7.4198103e+000
 -4.8251059e+000
  3.1093387e+000
 -3.2150673e+000
 -2.8704434e-001
  4.1894571e-001
 -3.6712525e-001
  2.0473411e+000
 -4.3243679e-001
  7.0348768e-001
 -2.9835902e+000
  3.5299307e-002
  7.6849071e-001
 -1.9915139e-001
  3.4268534e+000
 -1.4180227e+000
 -2.2966348e+000
  9.7245928e-001
 -1.9488706e+000
  2.2347245e+000
  6.2356527e-001
 -6.7901640e-001
  2.3510827e+000
 -3.0240749e+000
 -6.1905611e-001
  2.6722389e+000
 -4.6453151e-001
 -6.7031341e-001
  9.6006757e-001
 -1.8045215e+000
  2.6633505e+000
 -1.8938198e+000
 -9.7083560e-001
  4.0967498e+000
 -1.0502431e+000
 -1.1505735e+000
 -1.5917218e+000
  2.3482981e+000
 -3.4023397e+000
  4.0522475e+000
 -1.7895717e+000
  7.2403943e-001
  8.3057043e-001
 -1.0507366e+000
 -4.5522355e-001
 -5.9266263e-001
  5.2169610e-001
  6.3990969e-001
 -1.6497395e-001
 -4.2142220e-001
  4.1270293e+000
 -2.4080702e+000
  1.7345728e+000
 -9.6034659e-001
 -2.7800955e+000
  1.4697914e-001
  1.5461103e+000
 -3.5797808e+000
  3.3714639e+000
  7.7119485e+000
 -5.3412934e+000
 -2.1380043e+000
  1.8739556e+000
 -6.5629932e-001
 -6.8752447e-001
 -1.9633008e+000
 -6.7148168e-001
  4.7731426e-001
  3.9562509e+000
 -2.0492683e+000
 -1.1927979e-001
  1.7782154e+000
 -5.5115202e-001
 -8.9867726e-002
 -2.9638269e+000
  7.6460744e-001
 -2.8009539e-001
  3.0464751e+000
 -8.3472070e-001
 -1.4848327e+000
  5.1906335e-001
  2.6771900e+000
 -1.0606444e+000
 -1.9876035e+000
  2.6849892e-001
  1.4910292e+000
 -2.3103436e-001
  2.0761022e+000
 -3.3763605e+000
 -1.1015067e+000
  2.4986352e+000
 -2.8612015e+000
  2.9508683e+000
 -1.3744960e+000
 -1.1383268e+000
  3.4623200e+000
  2.9714568e+000
 -1.6872292e-001
 -5.5743746e-001
  4.0045720e+000
 -1.5903896e-002
 -2.7916724e+000
  1.6551109e+000
 -3.5183050e+000
  4.2499694e+000
 -4.6960647e+000
  4.5675822e+000
  3.5553043e+000
 -7.7292372e+000
  3.5210048e+000
 -1.3440926e+000
  3.7192291e-001
 -3.6770622e+000
  4.2410837e+000
 -1.5610401e-001
 -3.4318371e+000
 -1.1289113e+000
  1.4840062e+000
  7.6522784e-001
  1.2987819e+000
 -1.4759698e+000
 -5.3715446e-001
 -9.1048720e-001
  2.9541239e+000
 -2.4115933e+000
  2.8550890e-002
  1.3350156e+000
  8.2471667e-001
 -1.4903805e-001
 -9.0735880e-001
 -6.1812792e-001
  2.0256378e+000
 -3.8000640e-001
 -9.4112315e-001
 -4.8780988e-001
  2.2498085e-001
 -2.4255805e+000
  1.0711866e+000
  4.1693733e-001
  1.2137055e+000
  2.8094363e+000
 -1.4718219e+000
  3.8682319e+000
 -4.5865705e+000
  1.6008544e+000
  4.8119763e-001
 -1.2844748e+000
  7.8279100e-001
 -3.3177527e-001
  8.8383556e+000
 -3.7187851e+000
 -8.2015194e-001
 -3.2184000e+000
  6.3079866e+000
 -6.4697668e+000
  3.9656778e+000
 -1.1566729e+000
 -1.9968287e+000
  2.9485115e+000
  7.9980038e-001
 -1.3466271e+000
 -1.9090256e+000
  1.9073908e+000
 -2.7829490e+000
  8.4732349e-001
  1.7912011e+000
 -3.3802448e-001
  3.3352113e-001
  3.5704039e+000
 -3.6784608e+000
 -1.6904463e+000
  3.7614205e-001
  8.6363989e-001
  1.4763808e-001
 -5.7604103e-001
  6.0205906e-001
  2.0080382e+000
  1.8190044e+000
 -4.7718746e+000
 -1.1123527e+000
  6.9679132e-001
  9.8925025e-002
  1.6379333e+000
 -1.1499339e+000
 -7.2209428e-001
  2.4831730e+000
 -1.1653702e+000
 -1.2582206e-001
  2.6814998e+000
 -3.7355223e+000
  1.0874305e+000
  5.5569336e-001
 -8.0439178e-002
 -3.6067942e-001
 -7.4798961e-001
 -6.9983547e-001
  9.3596486e-001
  6.1937556e-001
  4.3098045e-001
 -1.5341016e+000
  1.3495376e+000
  3.6215587e+000
 -4.5289312e+000
 -4.7055163e-001
  2.4334433e+000
 -3.6694198e-001
 -1.7350863e+000
  1.1485273e+000
  3.0225721e-001
 -1.9147741e+000
  2.0870099e+000
 -2.6566937e-001
 -2.0090860e+000
  1.6736200e+000
  3.7053495e+000
 -1.9698471e+000
 -1.0356487e+000
 -6.4873280e-001
  9.7881435e-001
  2.4794061e-001
  7.9336545e-001
  2.3414356e-002
 -7.8804507e-001
 -2.1304755e+000
  1.8157864e+000
  4.7376718e-001
 -1.0915651e+000
  3.0413023e-001
  1.9060999e+000
 -2.8281296e+000
 -3.1109895e+000
  4.1911319e+000
  2.2622007e+000
 -3.4978878e+000
  1.1322885e+000
  9.5753387e-001
  2.0342107e+000
 -1.0673522e+000
 -8.3071428e-001
  8.4621404e-001
  3.2095066e+000
 -2.8655992e+000
  8.2557607e-001
  8.4355055e-001
 -1.9181301e+000
  6.1873124e-003
  2.8917067e-001
  6.9444646e-001
 -6.4924627e-001
 -1.8827160e-001
 -4.5632182e-001
 -5.8168951e-001
  1.0576127e+000
  1.0793223e+000
 -2.7019409e+000
  5.0961019e-001
  5.6528938e-001
 -1.3319726e+000
  2.4831586e+000
  6.4262580e-001
  2.1987397e+000
 -1.7605675e+000
 -2.1017570e+000
 -1.0897622e+000
 -3.3676924e-001
  3.2770874e+000
 -2.5075139e+000
 -3.8150130e-001
  3.8021553e+000
 -1.1203589e+000
  7.8825862e-001
  1.7751782e+000
 -7.1057477e-001
 -1.6588016e+000
  6.0001133e-001
  2.1590958e+000
 -6.2238226e-001
 -8.5505224e-001
  1.0136686e+000
 -1.2575353e-001
  2.2736440e+000
 -3.4671263e+000
 -2.5893681e-001
  1.5138223e+000
 -5.1475748e-001
  3.5148036e-001
  3.1608888e+000
 -5.2360887e+000
  8.8075233e+000
 -6.9275243e+000
  1.2040096e-001
 -1.0301948e+000
  2.4967404e+000
  1.8199628e+000
 -3.8948595e+000
  1.6224156e+000
  6.8915451e-001
 -2.5853605e+000
  2.4174242e-001
  3.5545079e+000
 -2.0082056e+000
  7.3855595e-001
 -1.0378691e-001
 -2.0289776e-001
 -1.4606536e-002
  5.7525583e-001
  3.4924343e-001
  2.9665851e-001
  1.3019794e+000
 -8.7303449e-001
  2.0396373e+000
 -1.5688611e+000
 -6.2944562e-001
  2.6105809e+000
 -8.3722266e-001
 -1.1288667e+000
  5.8517532e+000
 -7.8095534e+000
  3.4780612e+000
 -1.2627384e+000
  5.8519011e-001
 -1.3921099e+000
  1.0712469e+000
  2.3929542e+000
 -2.8469977e+000
 -3.5124812e+000
  5.1885165e+000
 -2.7715105e+000
  1.5137954e+000
  1.9737594e+000
 -4.5765577e+000
  5.5550547e-001
  6.1155463e-001
 -9.2451105e-001
  2.9433194e+000
 -2.0032185e+000
  1.1012582e+000
  3.0932359e-001
  6.2188727e-001
  1.0781753e+000
 -1.3123574e+000
  1.9063478e+000
 -1.7993443e+000
 -2.2061137e+000
  2.9902814e+000
  1.2485835e-002
 -1.1385552e+000
  4.4752563e+000
 -4.7701863e+000
  2.1854347e+000
 -3.5726921e+000
 -1.5747060e+000
 -1.6851994e-001
 -1.5756211e+000
 -7.2876857e-001
  1.0647257e+000
 -2.9387255e+000
  1.1627856e+000
 -5.5110711e-001
  1.4794094e+000
  4.1263398e-001
  6.9994707e-001
 -3.4170797e-001
  1.5981909e+000
 -2.2050912e+000
 -1.4685384e+000
  5.0637553e-001
  2.0666264e+000
 -4.8143879e-001
  2.9218728e+000
 -1.8862341e+000
  1.1661192e-001
 -5.1854713e-001
  3.3929662e-001
 -3.9557638e-001
 -7.7486888e-001
 -1.5408641e-001
  2.4372187e+000
  2.3436696e+000
 -7.6063476e+000
 -5.8420757e-001
  1.6902923e+000
  1.5303877e+000
 -2.6273489e+000
  1.6600063e+000
  1.2327082e+000
 -5.9100266e-001
 -7.5031305e-001
  1.8752066e+000
 -2.0130978e+000
  2.6490516e+000
  2.6889414e+000
 -3.8197427e+000
  8.7891604e-001
 -6.1988141e-001
  4.8706594e-001
  9.2344813e-001
  4.9268956e-001
 -6.8679270e-001
 -2.9334643e+000
  3.1069562e-001
 -3.3502955e-001
  4.4106011e+000
 -4.1483340e+000
  4.0271380e+000
 -1.3585011e+000
  1.1013230e+000
  1.8806120e+000
  2.9921554e+000
 -4.7364684e+000
  3.8943230e+000
 -1.7103828e+000
  8.3194558e+000
 -5.1054716e+000
  4.3722023e-001
  5.0033794e+000
 -4.9700209e+000
  1.3585407e+000
 -3.3593881e+000
  5.5702019e+000
 -4.2362873e+000
  8.8236897e-001
  2.5404925e-001
 -2.7192427e-001
  8.2100305e-003
 -2.4832806e-001
  2.8231420e-001
  3.2680228e+000
 -3.8905704e+000
  1.3423615e+000
 -4.7806306e-001
  1.0869670e+000
  6.6718924e-001
 -2.3846935e+000
 -1.9091290e+000
  5.6784490e+000
 -4.0305782e+000
 -3.1371298e-001
  5.2638652e+000
 -4.0295598e+000
  3.0528413e+000
 -3.3095664e+000
  5.7766097e-003
  6.6838351e-002
 -1.6471795e-001
 -1.8465594e+000
  1.6315200e+000
 -1.7332633e+000
  3.2770522e+000
 -2.9959105e+000
  3.3878561e-001
  5.0283143e-001
 -9.9777899e-001
  5.7850497e+000
 -4.6319074e+000
  1.3364571e+000
 -8.6673925e-001
 -6.5617175e-001
  1.5074679e+000
 -1.3705191e+000
  1.1553612e+000
  2.6132486e+000
  1.3966995e+000
 -4.3265436e+000
 -1.7058138e+000
 -7.3865858e-002
  6.1640185e+000
 -2.4353333e+000
 -2.3308230e+000
 -1.3403634e+000
  6.5509555e+000
  1.0308868e+001
 -2.9361003e+000
 -3.1103268e+000
 -1.4968846e+000
 -1.4300037e+000
  3.7383507e+000
 -1.7926525e+000
 -8.8932402e-002
  2.3043179e+000
 -2.2480987e+000
 -1.0474910e-001
  7.6428041e-001
 -1.8802134e+000
 -6.4800010e-001
  3.7730867e+000
 -2.4790489e+000
  4.5506611e+000
 -3.5327801e+000
  2.3916057e+000
 -6.7204670e-001
  2.3740701e+000
 -3.5142808e+000
  5.9272770e-001
  1.2177572e+000
  1.3001486e-001
 -2.3178977e-001
 -1.1573344e+000
 -4.9690097e-001
  1.5413741e-001
 -1.7434960e+000
  3.0719437e+000
  7.0176035e-001
 -1.9620313e-002
  5.0290505e-001
  1.8558847e-001
 -1.2297900e+000
  5.8616368e+000
 -1.8937182e+000
 -6.8064156e-001
 -1.4722323e+000
  4.3180604e-001
 -2.4304743e+000
  8.6047755e-001
  2.8918663e+000
 -6.9976479e-001
  8.2647993e-001
 -1.8502321e+000
 -1.0608626e+000
  1.6584190e+000
  6.0254262e+000
 -7.6624712e+000
  1.2749010e+000
 -5.2061307e-001
 -1.0147292e+000
  3.8341465e-001
  2.9588458e-001
 -3.3904810e-001
 -1.4362537e+000
 -4.0638163e-001
  5.1036296e+000
 -3.0221283e+000
 -1.3833031e+000
  2.7068034e+000
  7.8621486e+000
 -4.4300506e+000
  2.3242029e+000
 -4.2160083e+000
  1.5950712e+000
 -8.7481190e-001
 -7.0054991e-001
  3.4307446e-001
  3.0840770e+000
 -1.7394626e+000
  2.0867907e-001
 -7.7836699e-001
  1.5533689e+000
 -2.6631873e+000
  1.1811250e-001
  2.1909092e-001
 -5.1452683e-001
  1.4291387e+000
 -5.5703665e-001
 -8.1928749e-001
  9.7816919e-002
  6.5363719e-001
 -1.5883294e-001
  4.6984641e+000
 -1.5369919e+000
 -2.2116346e+000
 -1.0855295e-001
  1.5136016e+000
  1.3651152e+000
 -2.0505938e+000
 -7.6663659e-001
