  7.6532813e+000
 -8.7660859e-001
 -5.7247707e+000
  3.9890914e+000
 -2.9643882e-001
 -1.7584207e+000
 -4.0797442e-001
  1.2411577e+000
 -2.2210034e+000
  3.3737770e+000
 -3.6007402e+000
  5.6260718e-001
 -4.9145567e-001
  2.1212638e-001
  7.4191091e-001
  2.0228858e+000
 -3.2294262e+000
  9.0000100e-001
  1.2647727e+000
  8.8945432e-002
  2.1464518e+000
 -7.1062142e-001
 -6.2706528e-001
 -2.6544193e-001
 -8.9310002e-001
 -1.8437409e+000
  3.2004788e+000
 -1.0192253e+000
  2.3393545e-002
 -9.1105234e-001
  1.1404023e+000
 -1.0193865e+000
  9.3266156e-001
  6.2556063e-001
  2.4691830e-001
 -9.0734030e-001
  6.2778049e-001
  3.8290026e+000
 -4.5793912e+000
 -2.2089130e+000
  9.6208564e-001
  3.1828031e+000
 -8.0912791e-001
  6.0720861e-001
 -2.0148071e+000
  2.3920569e+000
 -1.2521775e+000
 -1.8638706e+000
 -1.2185452e+000
  1.5300838e+000
  2.1031136e+000
 -3.9099104e+000
  2.2803845e+000
 -4.4838206e-001
  6.5910084e-001
 -1.3646104e+000
  5.6671771e+000
 -4.0705307e+000
 -8.5081589e-001
  1.7466378e+000
 -1.9543098e+000
 -1.2692140e+000
  7.1809190e-001
  1.1604487e+000
 -7.4234039e-001
  1.0638933e+000
 -1.1523182e+000
 -6.3012684e-001
  2.8320554e-001
  6.9099247e-001
 -9.3895675e-001
  9.0129069e-001
  7.5591679e-001
  4.9396167e+000
 -1.6168395e+000
  1.4032613e-001
 -4.2307677e-002
  1.7718331e+000
  1.2088769e+000
 -4.3995144e+000
 -4.2448882e-001
  3.3975272e+000
 -2.3747233e+000
  4.5518514e-001
 -4.5518514e-001
 -1.6481086e-001
 -7.9260237e-002
  3.1221184e+000
 -1.0292617e+000
 -1.2086815e+000
  1.8572687e+000
 -2.5840241e+000
  2.6032054e+000
 -1.5913689e+000
  9.4000300e-001
  2.0212684e-001
  3.7805284e+000
 -5.8114467e+000
  2.0464522e+000
 -7.5805319e-001
  7.0616983e-002
 -7.1236345e-002
 -1.5448960e-001
 -1.6485894e-001
  8.2078116e-001
 -9.7039533e-001
  3.6101256e-001
 -1.5947202e-001
  1.2039102e+000
 -2.7567637e+000
 -2.8040589e-001
 -9.8587804e-001
  1.1822982e+000
 -1.0414129e+000
  7.1505103e-002
  7.0412620e-001
  1.8316913e-001
  3.7493007e-001
 -7.0318296e-001
  1.3567325e-001
  1.5765537e+000
  3.1093090e+000
 -3.9796008e+000
 -1.0850088e+000
  1.9892294e+000
 -3.1753061e+000
  4.3448417e+000
 -2.2638259e+000
 -1.4361049e+000
  5.7960247e+000
 -3.3110141e+000
 -1.6830048e+000
 -7.1260202e-003
 -4.4079863e-001
  9.3501385e-001
 -1.4155809e+000
  7.7088165e-001
 -9.9656904e-002
  9.7206407e+000
 -8.2333742e+000
 -2.1602921e+000
  6.9408034e-001
 -1.9980024e-001
 -3.4647741e-001
 -3.2733566e-001
  1.5025360e+000
 -8.5888372e-001
  2.3181655e+000
 -8.8514406e-001
  1.1933068e+001
 -1.2919195e+001
 -2.7394758e-001
  8.7252004e-001
  1.0832596e+000
 -2.0184931e+000
  4.0923433e-001
  6.2977965e-001
  1.8339268e+000
  8.2432193e+000
 -1.1755820e+001
  1.0170758e+000
 -9.1642318e-001
  4.2877272e-001
  3.6632610e-001
 -1.1158607e-001
 -7.2244352e-001
  2.9511734e-001
  2.2798363e+000
 -1.6674236e+000
 -7.7397948e-001
  1.2123815e+000
  1.1474282e+001
 -1.1001734e+001
 -5.2807514e-001
  1.0911046e+000
 -1.8763321e+000
 -6.8112570e-001
  2.5922509e+000
 -4.1604329e+000
  2.3662473e+000
 -3.6134653e+000
 -1.3267142e-001
 -8.0592557e-002
 -1.2351873e+000
  1.9563819e+000
  2.4970371e-001
 -2.8125283e-002
 -1.4805958e+000
 -1.2216466e+000
 -1.1400236e-001
  1.0772536e+000
  5.8183370e-001
 -2.4698402e-001
  1.0483816e-001
  5.5266824e+000
 -4.6368562e+000
  1.6094185e+000
  2.7299043e-001
  5.0698148e-001
 -8.2214295e-001
 -2.0754776e+000
  1.7334397e+000
 -2.0901001e-001
 -1.3681446e+000
 -3.1106731e-001
  4.5046429e+000
 -4.2380808e+000
 -7.0900719e-001
  3.3686465e-001
  1.1258259e+000
  2.1938277e+000
 -1.4184403e+000
 -8.6340046e-001
 -2.2558580e+000
  3.0624052e+000
 -1.2382763e+000
 -1.4017152e-002
  1.2459656e+000
 -4.1692654e-001
 -6.2918615e-001
  3.3778529e-001
 -4.3712418e-001
 -1.1744223e+000
  9.8536237e-001
  2.2922292e+000
 -1.4692470e+000
  3.5580352e-001
 -8.9038419e-001
  4.3038001e+000
 -4.1851541e+000
  3.2676026e-001
  1.3451029e-001
  2.2274290e-001
  6.4360649e-001
  7.6578577e-001
 -1.6551026e+000
  7.6096794e-001
  1.8824748e+000
 -9.3007028e-001
 -3.5535777e+000
  1.3355470e+000
 -8.1025858e-002
 -8.4270552e-001
 -1.0027056e-001
  6.4898055e-001
 -6.0555726e-001
  2.8640990e-001
 -7.6490359e-002
 -1.2454272e+000
  1.6362054e+000
  1.6680018e-001
 -3.6794759e-001
 -7.5790300e-001
  2.8689652e+000
 -1.3317623e+000
 -9.8444568e-001
  1.4026779e+000
 -2.0933914e+000
  9.0442690e-001
 -6.3724437e-001
  3.0276452e-001
  3.3168657e-001
  7.4172762e-001
 -1.2963902e+000
  1.4592003e-001
 -4.9289111e-001
  7.0965515e+000
 -6.2142461e+000
  9.4941652e-001
  1.0479792e+000
  1.7844812e+000
  8.3766012e-001
 -1.3451101e+000
  5.7534400e-001
 -6.1589404e-001
 -6.7275052e-001
 -7.0328941e-001
  1.0032748e+000
 -3.1975615e-001
  1.3040554e+000
  1.2560689e+000
  1.3567006e+000
 -3.1792759e+000
  1.1260117e+000
  6.1291576e-001
 -1.1148645e+000
 -9.1893108e-001
  6.4740887e-001
 -2.6378078e+000
  1.6473848e+000
  9.1776229e-001
  8.1303520e+000
 -5.4117298e+000
 -1.8299903e+000
  3.0329786e+000
  5.4105396e-001
 -1.7417588e+000
 -1.3465412e+000
 -7.0573766e-001
  9.4000200e-001
  2.5124165e+000
  2.7884434e-001
  4.9378309e+000
 -4.1320145e+000
 -2.4581057e+000
 -3.4583891e-001
  2.2682622e-004
  2.1957202e+000
  2.0016754e+000
 -3.7513010e+000
  1.7747315e+000
 -2.2208268e+000
  2.6832694e+000
 -3.7674784e+000
  5.2218211e+000
 -3.2778219e-001
 -6.7025170e-001
  9.5257866e-001
  4.0445250e+000
 -1.0479839e+001
  9.1843080e-001
  4.5674401e-001
 -7.2832869e-001
 -1.5841916e-001
 -4.5831532e-001
  2.6509325e+000
 -3.7512206e-001
 -7.1708758e-001
 -1.7473564e+000
  3.9587977e+000
 -3.9488929e+000
  5.7471134e-001
  2.7322325e+000
 -1.5022805e+000
 -1.1685309e+000
  4.8758565e+000
  7.0338190e-001
 -5.3987963e+000
  3.5304245e+000
  4.9998686e-001
 -1.8054803e+000
  3.5984821e+000
 -5.7447253e+000
  2.6894586e+000
 -2.8203010e+000
  1.0102624e+000
  2.7743749e-001
 -1.5474676e+000
  1.2108113e+000
  4.0035338e-001
 -1.4313656e+000
  2.6848354e+000
 -5.0208735e-001
  6.3610863e-001
  9.7913619e-001
  8.3836105e+000
 -8.3305581e+000
 -1.4431117e+000
  1.5987257e+000
 -1.4490069e+000
  4.9056654e+000
 -1.7021840e+000
  1.6880557e-001
 -1.7137796e+000
 -2.0858404e+000
  2.1363355e+000
  2.5888631e+000
 -8.1418803e-001
 -2.4894605e+000
 -7.4529661e-001
 -2.2228571e+000
 -3.1067628e-001
 -2.8740677e+000
  5.5328673e-001
 -1.5357477e+000
  1.3634943e+000
 -7.1384919e-001
  2.6568361e-001
  1.0052364e+000
 -1.3936124e+000
 -1.4374612e+000
  2.8344596e+001
 -2.1824813e+001
 -3.3810715e+000
 -1.6960663e+000
 -7.3571150e-001
 -1.0083096e-001
  1.0600576e+000
 -4.7637434e-001
  5.6585497e-002
 -1.1287994e+000
  1.5655962e+001
 -1.5005440e+001
  8.7978279e-001
  1.2814886e-001
 -1.7650518e+000
  9.3573462e-001
  2.9021644e-001
 -8.8388005e-001
  1.7659106e+000
 -1.0699380e+000
  2.1681075e-001
  1.4674399e+000
 -2.2217373e+000
  1.8265334e-001
  1.5395797e+000
 -8.9254963e-001
 -4.1040137e-001
  5.9267482e-001
 -5.7824973e-001
  1.0295814e+000
  1.1640150e+001
 -9.3059588e+000
  1.8721925e+000
 -1.1891841e+000
  1.6372810e+000
 -1.2411622e+000
  1.4643508e-001
 -2.7151902e-001
  8.2578494e-001
 -1.3455022e+000
 -4.6936228e-002
  1.5126439e+001
 -9.3006200e+000
 -2.0447022e+000
 -1.9120230e+000
  2.4551446e+000
 -1.9536988e+000
 -1.3797770e+000
  1.8720777e+000
 -1.2261788e+000
  8.0293119e+000
 -7.1535016e+000
  9.0610979e-001
  1.0823835e+000
 -2.6130996e+000
  3.8944786e+000
  5.7473979e-001
 -3.4426118e+000
  3.7441752e+000
 -3.1393570e+000
 -9.3542375e-001
  7.6174205e+000
 -7.8637838e+000
 -1.8885760e+000
 -5.3468803e-001
 -1.4538773e+000
 -1.2387246e+001
 -6.9188104e-001
  1.4799534e+000
 -1.5812114e+000
  9.0463429e-001
 -1.3490161e+000
 -4.4157788e-001
  9.3424898e-001
  1.1179052e+000
 -2.1397771e+000
  1.2829674e-001
  1.5593035e+000
  1.4128286e+000
  2.7909984e+001
 -2.9214986e+001
  7.2196618e-001
 -1.8926047e+000
 -5.7348880e-001
  1.1809598e+001
 -1.0914496e+001
 -1.6770467e+000
  1.2122315e-001
  2.4723444e+000
  6.7034719e-001
 -4.3166818e-001
  3.2136071e-001
  3.1388444e+000
 -3.0515959e+000
  1.0951560e+001
 -1.2315247e+001
  3.0235817e+000
 -3.6033625e+000
  1.5752590e+000
  2.1764798e+000
 -2.0351756e+000
  4.5664053e-001
  1.1595730e+001
 -1.2956242e+001
  1.2533625e+000
  9.3519644e-001
 -1.2559665e+000
 -1.4188186e+000
  1.5648496e+000
  1.5463290e+001
 -1.5901444e+001
  1.7597658e+000
  5.7671292e-001
 -5.8042030e-001
 -8.7206754e-001
  1.6237327e+000
  1.7656377e+000
 -1.5484045e+000
 -1.5869345e+000
  2.2087197e-002
  1.4141848e+000
 -1.0662446e+000
 -2.1745432e-001
  1.5632665e+000
 -1.8832665e+000
  4.1959462e-001
  2.8831724e+000
  4.8148168e+001
 -4.9495921e+001
 -8.5431891e-001
 -2.5006953e+000
  7.2713199e-001
 -1.1627672e+000
  6.3725460e+000
 -7.4341600e+000
  2.1460093e+000
 -2.0840899e+000
  1.1606466e+001
 -1.1606465e+001
 -5.9229597e-002
 -1.1931658e+000
  2.0261917e+000
 -1.1223990e+000
  4.8314200e-002
  4.9771451e-001
 -7.6009476e-001
  8.4290545e-001
 -2.4348134e-001
  3.0344007e+000
 -3.1051444e+000
  3.3988255e-002
  5.1572920e+000
 -2.2265743e+000
 -2.7545315e+000
  2.2451882e-001
  1.0540446e+001
 -1.1577428e+001
  2.0723706e+000
 -6.9207633e-001
 -1.0917158e+000
 -1.0843986e+000
  3.3597478e-001
  2.0067531e+000
 -1.4733043e+000
  2.2495081e-001
  9.7930986e+000
 -9.1601842e+000
 -9.5265115e-001
  5.8881103e-001
  1.7917245e+000
 -9.7297636e-001
  2.7794911e-001
 -1.8631165e-001
 -1.4514379e+000
  1.3908015e+000
 -3.7000403e-001
  1.1987517e+001
 -1.1247344e+001
  6.2213545e-002
 -4.0665272e-001
  3.4471503e-001
  1.5028730e+000
 -3.5521323e+000
 -8.3540812e-001
  7.6676053e-001
 -5.7707476e-002
 -5.3020850e-001
  1.1434325e+000
  3.7611391e+000
 -2.1979215e+000
 -2.1879216e+000
  1.4761188e+000
 -2.0726013e-001
  3.6926690e+000
  3.0374508e+000
 -6.9217302e+000
  2.3920937e-001
 -1.2405410e+000
  1.0240515e+000
  1.2043298e-001
  6.3344364e-001
  3.6579047e+000
 -5.7588785e+000
  8.8861519e+000
 -9.1021150e+000
  3.0818310e+000
  2.8217368e+000
 -4.5328026e+000
 -4.8549776e-001
  4.1630293e-001
 -5.0321782e-001
  6.4091662e-001
  2.9330018e+000
 -7.7499030e-001
  1.0127352e+001
 -1.1746564e+001
  5.7648590e-001
 -6.1690938e-001
 -1.5562234e+000
  2.0587845e-001
  1.0271549e+001
 -1.1440596e+001
  7.8602070e-001
  1.4869455e+000
  7.9052470e-002
 -5.4228192e-001
 -1.4366593e+000
  1.9079319e+000
 -8.1991153e-001
  3.4413654e+000
 -3.8399347e+000
  3.4448869e+000
 -3.3937031e+000
 -5.4005751e-001
  1.5206693e+000
 -4.7401159e-002
  1.3839795e-001
  1.4138212e+001
 -1.3029481e+001
  1.1833321e+001
 -1.4727488e+001
 -4.7103139e-001
 -1.2894384e-001
 -6.5826318e-001
  8.7186300e+000
 -4.1653336e+000
  1.4515836e+000
 -1.1421139e+000
 -1.4172321e+000
 -8.2101291e-001
 -1.3865841e+000
  2.1214993e+000
 -7.0777285e-001
  2.9650494e+000
 -3.5151650e+000
  6.9425370e-001
 -1.3510620e-001
 -2.0996249e-001
  6.7302525e-002
  2.8127257e+000
 -2.2007600e+000
 -7.4521609e-001
 -5.6653215e-002
  1.0712690e-001
 -9.4898778e-001
  3.3322090e+000
 -3.0919501e+000
  3.2700254e-001
  8.1177842e-001
  8.4997197e+000
 -8.3679496e+000
 -8.0124868e-001
 -6.9590579e-002
  3.6408596e+000
 -3.0432483e+000
 -7.4425473e-001
  2.6026324e-001
  1.0494498e-001
 -7.1840149e-001
 -3.3609509e-001
  1.0929050e+000
 -5.8454202e-002
  4.9259019e-002
 -9.7946861e-002
 -1.1658953e+000
  3.6879277e+000
 -2.0968985e+000
  3.3332856e-001
 -1.6237555e-001
 -1.7405714e+000
  1.8700805e+000
  3.7923076e-001
 -3.0541760e-001
  6.0871491e-001
 -1.9895841e+000
  1.7538329e-001
  5.2654866e-001
  3.9854031e-001
 -6.3111092e-002
 -6.0573226e-001
  1.2348436e+000
  6.4523621e-001
  6.8186779e+000
 -4.8928431e+000
 -2.3205610e+000
 -1.8915962e+000
 -4.1308653e-002
 -1.2169567e+000
  2.9727787e+000
 -2.0896028e+000
  8.9399850e-001
  6.3285616e-001
  1.8369670e+000
 -3.5968591e+000
 -7.6058528e-001
  3.1258556e+000
 -1.4675532e+000
  1.2772897e-001
  1.2599065e+000
 -1.1684250e+000
 -1.8001702e-001
  1.3039793e+000
  2.5345783e+000
 -2.4528294e+000
 -1.8210738e+000
  1.7529662e+000
 -1.9097639e+000
  7.1975258e-001
 -1.4676535e+000
  3.7045542e+000
 -2.7676454e+000
  5.0716949e-001
 -8.5329860e-001
 -8.0319848e-001
  9.4087815e-001
  5.6873566e+000
 -7.9505455e+000
  4.4630277e+000
 -4.7638328e+000
  2.2613052e-001
 -4.6118040e-001
  1.2216022e+000
  6.6595064e-001
  1.4144817e+000
 -3.0146371e+000
  1.6446222e+000
  8.4757495e-001
 -4.0118872e+000
  1.1587878e+000
  1.4739954e+000
  3.7151401e-001
 -2.3975180e+000
  1.5774099e+000
  2.2289308e+000
 -2.5447854e+000
 -7.8770527e-001
 -2.5068650e-001
  5.4507198e-001
 -2.7523868e-001
  5.5157120e-001
  1.9897561e+000
 -2.2323142e+000
  1.0949168e+000
  1.0980386e+000
 -3.2734019e+000
  5.2549287e+000
  1.9148073e+000
 -4.3631349e+000
 -2.4706166e+000
  1.8546766e+000
 -7.9305542e-001
 -5.2646374e-001
 -1.4318467e+000
  3.6783788e+000
  6.5932933e-001
 -2.8629451e+000
  1.9218984e+000
 -1.3155621e+000
  7.3775419e-001
 -1.6877357e-001
  1.2176541e-001
  3.5640016e+000
 -4.3591542e+000
  4.3985849e-001
 -1.8770296e+000
 -2.8063763e+000
 -1.4881846e-001
  1.2462096e+000
  8.7534617e-001
 -2.5139211e+000
  5.6796481e-001
  9.1979109e-001
  5.5267593e-001
 -1.3640976e+000
  3.3709842e-001
  7.7219555e-001
  5.2437602e+000
 -4.0458892e+000
 -1.5316688e+000
 -2.1907134e+000
  3.5059270e+000
  1.2799235e+000
 -3.2267541e-002
 -1.6782077e+000
  3.5400941e+000
 -3.0981262e+000
 -6.6173583e-001
 -1.1116493e+000
  7.7368663e-001
  2.4549091e+000
  5.4896394e-001
 -7.9726176e-001
 -2.7969926e+000
 -1.7120802e+000
  2.9847264e+000
 -2.3488847e+000
  6.0823256e-001
  8.4520122e-001
 -5.1166956e-001
 -1.9942525e+000
  1.5951274e+000
 -1.0710655e+000
 -7.5576073e-001
  1.8232843e+000
 -1.5983695e+000
  1.7466118e+000
  7.4813644e-001
 -2.3325692e+000
  1.4914865e+001
 -1.3358866e+001
 -2.4940020e-001
 -8.3818693e-001
 -7.0327921e-002
  6.8448596e-001
  1.1211854e-002
  1.6598145e-001
  7.7643826e-001
 -1.5836276e+000
  9.9380284e+000
 -7.0797357e+000
 -2.0206574e+000
  9.7568920e-002
  2.4101287e+000
 -3.0253340e+000
  7.9461554e-001
  4.3600913e+000
 -3.8775252e+000
  5.3481641e+000
 -5.7538785e+000
  4.4860187e-001
 -1.8330830e+000
  5.6091244e+000
 -3.8738445e+000
 -3.4135247e-001
 -9.1433735e-001
  7.9195064e-001
  1.6145576e+001
 -1.6562984e+001
 -1.3839134e-001
  8.8965881e-002
  1.8246800e+000
  1.9648286e-001
 -3.1225288e-001
 -1.6435654e+000
  8.2702187e-001
 -1.9669219e+000
  1.7700549e+000
 -1.1377514e+000
  5.0760265e-001
 -5.9433946e-001
  5.1109243e-001
  2.2915182e+000
 -2.4294873e+000
  1.8442681e+000
 -1.8707375e+000
  4.3256676e-001
  2.0586532e+000
 -2.2490644e+000
  1.9951568e-001
 -8.1929782e-001
  2.7745885e+000
 -3.6223443e-001
 -6.4346081e-001
 -1.7253874e+000
  1.4215080e+000
 -1.2430612e-001
  1.8562554e+000
 -1.0712270e+000
 -5.3300714e-001
 -1.0575979e+000
  8.1403972e-001
  3.6467057e-001
  1.1419812e+000
 -1.3686929e+000
  2.2968366e+001
 -2.2245177e+001
 -1.4767794e+000
  6.2394058e-001
  7.0155628e-001
 -9.3176747e-001
  7.8924075e-001
  2.5664930e-001
 -2.7590006e-001
 -1.1056447e+000
  2.0336412e-001
  9.7613946e-001
 -3.5215869e-001
  1.1481081e+000
 -1.3239706e+000
  2.2873938e+000
 -2.5743963e+000
  2.0657670e+001
  7.3319722e+000
 -4.1668822e+000
 -2.1726183e+000
  2.1089960e-001
  1.9776357e+000
 -8.3100772e-001
  9.0852874e-001
  1.2603424e+000
 -3.5327161e+000
  2.5204094e+000
 -9.7419320e-001
 -1.7691516e+000
  2.5828995e+000
 -1.3199657e+000
  2.4807864e+000
 -1.3392896e+000
  7.4864937e-001
 -1.0054412e+000
  1.0314389e-001
 -2.0621100e+000
  9.2494164e-001
 -1.2911976e-001
 -3.4792995e-001
  5.0726006e-001
 -2.2463603e-001
 -3.4696715e-001
  6.9455865e-001
  1.0454820e+000
 -1.3480531e+000
  6.2801868e-001
 -1.1416576e+000
  1.1827557e+000
 -5.1744829e-002
 -1.4966679e-001
 -3.1913155e-001
  4.0281715e-001
 -3.7574464e-001
  2.9980090e+000
 -2.8460171e+000
 -9.4963485e-002
 -6.1976875e-001
  1.3869543e+000
 -1.0843362e-001
 -1.1325798e+000
 -3.5305270e-001
  9.2031870e-001
 -7.9354661e-001
  1.0488873e+000
 -7.4888429e-001
  1.5620050e+000
 -1.9887791e+000
  2.6656192e-001
  3.2764203e-001
  4.0793431e+000
 -3.0161437e+000
 -1.0706243e+000
  1.4582100e+000
 -7.5489218e-001
  3.1027104e-001
  7.0422300e-001
 -2.0380259e+000
  7.2572214e-001
  1.9223257e+000
 -2.4573355e+000
  1.6258985e-001
  6.0735061e-001
  3.9959133e-001
 -8.4302580e-001
  1.0784037e+000
 -1.5841414e-001
 -1.6611625e-001
 -1.0123890e+000
 -1.8509376e-001
 -5.6273814e-001
 -2.9852242e+000
  1.9473968e+000
 -6.3106662e-003
 -4.0052246e-001
  2.7824377e+000
  4.6689559e-002
 -2.7041025e-001
  3.5307528e-001
 -3.3893895e+000
  6.3820144e+000
 -4.0308000e+000
 -5.3336858e-001
 -1.1501153e+000
  9.0451168e-001
 -3.4395404e-001
  1.0257390e+000
  9.5025325e-001
 -3.9393551e+000
  2.2730824e-001
  7.8292600e-001
  4.0168045e-001
  2.0378670e-001
  1.1602946e+000
 -2.2671955e+000
  1.8975688e+000
  3.0423896e+000
 -3.6189533e+000
 -1.6559443e+000
 -2.8998315e-001
  1.2411428e+000
  7.8110734e-001
 -1.6957378e-001
  6.6455017e-001
 -1.5572868e+000
 -6.8373092e-001
  1.9270657e+000
 -2.7830919e+000
  6.1001714e-001
 -3.3060716e-001
 -1.0287237e+000
  6.5220726e-001
 -7.7018205e-001
  9.9561371e-001
 -1.1872987e+000
  1.1080174e+000
 -1.3535301e+000
  6.6929690e-001
 -2.0549633e-001
  8.5211176e-001
 -3.3762340e-001
  3.1545504e-001
 -3.5714276e-001
 -1.2819078e-001
 -3.7120812e-001
  7.7222040e-001
 -1.1873069e+000
  3.1400188e-001
  6.0061202e-003
  5.3455407e-001
 -7.4563073e-002
  1.0678222e+000
  6.1993539e-001
 -5.7384358e-001
 -1.7452004e-001
  1.7452675e-001
 -2.7306685e-001
 -7.4461120e-001
  1.3276932e+000
  2.2814261e-001
 -7.5618522e-001
 -8.4219551e-001
  7.8715614e-001
 -1.6118876e+000
  8.2473145e-001
 -7.4335683e-001
  3.2569883e-001
  1.4393483e+000
 -8.0126203e-001
  1.6733726e+000
  3.4809992e-001
 -2.3265727e+000
  5.7670814e-001
 -8.2621770e-001
  4.2362051e-001
 -7.5687977e-002
 -1.1574457e+000
  1.7206940e+000
 -1.3906698e-001
 -3.5714730e-001
  1.3782884e+000
 -1.1502619e+000
  7.6180612e-001
 -7.2186708e-001
  5.7451044e-001
 -7.4961419e-001
 -8.5856965e-001
 -7.8236526e-001
 -1.3467943e+000
  1.9660734e+000
 -3.7521255e-001
 -1.3586728e-001
  5.8408757e-001
 -2.8204874e+000
  5.1699301e-001
 -1.0474114e+000
  1.8643817e+000
 -1.2359615e-001
  7.7187535e-001
  1.4766321e+000
 -1.6678783e+000
  3.3773998e-001
 -1.0501400e+000
  2.9791383e-001
  8.7551599e-001
  1.0868827e+000
  1.0314377e+001
 -1.1450920e+001
 -4.7962209e-002
 -7.3100833e-001
  2.4703414e+000
  1.0962940e-001
 -3.3367547e-001
 -2.3932715e+000
 -2.0261536e+000
  5.6859559e-001
  1.2977669e+001
 -7.4071120e+000
 -9.2946604e-001
  2.0311422e+000
  9.1121886e-001
 -4.3461452e+000
 -5.3218965e-001
  3.6229802e+000
 -2.7066306e+000
  1.1955634e+000
  8.9366565e-001
 -2.4494696e+000
  4.1931242e+000
 -2.9581821e+000
 -1.9103095e+000
  5.0747275e+000
 -5.0372821e+000
  1.7494119e-001
  7.7124298e+000
  1.3031372e+001
 -9.1677730e+000
  1.6265545e+000
 -2.7564915e+000
 -9.8409281e-001
  1.8537910e+000
 -9.7968490e-003
 -1.2819841e+000
 -1.2516739e+000
  1.5243520e+001
 -1.1554521e+001
  3.1875109e+000
 -3.1950133e+000
 -2.7051071e+000
 -7.7732783e-001
  2.1599492e+000
 -6.8319150e-002
 -1.7805978e+000
  1.2953098e+000
  3.1663162e+000
 -4.4676258e+000
  1.4103066e+000
  6.9529752e+000
 -5.1361973e+000
 -2.4293055e+000
  6.8631785e-002
 -9.9649928e-001
  7.8640380e-001
  2.1290760e+000
  8.3929865e-001
  6.0819900e+000
 -6.9212838e+000
  1.9189122e-001
  2.6504957e+000
 -4.0340006e+000
  4.6717689e+000
  1.8282362e-001
 -5.3443102e+000
  1.6265409e+000
 -9.4669470e-001
  1.0658468e+000
  1.2752961e-001
  7.6792622e+000
 -9.2814824e+000
  9.6092961e-001
  1.4200102e+000
 -1.4167323e+000
  6.6119885e-001
 -1.8964089e+000
 -8.7973963e-001
 -2.9740530e+000
  2.4304065e+000
 -9.8252685e-001
  6.8527285e-001
  2.1763474e-001
 -2.2370420e+000
  2.1729418e+000
 -1.2497613e+000
 -7.0987217e-001
 -3.2761789e-001
  6.7197555e-001
  1.0132723e+000
 -9.1143899e-001
  5.0317060e+000
 -5.6002054e+000
 -9.1002466e-002
  1.4495798e+000
  5.4775670e+000
 -5.4403884e+000
  2.4299202e+000
 -2.9398609e+000
  2.6385602e+000
 -3.1199854e+000
  8.7651089e-002
 -4.9173951e-001
  2.2149674e+000
  2.1070051e-001
  7.5479386e-001
  2.5962368e+000
 -1.2158489e-001
 -3.5108167e+000
 -1.5460364e+000
  2.4564067e+000
 -1.1634301e+000
 -1.1904608e+000
  9.0960933e+000
 -7.7241419e+000
 -3.1205034e+000
  6.9717087e-001
  4.8393463e-001
  2.9216263e-001
  8.5321987e-001
 -2.2144606e-001
  1.4648400e-001
 -1.6717081e+000
  1.2896033e+000
  1.4675497e+000
 -1.5160101e+000
  1.2112651e-001
  4.8102059e-001
 -1.4458432e+000
  9.5756196e+000
 -9.4268292e+000
 -2.9376812e-001
  1.1993908e+000
 -3.7695801e-001
 -7.3147674e-001
  8.2906931e-001
  3.3631934e-001
 -8.2332564e-001
 -6.0685963e-001
  6.6532334e-001
  7.7389677e-001
 -6.6166767e-001
  5.7670610e-001
  2.4126549e+000
 -7.3590411e-001
 -1.9277246e+000
  4.8757023e-001
  4.3903511e+000
 -2.8835972e+000
 -4.4794468e-001
 -4.1476692e-001
  2.7591332e+000
 -4.2554039e+000
  1.2021292e+000
  8.5026621e+000
 -9.6380957e+000
 -2.4397060e-001
 -1.6394464e+000
  1.9785435e+000
 -1.8998751e+000
 -1.6161285e+000
  1.4644931e+000
 -6.1902941e-001
  2.6246075e-001
 -5.2983814e-001
  8.8747774e-001
 -7.0644027e-001
 -7.5324453e-001
  1.5085322e+001
 -1.4069657e+001
  9.6923999e-002
 -9.0598536e-002
 -2.4132082e-001
  8.9700416e-001
 -5.5768603e-001
  4.4605925e+000
 -3.1461796e-001
 -4.0940174e+000
  3.2626133e+000
 -3.6425987e+000
  7.2751973e-001
 -2.4992254e-001
 -7.6984322e-001
  8.0394577e-002
  3.9126310e-002
  6.1113277e-001
  2.0490907e+000
 -2.0155916e+000
  5.6292928e-001
  7.3973005e-001
 -2.2854689e+000
  9.9672144e-001
 -3.8376668e-001
  1.0082916e+000
 -7.9551183e-001
  2.6356299e+000
 -2.9844002e+000
  1.2448489e+000
  1.4116459e-001
  6.5193046e-001
 -2.1697682e-001
 -6.3310974e-002
 -1.2714957e+000
 -1.8862724e-001
  1.7163009e+000
 -1.6205022e-001
 -3.3418844e+000
  2.4097532e+000
 -5.5095110e-001
  1.3714348e-001
 -4.7897201e-001
  3.6100533e+000
 -1.1289588e+000
 -8.0363779e-001
  4.7377646e-001
  4.9883739e-001
  8.2936121e-002
 -8.4500986e-002
 -2.9629659e-001
  6.8334026e-001
 -5.5333588e-001
  1.6253800e+001
 -1.5181075e+001
 -3.1952725e-001
 -8.8320529e-001
  7.8189126e-001
 -9.8546613e-002
 -9.4881068e-001
  1.4026367e+000
  4.1026475e-001
 -3.2713864e-001
 -8.2105433e-001
  4.9132472e-001
  2.4739463e+000
 -1.5981999e+000
 -8.4357392e-001
  2.1611361e+000
 -1.4541400e+000
  3.5320426e-002
  2.1611374e-002
 -1.3394248e+000
  6.6218651e-001
  1.4884546e+000
 -1.3885815e+000
 -9.5074943e-001
  9.9915134e-001
  2.5157915e+000
 -1.5774105e+000
 -2.5324602e+000
  1.4392985e+000
 -4.4449162e-001
  2.8188108e+000
 -1.5719968e+000
 -3.5220728e+000
  1.3662432e+001
 -1.2791232e+001
  5.3646909e-001
 -1.7148852e+000
  1.7116257e+000
 -1.0728257e+000
  6.8418970e+000
 -2.3914937e+000
 -2.4242476e+000
  9.3797138e-003
 -7.8553540e-001
  2.3166497e+000
 -2.0879335e+000
  8.1282807e-002
  9.6162833e-001
  8.8766783e-001
 -1.5121111e+000
  8.3010394e-001
 -1.0884473e+000
  1.0320385e+000
 -1.1940935e+000
  2.0562487e-001
  3.2442765e-001
  8.6124304e-002
  7.0660788e-001
 -9.1359479e-001
  2.0118570e+000
 -5.2746090e-001
 -7.9221382e-001
 -1.5277286e-001
 -3.8908651e-001
  9.6693200e-001
 -9.4816473e-001
  3.0652847e+000
 -1.1144899e+000
 -1.0758491e+000
  1.7437302e-001
  1.2032039e+000
 -1.6488691e+000
 -6.8861501e-001
  1.8312863e+000
  4.6167164e+000
 -3.9979148e+000
 -1.0535674e-001
  1.1571699e+000
  1.8062639e+000
  1.2843139e+000
  8.2766296e+000
 -1.0202554e+001
  4.6802485e+000
  1.3424413e+000
 -9.7334560e+000
 -5.4797282e-001
  2.4513843e+000
 -1.9754207e+000
