  1.4582541e+001
 -1.3550262e+001
  1.9704031e+000
  5.8731787e-001
  2.5982317e+000
 -5.4472882e+000
  3.2237264e+000
  2.8072870e+000
 -2.4377893e+000
 -1.7984528e-001
 -9.8716171e-001
  1.2622291e+000
 -8.4892878e-001
 -1.9722320e+000
  3.4462148e+000
  9.9438442e-002
 -4.7114779e-001
 -8.1645510e-001
  6.8803650e-001
 -1.6643359e+000
 -1.8668423e+000
  2.5799842e+000
 -1.0814926e+000
 -1.6775921e+000
  2.3236072e+000
  1.5649854e+000
  2.6698050e-001
 -8.5450444e-001
  9.2818473e-002
 -1.2018391e+000
  1.2900983e-001
 -1.5157049e+000
  2.4733537e+000
 -6.5299241e-001
 -7.3844723e-001
  5.5640132e-001
 -9.6294439e-001
 -2.4106419e-001
  8.5768354e-001
 -8.8784768e-001
  1.4565795e+000
  4.6974658e-001
 -1.7847257e+000
  1.5271337e+000
 -2.2738822e-002
  5.5810830e-001
  1.0418864e+000
  4.9955307e-001
 -1.9266652e-001
 -2.0357102e-001
 -3.3128420e+000
  1.1912371e-002
 -8.3286338e-001
 -3.0800096e-001
  3.8003239e+000
 -1.7273433e+000
 -1.0758662e+000
  8.0925892e-001
  4.7347561e-001
 -1.1571956e+000
  4.5703222e-001
  7.3926934e-001
 -1.7937250e+000
  6.3996845e-001
 -1.5533248e-001
  5.3358513e-001
 -2.1956706e-001
 -4.7790896e-001
  1.5527174e+000
 -5.4573861e-001
 -3.9998216e-003
  1.9262987e+000
 -2.0714851e+000
  4.8572746e+000
 -3.1304438e+000
  2.9123184e-001
 -1.8376183e-001
 -1.7979058e+000
  2.1781159e+000
 -1.9465783e+000
 -3.6007924e-001
  4.2550193e-001
  1.7168620e-001
 -3.4864444e-001
  2.6662021e+000
  3.9343314e-002
 -9.9427245e-001
  2.0647234e+000
  1.3317606e-001
  2.5375492e-001
 -7.2362025e-001
  8.6556722e-001
 -1.8793850e+000
  1.9473712e+000
 -2.9625175e+000
  2.4473737e+000
 -1.4449295e-001
 -2.7568402e-001
 -3.5221787e-001
  4.2313616e+000
 -3.5416433e+000
  2.9101465e-001
  1.4250147e+000
 -4.6509308e-001
  1.1963252e+000
 -3.7091002e-002
 -1.0683809e-001
 -2.1160395e+000
  4.4257247e+000
 -4.4882815e+000
  3.0723127e+000
 -2.4060428e+000
 -1.9925172e-001
 -9.4624020e-002
  4.1547838e+000
 -2.8762108e+000
 -3.9398244e-001
  7.7464096e-001
  1.0184407e+000
 -1.4862284e+000
  1.3875222e-001
  1.9384406e+000
 -2.1843159e+000
  5.2793393e-001
 -1.0633459e-001
 -8.8198050e-001
  6.9266295e+000
 -7.8884544e+000
  5.9998784e+000
 -5.7920353e+000
  2.0847726e+000
  3.0601551e-001
  2.0952840e+000
 -4.4473765e+000
  3.0132685e+000
 -1.0944466e+000
  4.3551577e-002
 -6.5067845e-001
 -3.7119024e-001
  1.2899513e+000
  2.5409808e-001
  3.2330746e-002
 -1.9393633e+000
  1.6066870e+000
  4.0930908e+000
 -7.2305162e+000
  1.2450973e+000
 -3.8287758e-001
  5.8333067e-001
  7.4784063e-001
 -2.0444947e+000
  3.3162909e+000
 -1.1195498e+000
  2.0582511e+000
 -1.1364401e+000
  2.5535744e+000
 -1.9140673e+000
  4.2775651e-001
 -1.7451605e+000
  7.1448398e-002
 -1.0293786e+000
  2.2175433e+000
 -6.7561015e-001
 -5.7958580e-001
  7.9353843e-001
  1.7325187e+000
 -3.7499158e+000
  7.1756264e-001
  1.3044313e+000
  2.8409705e-001
 -2.5629852e+000
 -1.2700312e+000
 -4.2427379e-001
  2.6606550e+000
 -1.8482347e+000
  9.1309156e-001
 -7.8086607e-001
  9.1435359e-001
  7.8333555e-001
 -1.9632189e+000
  3.9111727e+000
 -3.8328204e+000
  1.6126430e+000
 -1.6493691e+000
 -3.1447074e-001
  5.0519855e-001
  9.7427642e-001
 -7.8370449e-001
  2.5609981e+000
 -2.1246506e+000
 -7.2470271e-001
  2.9938901e+000
 -3.4378154e+000
  1.0422596e+000
 -5.9947752e-001
  1.5760656e+000
 -1.3636305e+000
  1.1225706e+000
 -8.9055030e-001
  1.1532678e+000
 -1.0095933e+000
 -2.9634372e-001
 -4.2946654e-001
  6.1212042e-001
 -1.0224679e-001
  2.5671863e-001
  1.5788039e+000
 -1.3660913e+000
  1.1781557e-001
  7.0714719e-002
  2.0874861e+000
 -1.3364121e+000
 -1.3959887e+000
  1.8221696e+000
 -3.3337485e+000
 -1.5349457e-001
  3.5627035e+000
 -9.2559155e-001
 -7.2895551e-001
  3.0010457e-001
  1.1704348e+000
 -1.7108383e+000
 -1.2032294e+000
 -1.5004881e-001
  2.2387684e+000
  3.9060344e-002
 -2.6264649e+000
  1.9011545e+000
  5.8087282e-001
 -2.0575216e+000
  1.3445174e+000
  8.8362176e-001
 -2.8887259e+000
  1.1737289e+000
 -9.1048480e-001
  2.8048380e-001
 -9.5296641e-001
 -4.7163923e-001
  1.5590919e+000
 -2.8018163e-001
 -9.5980963e-002
  1.1584728e+000
 -2.6612326e-001
  7.7886414e-001
 -1.5727391e+000
  1.0626097e+000
  2.7630090e+000
 -3.0450389e+000
  1.0436430e+000
 -1.9633051e+000
  3.2179817e+000
 -2.2384086e+000
  8.9582963e-001
  8.1086304e-001
  2.0004377e+000
 -2.3684642e+000
  9.2574101e-001
 -3.1981520e+000
  2.5811658e+000
 -2.7775968e-001
 -1.7412717e+000
  1.6923700e+000
 -2.1426558e+000
  2.6294560e+000
  3.7859722e-001
 -2.1798534e+000
 -7.0329228e-002
  1.1510959e+000
 -1.0043612e+000
  2.6072197e-001
  2.6981587e-001
 -5.2828287e-002
  1.1800556e+000
 -1.0439547e+000
 -2.7848802e-001
 -1.4868281e+000
  1.7498788e+000
 -3.2374052e-001
 -1.6846356e+000
  1.6400908e-001
 -2.3709253e-002
  1.2809160e+000
  1.0922830e-001
 -7.9769373e-001
  4.1243953e+000
 -4.1345738e+000
  5.5605886e-002
  8.9254553e-001
  2.2258606e+000
 -6.0041226e-001
  2.9845226e-001
  2.2877528e+000
 -1.8996442e+000
 -4.5386079e-001
  5.9674743e-001
 -3.7673146e-001
 -1.0012873e+000
  6.0770289e-001
  1.5887784e-001
  1.0581060e+000
 -8.5306040e-001
 -4.6025529e-001
  4.7194541e-001
  2.6432103e-001
 -1.2366001e+000
  3.8425416e+000
 -3.4433319e+000
  5.6857429e-003
  1.7429835e+000
  4.8738923e-001
 -1.3881797e+000
 -1.2478744e+000
  9.8266556e-001
 -6.9361196e-002
  8.6645296e-001
  1.7049082e+000
 -1.4261597e+000
  1.6287832e+000
 -1.5960944e+000
  2.3672268e+000
 -1.9352690e+000
  1.0464139e+000
 -3.2933800e+000
  4.8921535e+000
 -4.4715571e+000
  2.3592574e+000
  6.8928258e-001
 -2.7706690e+000
  1.1748134e-001
  1.8398928e+000
 -1.3587213e+000
  1.9856776e+000
 -2.9387135e-002
  8.6351948e-001
 -2.0297491e+000
 -1.2642580e+000
  3.3834049e+000
 -3.0349284e+000
  3.0365090e-001
  5.2999200e-001
  7.1061354e-001
 -8.6507650e-001
  1.1837868e-001
  4.1930962e-001
 -9.1014603e-001
  1.0400533e+000
  2.1705843e-001
 -1.4216204e+000
  2.2673084e+000
  5.4483546e-001
  4.8882583e-001
 -3.0031572e+000
  2.3207094e+000
 -1.2184708e+000
 -1.4089736e+000
  2.1818274e+000
 -1.5660572e+000
  1.4340553e+000
 -1.7594962e+000
  1.7811186e+000
 -2.0578257e+000
 -1.3640330e+000
  7.4125958e+000
 -5.3750139e+000
  2.6420370e+000
 -4.0912009e+000
  1.6448775e+000
 -1.6245980e-001
 -2.5160396e-001
  3.2719450e-001
 -9.5921017e-001
  2.3373292e+000
 -2.4824283e+000
  2.0729081e+000
  5.8115898e-001
  1.4008708e+000
 -5.0798979e-001
 -2.8517649e+000
 -6.0888263e-001
  2.8482724e+000
  1.1008382e+001
  1.0845351e+001
 -9.6611014e+000
  2.1385253e+000
 -1.8491801e+000
  2.2058749e-001
  1.4021966e+000
  6.8475930e-001
 -2.2122445e+000
  6.9398911e-001
 -1.0909378e+000
  3.7173469e+000
 -1.3734066e+000
 -7.1106921e-001
 -4.1282959e-001
  1.1095311e+000
  3.1795576e-001
  3.3691323e+000
 -4.0866399e+000
  2.5821742e-001
  8.2568042e-001
  8.6192704e+000
 -5.2644977e+000
  7.2205203e-001
 -5.9564678e-001
 -2.9820765e-001
 -5.6828104e-001
  3.9226932e-001
  1.1296822e+000
 -1.7910696e+000
 -1.2847769e-001
  1.5292571e-001
  9.0060827e-001
 -9.6689210e-001
 -1.4420510e+000
  1.1997977e+000
 -6.4352577e-001
  2.0741340e+000
 -1.2316267e+000
 -6.8502615e-001
  1.8556703e+000
 -1.3208944e+000
  3.8323816e-001
  3.0943302e+000
 -5.2343701e+000
  2.9441930e+000
 -1.2196006e+000
  2.4427034e+000
 -1.8350983e+000
  1.8362535e-001
  2.8750554e-001
 -2.2910190e-002
  9.0115380e-001
 -1.5997193e+000
  2.1294812e+000
 -3.1950373e+000
  4.0183976e+000
 -2.4137979e+000
  2.0248731e+000
 -1.0789749e+000
 -6.2770191e-001
 -4.1783595e-001
  1.6198350e+000
 -1.8344990e+000
  2.1511280e+000
 -5.9113102e-001
 -9.2538517e-001
 -1.2952005e-001
 -6.0492159e-001
  1.0998894e+000
  1.6413330e+000
 -9.1669748e-002
  4.2505902e-001
  2.0611941e+000
 -2.3530333e+000
 -5.9695519e-001
  2.9438675e+000
 -1.2163428e-001
 -1.9215727e+000
  3.4342451e+000
  1.8333175e+000
  1.0772061e+000
 -1.9475521e-001
  2.0335488e+000
 -1.6741387e+000
  6.1093299e-001
  1.1321579e+000
 -1.2299978e+000
  1.5462209e+000
 -1.7121251e+000
  8.9518833e-001
 -6.4686627e-001
 -1.8141929e-001
  1.0392988e+000
 -6.3941953e-002
  1.9170417e-001
 -4.6646834e-001
  1.3947202e+000
 -1.8727677e+000
  3.8153602e+000
  5.2329503e+000
 -8.1214902e+000
  8.2530505e-001
 -1.6650913e+000
  7.9203204e-001
 -2.2889005e-002
 -1.6779566e+000
  7.0077750e-001
  1.7499449e+000
  2.4821934e+000
 -2.6681625e+000
  1.6891101e+000
 -2.9887325e+000
  3.0025028e-001
  1.3451637e+000
  2.9127319e+000
 -3.6694109e+000
 -3.7374956e-001
 -1.1701125e+000
  6.2779242e-001
  1.9691176e+000
 -2.3909391e+000
  4.7753798e-001
  1.5393908e+000
 -1.4153486e+000
 -1.3700157e+000
  3.0235309e+000
 -7.6160200e-001
  4.5396977e-001
 -8.4446918e-001
  1.7201351e+000
 -2.4358530e+000
  6.5063500e-001
 -1.2014853e+000
  1.3426038e+000
 -1.2655371e+000
  1.3105770e+000
 -1.0075416e-001
 -5.8032549e-001
  1.9174468e-001
 -8.9457831e-001
  7.7491758e-001
 -6.3609415e-001
 -5.5864481e-001
 -7.4711470e-003
  1.1407982e+000
  7.5798943e-001
 -1.3772887e+000
  2.7905665e-001
  2.5438092e+000
 -3.4333214e+000
  1.7167650e+000
 -1.4692542e+000
  2.2420543e+000
 -1.1720592e+000
 -1.1063561e+000
  7.9606032e-001
  7.0614289e-001
  5.2673559e-001
 -1.2432755e+000
 -5.7851573e-001
  2.6989290e-001
 -4.3976956e-001
  1.1466750e+000
 -1.1475859e+000
  1.8868798e-001
  9.7993827e-002
  1.1146330e+000
 -1.1325738e+000
  4.2784728e-001
  1.5720893e+000
 -1.8622668e+000
  2.9018300e-001
  2.1481444e-001
 -2.8540497e-001
 -1.3405880e-001
 -1.6746864e+000
  2.7159855e+001
 -2.5344164e+001
 -5.4209907e-001
  1.3115848e+000
  1.4671172e+000
 -1.2674476e+000
  2.0049194e+000
 -1.2193959e-001
 -2.3016164e+000
  4.9512032e-001
 -6.9634136e-001
 -2.0888658e+000
 -1.7968914e+000
  1.4844367e+000
  9.0595349e-001
  1.5404045e-001
 -1.6427975e+000
  2.6724496e+000
 -1.4186484e+000
 -1.2510092e+000
  1.6621055e-001
  1.6065544e+000
 -1.2502236e+000
  1.6601811e+000
 -8.6611365e-001
  1.1505542e+000
 -2.3526320e+000
  1.5186646e+000
 -6.1490964e-001
  1.3774125e+000
  1.5440937e-001
  5.2243423e-001
 -1.7741273e+000
  2.7833823e-002
 -5.5210845e-001
  1.5393461e+000
 -3.1302216e+000
  2.0584065e-001
  5.6126641e-001
  2.1646077e+000
 -1.8652223e+000
  2.9795363e-001
 -5.3705175e-001
 -5.5484569e-001
  2.8603396e+000
 -1.1394423e+000
 -1.3656914e+000
 -1.5524982e-001
 -6.5900231e-001
 -3.7376613e-001
  2.6659092e+000
 -1.0661562e+000
  1.5138398e+000
 -9.3025107e-001
 -2.1161863e-001
 -1.6350959e+000
  3.7045640e-001
  1.4970899e+000
 -3.6513172e-002
  1.6259102e+000
 -2.7019662e+000
  9.5835804e+000
 -5.7262103e+000
 -7.6592894e-001
  7.0995332e-001
 -7.4638374e-001
 -1.8072534e+000
  5.8268364e-002
  4.2453877e-002
  9.7627693e-001
  5.8404125e-001
 -8.4440847e-001
  1.2955650e+000
 -9.8986985e-001
 -2.0525089e-001
  1.5050732e-001
  8.4891146e-001
 -1.3359209e+000
  1.1569146e+000
  3.3231541e-001
 -3.3142821e-001
  5.8274529e-001
  7.1221975e-001
 -1.4064330e+000
  4.4007541e-001
  4.1993326e-001
  8.4358119e-002
 -1.6782790e-001
 -6.3284268e-001
 -1.3860359e-001
 -5.1431985e-001
  2.5341264e-001
  5.9426224e-001
 -5.5438427e-001
 -3.7553488e-001
  1.0907375e+000
  5.8070432e-002
  1.7303425e+000
 -2.6407151e+000
  2.5431275e+000
 -4.5645640e-001
  4.1127265e-001
 -1.1276539e+000
 -1.6585846e+000
 -1.0179297e+000
 -8.9632261e-001
  1.1824487e+000
  6.9403491e-001
  3.8271841e-001
  4.2894484e-001
  1.1967539e+000
 -9.2964115e-001
 -9.8679714e-001
  1.7075291e-001
  3.7191547e-001
 -5.8089417e-002
 -9.8146111e-001
 -2.1646560e-001
  9.7347690e-001
 -9.3267545e-001
 -1.2580495e+000
  3.1271582e+000
 -3.2012341e+000
  1.3053559e+000
 -1.2268873e-001
 -1.2648641e+000
  1.8213686e+000
 -5.2254561e-001
  1.2699584e+000
 -5.4440651e-001
 -6.9245266e-001
  1.1966041e+000
 -7.9461082e-001
  1.0128783e+000
  1.5719410e-001
  8.1314762e-001
  1.8725844e-001
  4.2633652e-001
 -1.1120166e+000
  2.4063630e+000
  1.0836392e-001
 -8.2753460e-001
 -3.7210556e+000
  2.6187085e+000
 -1.4664806e+000
  5.7587596e-001
  1.0415540e+000
  9.7805019e-001
 -3.1306477e+000
  6.8398299e-001
  1.2872216e+000
 -5.8609893e-001
 -3.0819723e-001
  8.6923022e-001
 -6.5117482e-001
 -1.0320780e+000
 -5.6079412e-001
  1.1294287e+000
  4.8737699e-001
  4.4347423e-001
  5.2850086e-002
 -1.5955166e+000
  1.1264388e+000
 -6.1315883e-001
  1.3506352e+000
 -1.4719974e+000
  1.0440454e+000
  6.1789489e-001
 -5.1819597e-002
 -8.9221609e-001
  1.9122035e-001
  3.5310185e-001
 -7.9014744e-001
  1.8148655e+000
 -1.0986527e+000
  1.6936067e+000
 -1.7965080e+000
 -1.1499771e+000
  1.3184667e+000
 -4.1889796e-001
  1.7597963e+000
 -2.6848863e+000
  4.1419128e+000
 -1.6614147e+000
 -2.1443213e+000
  1.6908206e+000
 -6.8334094e-001
 -7.5213792e-002
  1.3064110e+000
 -4.9667370e-001
  3.4000808e-001
  8.2273421e-001
  1.0521533e+000
 -3.1653880e+000
  1.6035241e+000
  2.0466532e+000
 -9.3659477e-002
 -1.3702445e+000
 -2.1265398e-001
  4.5455739e-001
 -1.8634304e+000
  1.5249727e+000
  6.2728407e-001
  8.6444576e-001
 -4.2979428e-001
  8.3674010e-001
  4.1828020e-001
 -4.5257264e-001
  2.7754942e-001
  6.1580605e-002
 -2.7236380e-002
 -6.3226489e-001
  4.9551478e-001
  1.4865885e+000
 -1.0923282e+000
 -2.1112970e-001
  1.3344055e+000
 -5.0378150e-001
 -2.7293117e-001
 -1.6784684e+000
  1.7571173e+000
 -1.3175780e+000
  9.7327615e-001
 -1.3170377e+000
  3.0810961e-001
  1.1594947e+000
 -1.5415996e+000
  1.1762008e+000
  6.6852980e-002
  1.3130579e-001
 -8.8841523e-001
  2.0206868e+000
 -1.2764611e+000
 -7.2759319e-002
 -9.6368480e-001
  3.8786076e-001
  1.4083916e+001
 -1.1714254e+001
  1.2678230e+000
 -2.4504727e+000
  1.4545967e+000
  1.4478410e+000
 -8.0208061e-001
 -5.8616644e-001
 -1.1431917e+000
  9.8578464e-001
  7.5058819e-002
  4.8059585e-001
 -1.1225955e-001
 -3.3424954e-001
  8.6651749e-001
 -6.1931820e-002
 -7.8945510e-001
 -2.1733730e-001
  3.2056765e+000
 -1.4737446e+000
  1.5976009e+000
 -9.9895098e-001
 -1.0489040e+000
 -3.0819747e-002
  7.7914450e-001
  2.7789259e+000
  1.1203253e+000
 -4.3074018e+000
  3.0923844e+000
 -2.7980837e+000
 -1.7152286e+000
 -1.3126235e-001
  4.0536903e-001
  5.9145348e+000
 -4.3518612e+000
 -3.9979730e-001
  4.6567369e-001
 -1.5182308e+000
  1.6886341e-001
 -1.3260731e-001
  5.2027858e-001
 -3.8580267e-001
 -2.1146076e+000
  8.3401755e-001
  4.6360054e-001
  1.0162184e+001
 -5.6042007e+000
 -2.2923283e+000
  1.5402889e+000
 -8.1980814e-001
  5.7703575e-001
 -4.2811094e-001
 -8.1299139e-001
  3.9735974e-001
  4.5731480e-001
  4.3460100e-001
  5.0531777e-001
 -1.1642908e+000
 -1.0410882e+000
  1.4622166e+000
  5.7067270e-001
 -6.0421550e-001
  1.1762465e+000
 -1.2041022e+000
 -1.9689520e-001
  8.6202358e-001
 -1.3990715e+000
  2.8297798e+000
 -2.8641416e+000
 -6.6013088e-001
  2.2623042e+000
  1.0840028e-003
 -5.8093303e-001
 -1.0204412e+000
 -1.9738017e-001
