  6.7603680e+000
 -1.9767083e+000
 -1.8596043e+000
 -2.1579614e+000
  3.5191948e+000
 -1.8414184e-001
 -1.1082067e+000
 -2.3290327e-001
  2.4322657e+000
 -1.7839305e+000
  1.4543548e+000
 -4.1186868e+000
  1.9697229e+000
  2.9595854e+000
 -1.9842557e+000
 -9.1226077e-001
 -1.1506490e-001
  1.0467365e+000
  1.1459584e+000
 -3.1037486e+000
 -2.5806409e-001
  3.0561628e+000
 -3.4001586e+000
  3.4687142e+000
 -6.9645182e-002
 -1.2642933e+000
 -7.2744269e-002
 -1.1472689e+000
  6.2615928e-002
  1.9691975e-001
  5.4790021e-001
  5.0061812e-001
 -1.0385031e-002
  4.8267570e-001
 -1.4976570e+000
  2.0740905e+000
 -1.4095948e+000
 -2.7862418e-001
 -5.3613624e-001
  2.2505057e+000
 -6.6526960e-001
 -1.8967747e+000
  4.0509114e+000
 -3.7452100e+000
  2.4588332e+000
 -2.7299778e+000
 -8.6790688e-001
  3.1941182e+000
 -2.6336999e+000
  5.5817180e-001
  4.6851280e+000
 -3.9844577e+000
  1.5972226e-001
  8.4120489e-001
 -1.3109587e+000
  1.6495306e+000
 -7.1883457e-001
 -1.7104209e+000
 -4.1788317e-001
  1.5027353e+000
  5.5850352e-001
  9.0421512e-001
 -5.6429187e-002
 -9.2568228e-001
  4.3312799e-002
  1.2352490e+000
 -9.4882922e-002
 -7.2868587e-001
  3.1609123e+000
 -4.5384967e+000
 -8.2070544e-001
  3.2500274e+000
 -1.2536070e+000
 -4.6903255e-001
 -1.3557230e+000
  1.2000258e+000
  1.5078045e+000
  1.4664763e+000
 -7.2996426e-001
  2.3651810e-001
 -2.9359961e+000
  5.8351700e-002
  1.4436968e+000
 -1.7170704e+000
  4.6608536e+000
 -5.2449770e+000
  2.3351809e+000
 -7.6747399e-001
  1.2158412e-001
  2.2162617e+000
 -1.4143171e+000
 -1.2182777e+000
 -1.8755994e+000
  4.6915068e-001
  1.3030052e+000
  2.2643666e+000
 -7.4011706e-001
 -9.7004392e-001
  1.1856308e+000
 -2.4869924e+000
  2.2700291e+000
  1.2417020e+000
 -1.5356113e+000
  2.0666115e-001
 -8.0597604e-001
  2.1031080e+000
 -1.2422672e+000
 -3.1685539e-001
 -3.0035834e-001
  1.6547545e-002
 -1.4296327e+000
  3.1987888e+000
 -8.5079354e-001
  2.2249933e+000
 -1.2872880e+000
 -5.8166364e-001
  9.1210331e-001
  1.4611662e+000
 -2.1194407e+000
 -6.2414482e-001
  4.2892241e+000
 -8.4705283e-001
  2.1509742e+000
 -2.1662326e+000
 -2.9742477e+000
  8.6835909e-001
  3.6758290e+000
  6.5706290e-001
 -2.9022588e+000
  1.6417373e-001
  9.7928804e-001
 -3.0031271e+000
  4.4660095e+000
 -2.5101787e+000
 -9.1107097e-001
  5.2171701e-001
  1.9039005e+000
  9.5710490e-001
 -2.6654219e+000
 -2.0822691e+000
  1.1314768e+000
  4.3912962e+000
 -1.1433042e+000
 -3.0140505e+000
  1.8663115e+000
 -4.3477959e+000
  3.2804137e-002
  8.9078826e-004
  2.4549332e+000
 -2.9643976e+000
  1.8088137e+000
 -1.4490490e+000
 -1.3489190e+000
  9.9561402e-001
 -9.7828628e-001
  1.8241471e+000
  3.9949488e+000
 -3.8996441e+000
 -9.5020088e-001
 -7.4283724e-001
  1.7286593e+000
  4.0570722e+000
 -2.9265794e+000
  3.8217164e-001
 -8.6554499e-001
 -2.0605271e+000
  1.9888176e+000
 -9.0973462e-001
  4.7607403e+000
 -4.7469110e+000
 -1.7307361e-001
  4.0293794e+000
 -4.4413185e+000
 -2.9952443e-001
  2.9952941e-001
  8.0822021e-001
  6.5866857e-001
  8.4436434e-001
 -1.9454108e+000
  1.2428104e-001
  2.2870437e+000
  4.4205153e-001
 -1.7860973e+000
  8.1581292e-002
  2.4521167e+000
 -1.5736349e-001
 -2.1357692e+000
 -1.7767027e+000
  1.2015389e+000
  1.7715507e+000
 -3.8059919e+000
  9.6177732e-001
  6.4959428e-001
  3.1888936e+000
 -1.7680049e+000
 -5.1166617e-001
 -2.5612265e+000
  3.0109173e+000
 -2.5953495e+000
  1.4897107e+000
  4.8765563e-001
 -1.2435979e+000
  8.9982649e-001
  7.1313992e-001
 -8.7107445e-001
 -1.3249338e+000
 -4.2929418e-003
  7.6568817e-001
  5.6006576e-001
 -2.3602960e+000
  3.5705913e+000
 -9.6550049e-001
  3.3867740e-001
 -2.5057751e-001
  9.6425774e-001
 -1.5594979e+000
  1.1534314e+000
 -1.9777935e+000
  4.7158248e-001
  1.3639184e+000
 -1.4397066e+000
  1.7787242e+000
  6.7332830e-001
 -8.6624787e-001
 -3.3977077e+000
  1.1952087e+000
  3.9611309e-001
  7.0493524e-001
 -6.2421610e-001
  8.3956856e-001
  2.4646140e+000
 -4.4760718e+000
  1.6261175e+000
  6.3896765e-001
 -3.0878001e-001
  7.4177950e-001
  8.0638800e-001
 -7.6046528e-001
  2.0368622e+000
 -2.2757773e+000
  4.7429972e+000
 -5.7218924e+000
  1.4668300e+000
 -1.5386506e+000
  3.0263296e+000
 -1.6589600e+000
  3.2907264e+000
 -3.5921297e+000
  2.1369327e+000
 -2.3281489e+000
  8.4502480e+000
 -6.1604103e+000
 -1.1860328e-001
  1.8629222e+000
 -2.2197718e+000
  8.4334365e-001
  2.9429442e+000
  1.2537243e-002
 -9.6970353e-001
  1.3729697e+000
  1.5682283e+000
 -1.3388170e-001
  5.8547734e+000
 -6.0142549e+000
 -3.0119948e+000
 -1.8537775e+000
 -1.0661196e+000
  2.0200278e+000
  6.5753308e-001
 -1.3526305e+000
  1.5088425e+000
 -1.0154723e+000
 -8.9904793e-002
  4.3935912e+000
 -4.1997452e+000
 -2.6689052e-001
  3.0700959e+000
 -2.8479240e+000
  1.7998221e+000
  9.9812741e-001
  3.6079770e+000
 -5.2089696e+000
 -1.0752106e+000
  9.0301262e+000
 -8.8870966e+000
  1.3780582e+000
  1.4337620e+000
  1.7655624e+000
 -6.0907248e+000
  1.6453746e+000
 -2.0785065e-001
  2.6277475e+000
 -6.4514762e-001
  1.9253970e+000
  2.3898282e-001
 -1.0512433e+000
  1.1272827e+000
  1.4494189e+000
  3.6004607e+000
 -5.1826132e+000
  1.1169936e-001
  1.1075070e+000
 -1.9544177e+000
  1.3382641e-001
  1.5556127e+000
 -8.6223854e-001
  1.8242786e+000
 -6.4649521e-001
 -1.9618798e+000
  1.4314041e+000
  3.5291929e-001
  1.0358216e+000
 -5.0830281e-001
 -3.1302570e+000
  8.1054310e-001
 -7.0721568e-001
  2.5766633e+000
 -2.7312686e+000
  1.9308350e-001
  4.9878959e-001
  2.5707005e+000
  7.6320081e-001
 -1.1801754e+000
 -1.2616729e+000
 -1.8783423e-001
  1.8753439e+000
 -4.8683465e-002
  4.1774853e-001
 -1.6919485e+000
  3.4352212e+000
 -4.9678360e+000
  4.5651519e+000
 -2.9660773e+000
  1.5701792e+000
 -1.1355166e+000
 -2.7046512e-001
 -4.1935916e-002
  9.0895401e-001
 -1.4380585e+000
  5.4837512e+000
 -2.1254658e+000
 -1.7330970e+000
 -7.6660469e-001
 -5.8031846e-001
  1.6743386e+000
 -4.7085680e-001
  5.1536721e+000
 -1.6901045e+000
  3.2852580e-001
 -1.5625912e+000
 -5.2375244e-002
 -1.3851188e-001
 -2.0932832e+000
  9.8688391e-001
 -8.3131692e-001
  2.6712992e+000
 -7.7847697e-001
 -2.2409083e+000
  1.9384778e+000
 -1.8641969e+000
  2.2956138e+000
 -7.6740650e-001
 -4.5903084e-001
 -7.1667302e-001
 -3.0550240e-001
  5.4394412e+000
 -4.8461186e+000
  4.1031851e+000
 -2.1062844e+000
 -6.2190678e-001
 -1.8211495e+000
  5.8301899e+000
 -1.9170926e+000
 -3.2546966e+000
  1.3492290e+000
 -1.7202280e+000
 -5.0380704e-001
  1.8881685e+000
  2.4768834e+000
 -2.6761885e+000
 -4.3399699e-001
  6.3410714e-001
  1.9964707e+000
 -1.1870063e+000
 -4.4854331e-001
  3.7183307e+000
 -1.2907496e+000
 -1.4684978e+000
  4.8975843e-002
  5.8392824e-001
  1.4135388e-002
 -1.6340610e+000
  6.0511077e-001
 -8.1354448e-003
  1.7286408e+000
 -2.7176272e+000
 -3.5624572e-001
  2.8195902e+000
 -6.7675491e-001
  3.8774393e-001
  2.2482299e+000
  8.5009360e-003
 -9.9629469e-001
 -1.7848868e+000
  1.0639991e+000
 -9.8793464e-001
 -3.1981389e-001
 -6.8601378e-001
  4.9852881e+000
 -4.0921773e+000
  1.2312742e+000
  1.5603096e-001
 -1.2039595e+000
  1.3661820e+000
 -1.6110834e+000
  8.1797500e-001
 -1.8435916e+000
  8.2340662e-001
  4.6896468e-001
 -9.6201529e-001
 -5.1180226e-001
  2.1300950e-001
 -7.7590994e-001
  6.8834320e-001
  8.7028551e-002
  1.4093817e+000
 -1.9511742e+000
  1.7316948e+000
 -8.4881498e-001
  1.4459150e+000
 -1.4663065e+000
  2.1955628e+000
 -2.2406762e+000
 -3.4061304e-002
  1.1694750e-001
  6.4012963e-001
  1.1481399e+000
 -6.2767244e-001
 -1.7022613e+000
  1.2519291e-001
  1.1018528e+000
 -2.1399438e+000
  4.6524732e+000
 -3.8013857e+000
 -1.5290714e-001
  2.1231133e+000
  3.8570577e+000
 -4.9358475e+000
 -3.6923461e-001
  3.7396968e-001
  6.0358260e+000
 -5.3555360e+000
  6.0126020e-001
 -6.1169486e-001
  1.8754186e+000
 -2.1119623e+000
 -1.8295201e+000
  1.1831406e+000
  1.8087725e+000
 -2.2194577e+000
  4.8707279e-001
  1.3619507e+000
  1.9154343e+000
 -1.9684926e+000
  3.6194338e+000
 -1.7123983e+000
 -1.4338913e+000
 -2.4985906e+000
  4.4338122e+000
 -5.2832905e+000
 -2.1397538e+000
  1.5737639e+000
  1.6734003e+000
 -3.1423969e-001
  1.0049961e+000
 -8.1476265e-001
  5.9085113e+000
 -5.9751352e+000
  3.8779509e+000
 -4.9489269e+000
  1.0051227e+001
 -7.5012590e+000
 -9.6175870e-001
  2.7490902e+000
 -3.0546810e+000
 -2.8361684e-001
 -1.0690932e+000
  3.0252179e+000
 -1.6243985e+000
  1.7837267e+000
 -3.2995434e+000
  1.7923636e+000
 -2.5363267e+000
 -2.5801572e+000
  2.2446365e+000
 -9.7303441e-001
  1.0655119e+000
 -7.0372099e-001
  3.9458804e-001
  2.0757497e+000
 -8.4858783e-001
  5.2161662e-001
 -2.7906583e+000
  2.0210951e+000
 -1.4955212e-001
  1.8616984e+000
 -3.4369407e+000
  3.0561828e+000
  2.2849311e-001
 -3.7277976e+000
  8.3267449e-001
  2.6571048e+000
 -5.3523318e-001
 -2.7620865e+000
  5.8894571e+000
 -4.8029792e+000
  9.9931879e-001
 -4.2887556e-001
 -6.5287562e-002
  1.2096500e+000
 -8.3668878e-001
 -3.8661276e-001
 -5.2818305e-001
 -7.9509729e-001
  1.4314292e+000
  1.6792326e+000
 -7.1570176e-001
 -1.6569447e+000
 -6.5504950e-001
  2.8971186e-002
  1.1353014e+000
 -2.7745230e-002
 -1.4491011e+000
  2.6249647e-001
 -1.5768049e-001
  1.2987617e+000
 -1.6017816e-001
 -2.5921679e-001
  2.0872604e+000
 -1.3449570e+000
  2.1075546e+000
 -3.2183693e+000
  5.7066152e-001
  4.5122138e+000
 -3.8224955e+000
  7.8593097e-001
  1.9507197e+000
  2.4573984e+000
 -3.7235435e+000
 -6.3745129e-001
  1.7766542e+000
 -4.5516253e+000
  2.3834784e+000
  9.6477521e-001
 -2.2820645e+000
 -2.3133554e-001
  4.3693978e-001
  5.8711889e-001
 -2.8870579e+000
  1.4084642e-001
 -7.3277491e-001
  4.2223444e-003
 -3.1650761e-002
  3.6943333e-001
  3.6248700e+000
 -2.5885487e+000
 -6.9020114e-001
  6.8389367e-001
  1.8808274e+000
 -9.7202566e-001
  5.6139102e-001
 -1.3654299e+000
 -1.1095309e+000
  2.1199446e+000
  6.9922202e-001
 -1.2896796e+000
  3.3964637e+000
 -3.1657469e-002
 -2.0408010e+000
  1.2292318e+000
  2.0651340e+000
 -4.4742724e+000
  3.9328370e+000
 -2.0689952e+000
  3.7080819e+000
 -3.6507087e+000
  2.9747784e+000
 -2.2939697e+000
  9.4063233e+000
 -9.0434054e+000
  5.9638690e+000
 -3.0709036e+000
 -2.7027530e+000
 -3.8708139e-001
 -2.7465611e+000
  3.2239070e+000
  1.4739887e+000
  9.9591051e-001
 -3.9395192e+000
  5.3052668e+000
 -5.0706985e+000
 -1.2828354e+000
 -1.8281961e+000
 -1.7709704e+000
 -2.5708139e+000
  5.8046331e+000
 -4.8975430e+000
  4.3106288e+000
 -2.4032893e+000
 -9.5076397e-001
  8.9664015e+000
  5.3354839e-001
 -5.9601246e+000
 -6.0437009e+000
 -1.8205475e-002
 -8.2154997e-001
 -8.2667863e-001
  1.7067443e+000
 -1.1633688e+000
 -4.3025292e-001
 -1.1206114e+000
  2.9224280e+000
  8.7661277e-001
 -1.5482181e+000
  8.9412310e-001
  2.7348091e-002
  1.2945802e+000
 -3.8453476e+000
  7.7459755e-001
  9.3642923e-001
 -1.1838830e+000
 -2.3692376e-001
  1.1127374e+000
  5.4057294e-001
 -2.0068855e+000
  3.9689072e+000
 -4.2616078e+000
  4.6192918e+000
 -5.4591822e-001
 -1.5265462e+000
 -3.1053985e-001
 -9.6780603e-001
 -4.9237894e-001
  2.2681511e-001
 -4.0556610e-001
  1.1689576e+000
  2.1422249e-001
  3.9511263e-001
 -1.7222614e+000
  3.0954121e+000
 -8.3548254e-001
 -1.1345263e+000
  1.7000891e+000
 -3.2057338e+000
  2.2253578e+000
  1.7187407e+000
 -1.7348090e+000
  1.4294283e+000
 -2.6330254e+000
  1.4061572e-001
 -1.8058186e+000
  1.8415263e+000
 -6.5075489e-001
  3.1158066e+000
 -2.3976448e-001
 -3.2597624e+000
 -8.6671697e-001
 -7.7668763e-002
 -1.8644541e+000
 -5.6811206e-001
  1.6222099e+000
  4.7224199e-001
  2.0970233e-001
 -1.6381460e+000
 -1.2703460e+000
  8.8335704e+000
 -3.3635714e+000
  5.8352988e-001
 -4.9667906e+000
  3.0087830e+000
 -1.1476911e+000
 -1.1410384e+000
  1.3620896e+000
 -1.9027863e+000
  1.1324190e-002
  3.6515273e+000
 -8.2894731e-001
 -1.0026776e+000
 -2.0488820e-002
 -2.0822985e+000
  2.9041979e+000
  2.0494593e+000
 -8.3127719e-001
 -1.8359236e+000
  3.3233090e-001
  1.3881298e+000
  3.9813097e-001
 -1.9643232e+000
  3.1811524e+000
 -4.1358067e+000
 -3.6919661e-002
  1.0863168e+000
 -1.1100702e+000
  1.2605379e+000
  1.0766895e+000
 -1.1455651e+000
 -6.9534865e-001
 -5.5580475e-001
  5.2481808e+000
 -1.4345945e+000
 -3.0588293e+000
 -9.4151190e-001
  2.4801125e+000
 -5.8611047e-001
  2.5278575e-001
 -6.6576603e-001
  5.3716874e+000
 -2.9263969e+000
 -3.0292800e+000
  7.0862069e-001
  7.1395959e-001
  7.1542869e-001
 -3.0665355e+000
  1.9612828e-001
  3.0191054e+000
  4.4291209e+000
 -5.3841068e+000
  1.7132195e+000
 -1.2748840e+000
  1.2390683e-002
  2.5439000e+000
 -1.9924187e+000
 -9.9879594e-001
  7.4387231e-001
  1.9821100e-002
 -2.4421133e+000
 -7.0698568e-001
  1.0386012e+000
  2.0633058e+000
 -2.8510402e+000
  2.2593314e+000
 -3.5137573e-001
 -4.0797538e+000
  6.9363701e-001
  1.8845910e+000
 -1.6595181e+000
  9.0419049e-001
  2.4424461e-001
  1.8582293e+000
 -3.0129912e+000
  1.3982701e+000
 -2.0387582e+000
  1.5279078e+000
 -6.0570162e-001
  6.8960455e-001
  1.7836817e+000
 -2.9985198e+000
  1.1790259e+001
 -9.7384303e+000
 -8.5554131e-002
  3.8736409e+000
 -1.1714155e+000
 -1.7774434e+000
  6.9827629e-001
  6.9772998e-001
 -3.4575915e+000
  2.5073922e-001
  1.3373793e-001
  2.3202746e+000
 -4.7118991e+000
  1.2668831e+000
 -6.5799604e-001
 -1.7739748e+000
  2.3926989e+000
 -6.1402199e-001
 -1.0577128e+000
  2.9794334e+000
 -2.1480794e+000
  1.7856811e+000
  2.7580526e+000
 -3.5292548e+000
  6.6369075e-001
 -1.4714902e+000
  7.9685522e-001
 -5.0098471e-001
  2.5276230e+000
 -2.1210466e+000
  9.2016536e-001
 -5.8894298e-001
  1.7041152e+000
 -2.8861741e+000
  1.8389823e+000
  6.8815328e-001
 -2.5919405e+000
  3.4776994e+000
 -3.8486323e+000
  3.0934206e+000
 -4.9350455e-001
  2.7039379e+000
 -4.9791075e+000
  4.8032449e+000
 -3.3479924e+000
  2.1389562e-001
  8.4688694e-001
  1.3288068e+000
 -1.6665580e+000
 -1.3188957e+000
 -4.3268434e-001
 -6.0568045e-001
  2.3394682e-002
 -1.9738759e+000
 -1.8994592e+000
  1.2572935e+000
 -1.2094370e+000
 -4.8413121e-001
  1.7343381e-001
  1.0779445e+000
 -1.5343493e-001
 -1.7384475e-001
  1.6813296e-001
 -1.1371932e+000
  3.1373308e+000
 -2.1554886e-001
 -9.5424096e-001
 -5.2273465e-001
  7.0091640e-001
 -7.1287055e-001
  1.2869494e-001
  1.1346191e+000
 -1.4495948e+000
 -7.2850082e-001
  6.8959532e-001
  4.1610040e-001
 -1.4692874e+000
  2.9064438e+000
  4.3106863e-001
 -2.2857778e+000
 -2.2211116e-002
 -9.7552343e-001
  8.5561650e-001
  3.8008442e-001
 -1.2144870e+000
  9.3290325e-002
  1.6384850e+000
 -6.3696912e-001
 -3.4124631e-002
 -1.9249218e-002
  5.9096289e+000
 -4.2160604e+000
  1.3498791e+000
 -2.9116412e+000
  1.8269184e+000
 -1.1392454e+000
 -5.9295437e-001
 -1.8546631e-001
 -2.6809823e+000
  1.0433453e+000
  3.1134298e-001
  1.5720065e+000
  2.7004143e-001
 -6.3456861e-001
 -7.2948224e-001
  6.0377408e-001
 -1.2569782e+000
  5.6331815e-001
 -5.9791314e-001
  2.0300472e-001
  1.8465982e+000
 -3.3033095e+000
  1.2456518e-001
  1.5621722e+000
  1.1220959e+000
 -2.0964344e+000
  7.2999184e-001
 -6.8013666e-001
  2.0057397e+000
 -2.1771769e+000
  1.5874872e+000
 -1.4528099e+000
  1.2134842e+000
 -5.3642724e-001
 -7.4337318e-001
 -1.9509558e-001
  6.3025590e-001
 -1.4818049e-001
  7.7783051e-001
  1.5860405e+000
 -2.1870378e-001
 -8.9872581e-001
  1.2385316e+000
  3.5532615e-001
  1.5408033e+000
 -1.1886410e-001
 -5.7883567e-001
  4.8634124e-001
 -2.7980930e+000
  1.9122039e+000
 -1.3364365e+000
  2.6067787e+000
 -3.4094388e+000
  1.2216605e-001
  1.3316835e+000
  6.9394723e-003
 -9.0199744e-001
  1.0437712e+001
 -5.3358729e+000
 -4.9957090e+000
  8.1287408e+000
 -3.5738643e+000
 -3.5464123e+000
  1.2268434e+000
  5.1076951e+000
 -4.8770535e+000
  1.3514444e+000
 -2.9453852e+000
  9.1516810e-001
  6.0742174e-001
 -5.1029469e-001
  5.4108298e-001
  2.2235376e+000
 -1.6419658e+000
  7.5583299e-001
  4.4553365e-001
 -2.6850263e-001
 -1.8707869e+000
  1.0663262e+000
  1.2624685e+000
  5.3743979e-001
 -1.3691503e+000
  1.3867472e+000
 -1.8905469e+000
  9.3705509e-001
 -1.2369654e+000
  2.5310399e+000
 -2.9380111e+000
 -7.3921182e-001
  6.6653261e+000
 -4.8375806e+000
  1.9048591e+000
 -1.5860399e+000
  8.9687713e-001
 -1.2476249e+000
 -1.2914533e+000
 -2.0257060e-001
 -3.5401674e-001
  3.0011415e+000
 -1.7511422e+000
 -1.2136903e+000
  1.4381826e-001
  2.1691449e+000
 -2.6622757e+000
  1.6556380e-001
 -1.6425886e+000
  4.0206100e+000
 -3.2324491e+000
  3.4244423e+000
 -3.0191880e+000
  3.3167990e+000
  1.1633626e+000
 -5.4418195e+000
 -2.3577061e-001
  4.9948788e+000
 -5.9690759e+000
  4.0206864e+000
 -2.2783522e+000
  5.3034246e-001
  1.3940936e+000
 -2.3253812e-001
 -2.0222257e+000
  9.6914800e-001
 -7.7316258e-001
 -1.1212123e+000
  1.9898441e+000
  4.7092944e+000
 -5.2389846e+000
  2.4354510e+000
 -3.0522752e+000
  4.7111004e+000
 -1.6378085e+000
  9.7256189e-001
 -3.6189119e+000
  9.1590474e-001
 -9.6263324e-001
  1.1238658e+000
 -5.6479329e-001
  3.5953698e+000
 -3.1900417e+000
 -1.4392018e+000
  1.2706038e+000
  4.2683879e-001
  1.3060789e+000
 -1.6028111e-001
 -5.6155354e-001
 -3.5273017e-001
  2.0553247e+000
 -1.8430898e+000
  6.0186890e-002
  3.2076210e-001
  1.7075609e+000
 -3.4593897e+000
  5.2477885e-001
  1.7096672e+000
  9.3163802e-001
  1.8934530e-001
 -1.2744323e+000
 -1.0858043e+000
 -3.8337635e-001
  2.5686527e+000
 -9.1676224e-001
 -8.6883715e-001
  3.6914006e+000
 -3.1103585e+000
  9.0404950e-001
  2.1818607e+000
 -1.5435315e+000
 -1.1425579e+000
 -8.1591399e-001
  1.6690240e+000
 -2.2212938e+000
  1.0950827e+000
 -1.2920510e+000
  1.4915434e+000
 -1.4863211e+000
  3.7543324e+000
 -4.2270352e+000
  3.3497280e+000
  5.1268597e-002
 -1.5438743e+000
  2.4328006e-001
  5.5328901e-001
 -1.8233752e+000
  3.0907726e+000
 -2.5927201e+000
  3.2428171e+000
  1.4399876e-001
 -2.5024595e+000
  5.8687478e-001
  1.8708157e+000
 -1.6423147e-001
 -2.1820550e+000
  1.2414232e+000
 -2.0545483e+000
 -2.1278545e-001
  7.8184396e-001
  2.8467632e+000
 -8.0142799e-001
 -8.3128847e-001
 -1.8521214e+000
  2.1488760e+000
 -2.7449612e+000
  4.7592910e+000
 -1.2470805e+000
 -2.8282085e-001
 -1.1321813e+000
 -2.4036326e-001
  2.9031387e+000
 -1.7625898e+000
  8.6452165e-001
 -1.6581214e+000
  2.8640904e+000
 -1.7687640e+000
 -9.6146716e-001
  8.1431326e-001
 -2.3511634e-001
 -2.0304193e-001
 -2.4985387e-001
  8.6814560e-001
  1.0347313e+000
 -2.6152590e+000
  4.9568400e+000
 -2.5976095e+000
 -1.0306231e+000
  2.8842833e+000
 -3.9857228e+000
  1.8381444e+000
 -2.1646539e+000
  1.9051192e+000
  4.4303044e+000
 -5.4334301e+000
 -2.0046766e+000
  1.4860624e+001
 -1.1745420e+001
 -2.8766572e-002
  3.7789971e+000
 -2.8823968e+000
 -2.9668694e+000
  5.9635874e+000
  5.9668113e+000
 -9.8394465e+000
 -2.3969102e+000
  6.2125665e-001
  5.0312353e+000
 -3.2876258e+000
  2.6433657e+000
 -8.1813264e-002
 -1.6410549e-001
 -7.0866142e-001
  4.2843979e-001
  8.3935401e-001
 -3.9054147e+000
  6.4576482e-001
  2.6475577e+000
  2.2124044e+000
  2.4191423e+000
 -5.5242118e+000
 -2.2807446e+000
  2.3128098e+000
 -1.0424906e+000
  6.8909655e-001
  5.5844371e+000
 -6.1579267e+000
 -3.5208254e-001
  4.8181503e-001
  2.1082790e+000
 -1.2634283e+000
  1.5842648e-003
 -1.1110319e+000
 -4.8321833e-001
  2.4330654e-001
 -5.8423996e-001
  6.5807824e-001
  1.0153445e+001
 -2.8573012e+000
 -5.9713674e-001
  4.2246618e-001
 -2.5429205e+000
  8.6818821e+000
 -9.6279971e+000
  1.1630304e+000
  2.2222599e+000
 -3.0499335e+000
 -2.0189075e-001
  3.6942956e-001
 -5.7114844e-001
 -9.0562557e-001
 -6.4148048e-001
  1.1175170e+000
  4.1762893e-001
  4.2861949e+000
 -2.6441819e+000
 -1.1472146e+000
  1.3219082e-001
 -2.6653486e+000
  6.5949757e-001
 -1.2602184e+001
  2.9955703e+000
  1.3200652e-001
  2.1519707e+000
 -3.7471001e+000
  2.3863842e+000
  1.1144205e+000
 -4.0409451e-001
 -1.6565550e+000
  7.7682739e-001
 -7.7024727e-001
  3.0476824e+000
 -8.2219641e-001
 -1.6051331e+000
  2.4354971e+000
  2.6771859e-001
 -1.2295138e+000
 -9.4976344e-001
  3.2535858e+000
  2.0702434e-001
 -3.9512385e+000
 -1.0046805e+000
 -3.5369481e-001
  2.0492174e+000
  4.6262285e+000
  1.4156126e+000
 -4.3392820e+000
 -1.6175259e+000
 -1.9580200e+000
  1.5239985e+000
  1.3305047e+000
 -2.3138221e+000
  6.9196967e-001
 -4.6157712e-001
  5.6764728e+000
 -7.3682781e+000
  3.4017760e+000
 -2.7439349e+000
  1.6144578e+000
 -2.4433918e+000
  3.7332590e-001
  1.8123295e+000
 -2.6475897e+000
  3.5052325e+000
 -1.9853419e+000
 -1.4016505e+000
  1.4207836e+000
 -7.2848734e-002
  2.8177852e+000
 -2.9671099e+000
 -1.8592681e+000
  2.9465344e+000
 -2.2627198e+000
  2.3032245e+000
  8.4748504e-001
 -2.9745328e+000
  5.7080375e+000
 -2.5978580e-002
 -2.8112046e+000
  7.3111744e-001
  1.1270557e+000
 -1.0067557e+000
 -1.4002043e+000
 -9.7995305e-002
 -2.8861226e-001
  2.2701072e+000
 -1.4123981e+000
 -9.1316790e-001
  2.3841993e+000
 -3.1135321e-001
 -1.6073834e+000
 -6.9393220e-002
 -5.4864366e-001
  2.7159872e-001
 -3.1273060e-001
  1.1818936e+000
  2.9011798e-001
  1.7947201e+000
 -7.9392370e-001
  3.3286760e-001
 -6.6170964e-001
  1.7210416e+000
 -2.1122027e+000
 -3.0118697e-001
  1.3242180e+000
  1.9406746e-002
  2.7156961e-001
 -2.3297873e+000
  2.2001152e+000
 -5.1204737e-002
  3.2839925e+000
 -1.9754591e+000
  8.4170540e-002
 -1.7866386e-001
 -7.6537560e-001
 -6.0070408e-001
  4.4461013e+000
 -1.0237634e+000
 -1.9777080e+000
  2.7272974e+000
 -3.0916399e+000
  2.5248108e-001
  2.0014313e+000
 -1.6483075e+000
  5.9024589e-001
  5.5168534e-001
  7.5793858e+000
 -2.8658935e+000
  3.0894738e-001
  3.9011982e-001
 -9.7708972e-001
 -2.1409556e-001
 -1.2023180e+000
  1.5954556e+000
 -3.8733661e+000
  1.0871878e+000
  6.9206328e-001
  1.4603695e+000
  2.1336259e+000
 -2.0929869e+000
  2.5406829e+000
 -2.6691448e+000
  3.9781427e-001
  1.9605271e-001
 -5.5923466e-001
 -6.3757457e-001
  8.3563834e-001
 -1.7801796e+000
  3.3479118e+000
 -3.5914640e+000
 -1.3761026e+000
  1.9296662e+000
  3.8115818e-001
 -1.4076150e+000
 -1.3569287e+000
