  9.5845509e+000
 -9.1227303e-001
 -7.7297284e+000
  9.9035023e-001
  2.2042788e-002
  5.7537414e-001
  2.9556647e+000
  5.6094429e-001
 -5.0607711e+000
  1.0769112e-001
  3.2232122e+000
 -1.3585946e+000
 -1.7304557e+000
  5.0838385e+000
 -2.5940923e+000
 -1.8409223e+000
  5.8406469e-001
  6.7894393e-001
  2.6396235e+000
  1.2674795e+000
 -1.5026407e+000
 -2.4421719e+000
  2.7435885e+000
 -8.5447974e-001
 -8.9582067e-001
  3.4711220e+000
 -1.8191773e+000
 -5.2249609e+000
  1.9413520e+000
 -2.4451672e-001
 -4.4041911e-001
  1.8938254e+000
 -5.2009530e-002
  1.2421324e+000
 -3.6017751e+000
  4.3133511e+000
 -2.9929267e+000
  1.3408536e+000
 -8.0706434e-001
  1.9452689e+000
 -3.5526287e+000
  2.7840438e+000
  1.3136151e+000
 -6.4032263e-001
 -8.8682777e-001
 -1.1920916e+000
  2.2881499e-001
 -1.2264912e+000
  3.3909425e+000
 -2.8966345e+000
  6.1842685e-001
  2.3195274e-001
 -7.1404343e-001
  1.0303330e+000
  3.5433500e+000
  2.0290244e+000
 -3.4329724e+000
 -7.2809087e-001
  2.5019087e+000
  2.9909903e+000
 -3.6772256e+000
  7.3121939e-001
 -2.2643413e+000
  3.0199166e+000
  3.2060012e+000
  2.5096244e+000
 -3.2203943e+000
  2.6581445e+000
  8.1782777e-001
 -3.0815694e+000
 -1.8394362e+000
  1.3713124e+000
  1.1348780e+000
 -5.9117346e-001
 -1.4309411e+000
 -5.6723015e-001
  3.2732881e+000
 -4.7825332e+000
  4.4189256e+000
 -3.1866516e+000
  6.7859240e-001
 -8.3641557e-001
  8.0093724e-001
 -1.2177921e+000
  4.3574640e-001
  2.2072492e-001
 -6.4106342e-001
  3.2057368e+000
 -1.1715401e+000
  1.4226110e+000
 -2.0937761e+000
  1.0047862e+000
  3.5217554e+000
 -6.9226705e+000
 -3.0802408e+000
  3.4281931e+000
 -6.7017411e-001
 -1.3516453e+000
  5.7220131e+000
 -1.9117274e+000
 -2.7293863e-002
  1.8292799e-002
 -1.2758804e+000
 -1.6983439e+000
  1.0295553e+000
 -4.3462315e-001
  9.5000000e-001
 -1.4096866e-001
 -6.2204339e-001
  8.3306633e-001
  9.8051611e-001
 -2.4176799e+000
  6.0564095e+000
  1.9836789e+000
 -3.9053425e+000
  2.0958206e+000
  5.0067000e-001
  1.7647683e-001
  1.8855528e+000
 -6.8180453e-001
  7.7837522e-001
 -4.3138346e-002
 -2.3297845e+000
 -1.3056797e+000
  5.5460255e+000
  5.5588748e-001
 -2.7481298e+000
  6.0449345e+000
 -7.3845161e+000
  2.0499608e+000
 -2.6412112e-001
 -3.2789681e+000
  6.1514310e+000
 -1.4659719e+000
 -7.8608789e-001
  5.5281580e-002
 -4.1723025e+000
  2.6292492e-001
 -6.0685800e-001
  1.6182783e+000
  1.9671221e+000
 -2.6287058e+000
  1.7284638e+000
 -1.8887770e-001
  3.5244525e-001
 -1.8524593e+000
  2.6706230e+000
 -1.2807481e+000
  5.4297737e+000
 -2.5436860e+000
  1.9549249e+001
 -2.0621758e+001
  3.0244547e+000
  1.2248870e-001
  5.6055110e-002
 -3.9629226e-001
 -1.6249113e+000
  2.5657603e+000
 -2.7232813e+000
  4.7133846e-001
 -3.1907111e+000
  4.9752680e+000
 -5.1578601e+000
  5.1835434e+000
 -3.1209396e+000
  9.0473837e+000
 -8.4064930e+000
 -9.3083788e-001
  3.9439345e+000
 -8.5949868e-001
  2.4702652e+000
 -6.5161128e+000
  6.6307953e-001
  4.7108395e+000
 -1.4774930e+000
 -3.6825134e-001
 -5.3382066e-001
 -6.0517936e-001
  5.9370825e-001
  5.7997356e-001
 -4.8326696e-001
  3.0619342e+000
 -3.0849365e+000
  4.6208499e-001
 -1.0486246e+000
 -1.9168959e-001
  7.8433631e-001
  8.4497415e+000
 -5.3559591e+000
  1.1060565e+000
 -2.5737388e+000
  1.7108633e+000
 -3.4211283e+000
  3.0051975e-002
 -1.1561573e+000
  4.6825340e-001
  3.5105244e+000
 -1.8026439e+000
 -2.1244471e+000
 -5.0195354e-001
  9.8701888e-001
  6.7928301e-001
  3.0740745e+000
 -3.8027973e+000
 -2.2112746e+000
  4.3136369e+000
  1.0969886e+000
 -1.5833518e+000
 -1.8200051e+000
  7.2786829e-001
  2.9680331e+000
 -2.4963954e+000
  1.3353520e+000
 -7.4196950e-001
  3.7810473e-001
  1.6427664e+000
 -2.8521443e+000
  3.9145357e+000
 -1.4471589e+000
 -2.1839753e-001
  2.7411639e+000
 -1.3874246e+000
 -2.2082685e-001
 -4.6352894e-001
 -2.8245533e+000
  1.6905174e+000
  1.2096068e+000
 -4.0870746e+000
  4.9285452e+000
 -2.7214574e+000
  1.6390669e+000
 -1.5474039e+000
 -3.8286285e-002
  5.7117879e-001
  7.6078559e-001
 -7.8947382e-001
 -6.2206300e-001
  1.5652848e+000
  5.0682145e-002
  4.0207230e+000
 -4.8643320e+000
  1.2419193e-001
  1.3506051e-001
 -1.0382657e+000
  2.7501775e+000
 -3.6692061e+000
  4.9213250e+000
  1.7797930e+000
 -4.5338719e+000
 -7.0838597e-002
 -6.9367161e-001
 -3.8278180e-001
 -5.7442917e-001
  1.3020971e+000
 -1.4454667e-001
  3.7267186e+000
 -3.4276266e+000
 -5.3399669e-001
 -6.2607884e-001
  9.9446430e-001
 -2.4976645e+000
  8.9241315e+000
 -6.7663904e+000
 -8.3516079e-001
 -3.1913900e+000
  8.3900137e+000
 -4.1093657e+000
 -4.7990017e-001
  4.3691994e+000
 -2.4780376e+000
  2.3986365e-001
 -3.2034756e+000
  7.8975373e-001
  2.5779678e+000
 -3.1020140e+000
  2.0541072e+000
  7.6268041e-001
 -3.3957735e+000
  1.8388904e+000
 -2.4923141e+000
  2.9100982e+000
  1.8214390e-001
  6.2013142e+000
 -4.3746158e-001
 -2.7603296e+000
  2.5794620e+000
 -2.6241304e+000
  7.9362922e-001
  3.1576069e+000
 -3.6974686e+000
 -2.9372966e+000
  6.7119186e+000
 -1.8666359e+000
 -3.0542444e+000
  2.5761200e+000
 -1.5146158e-001
 -1.8549613e+000
  1.5667284e+000
  2.2221290e+000
  1.5371864e+000
 -1.8198946e+000
  8.7109096e-001
 -2.4822086e+000
  3.0587859e+000
  1.9331882e+000
 -8.0640488e+000
  1.2691569e+001
 -1.1983420e+001
  2.2010988e+000
  1.4789000e+000
  1.2785621e+000
  4.1025013e+000
 -9.5336771e+000
  2.5352186e+000
  2.6699313e+000
 -1.8137892e+000
 -1.5829001e+000
  5.7441215e+000
  6.7612858e+000
 -2.7805195e+000
  1.1903573e+000
 -8.9540069e-001
  1.0073539e+000
 -7.7919343e-001
 -1.2007342e+000
  1.5838384e+000
  2.0032744e+000
 -3.3699532e+000
  2.2721878e+000
 -2.9260873e+000
  2.0366815e+000
  1.5269142e+000
 -2.2132649e+000
 -1.0467211e+000
  8.2790314e-001
  1.5449400e+000
 -1.1149414e+000
 -1.9613477e+000
  1.6080527e+000
 -4.4220283e-001
  1.9104295e+000
  1.4986978e+000
 -1.9624847e+000
 -1.6981627e+000
 -1.0237462e+000
 -3.8066887e-001
  4.6527263e+000
 -1.5830057e+000
 -3.2657569e+000
  1.0942122e+000
  2.9174080e-001
  1.0566279e+000
  6.5276137e-001
 -1.0947234e+000
 -2.4934375e+000
  1.5269238e+000
 -2.2311361e-003
  3.6707559e-002
  9.0034075e-002
  3.5950092e+000
 -4.5272326e+000
  3.4794747e+000
 -2.1855171e+000
 -5.6739723e-001
 -1.7606552e+000
  2.2834668e+000
  1.5928362e+000
  7.7636353e-001
 -1.8890940e+000
  1.3788518e+000
 -1.9246091e+000
  5.3379886e-001
 -3.4368182e-001
  1.7168621e+000
 -1.7984477e+000
  1.2271917e+000
  5.4128892e-001
  8.5814173e-001
  2.2661900e+000
 -5.5329054e+000
  3.7506869e+000
 -3.2777251e+000
  3.1812667e+000
  7.0631706e-001
 -4.2363087e+000
  1.8173219e+000
 -2.2669932e+000
  1.6027497e+000
  1.6434544e+000
 -2.1977673e+000
 -1.2746303e+000
 -2.2403796e+000
  3.0999700e-001
 -2.3089895e+000
  2.9658286e+000
 -1.2140950e+000
  2.2991217e+000
 -3.8724266e+000
  1.2689761e+000
 -5.5594194e-001
  1.8673436e+000
 -8.4012594e-001
  2.7517765e+000
 -1.4908201e+000
 -7.9782405e-001
  1.0041726e+000
 -2.7811327e+000
  1.0964402e+001
 -1.0745189e+001
  3.0061590e-001
  2.8562985e+000
 -2.9162255e+000
  1.8038319e+000
 -9.2065527e-001
  1.3397084e+000
 -1.0668587e+000
  9.7446454e-001
 -1.0090085e+000
 -3.2861530e-001
  8.6059066e-001
 -2.4130534e+000
  3.2609740e+000
 -2.0467726e-001
 -2.7751403e+000
 -1.1310819e+000
  5.1056290e-001
  5.3693753e-001
 -3.5201020e+000
  5.1120973e+000
 -2.7177722e-001
 -2.1582525e+000
  1.8918601e+000
 -3.5055925e+000
  1.7522958e+000
  6.2416296e+000
 -3.5359203e+000
 -4.4580050e+000
  6.0456815e+000
 -4.1197594e+000
 -3.5396957e+000
  5.2270305e-001
  2.8356233e+000
 -6.4254067e-001
 -1.1361891e+000
  6.2639257e-001
 -8.6060389e-001
 -1.7218519e+000
  3.2933744e+000
 -1.4973793e+000
  6.5744580e-001
 -3.0322422e-001
 -3.6100928e-001
  2.2888221e-001
 -1.1394576e+000
  1.2869258e+000
 -1.3080498e+000
  1.4851686e+000
 -4.1684688e-001
  2.4437700e-001
 -1.8055922e+000
  2.1209800e+000
  1.0589399e+000
 -1.3616360e+000
  3.1689753e-001
  5.7714329e-001
  2.0180842e+000
 -5.0760482e+000
  3.5835192e+000
 -2.8063591e-002
 -4.6444388e-001
  1.1397005e+000
 -1.5326248e-001
  2.1196110e+000
 -9.3506183e-001
 -2.9707471e+000
  1.4881226e-001
  7.4199867e+000
 -5.8776338e+000
 -1.7498886e+000
 -8.3173767e-001
  2.4761982e+000
 -1.5367899e+000
  1.1004977e+000
 -3.4441530e-001
 -4.9350587e-001
 -1.0723750e+000
 -8.9413175e-001
  2.0628135e+000
 -7.7211993e-001
  1.0378435e+000
 -2.1716166e-001
 -4.1449884e-001
  1.8959876e+000
 -1.7767827e+000
 -1.1348121e+000
 -2.5463644e-001
  5.3147370e-001
 -2.9269915e-001
 -7.8287328e-001
  5.1725063e-001
  6.1885501e-001
 -2.5798478e-001
  6.2752632e-001
  2.4716286e+000
 -2.5528469e+000
  1.2969547e-001
 -8.2621424e-001
  1.0729550e+001
 -5.8513445e+000
 -1.9554663e+000
  1.0397980e+000
 -2.8448174e+000
  1.3126890e+000
 -1.7404083e+000
  1.7710769e+000
 -7.6467058e-001
  8.2162766e-001
 -8.2735507e-001
  1.7931912e-001
  2.3190535e-001
 -4.1510416e-001
  1.1813019e+000
 -3.7697962e-001
  6.7396953e-001
 -4.0910900e-002
  1.8860485e+000
 -2.6540044e+000
  2.6562566e-001
  3.2853901e-001
 -1.2504486e+000
  1.4024779e+000
  7.7370897e-001
 -8.1382474e-001
  4.2328261e-001
 -5.2967751e-001
 -1.2384404e+000
  5.8666483e-001
  1.7011194e-001
  6.4775892e-001
 -5.2117422e-001
 -2.0204225e-001
  1.8346233e-001
 -1.1607982e-001
  2.5853300e-001
 -4.4720273e-001
 -2.7066178e-001
  6.4845230e-001
 -1.5416034e+000
  1.7063208e+000
 -2.4923028e-002
 -2.7468818e-001
  2.1090286e-001
 -6.0420001e-002
 -6.1211854e-001
 -1.1297593e-001
  1.7578334e+000
 -8.1873879e-001
 -3.0914709e-001
  7.9563929e-002
  6.3058142e-001
  1.2697440e+000
  9.0980447e-001
 -3.2252426e+000
  4.5116644e-001
  1.4057055e+000
 -1.1223279e+000
  1.3461658e+000
 -5.3786438e-001
  1.9057992e+000
  1.7448933e+000
 -1.7996835e+000
 -7.6474428e-001
  7.1266231e-001
  8.6684838e-002
 -3.8204826e-001
 -1.2786757e+000
  9.8574138e-001
 -3.5554845e-001
  1.7645766e+000
 -2.2529079e+000
  2.0279255e+000
 -9.5864764e-001
 -5.1305454e-001
 -3.6958271e-002
  9.7391865e-001
 -1.7261735e+000
  3.0140032e-001
  6.6614614e-001
  1.3038296e+000
 -2.8598602e+000
  1.3766672e+000
 -2.6499815e+000
 -1.3223028e+000
  2.1828157e+000
 -6.3793770e-001
  4.1738083e-001
  1.1997914e+000
 -1.5401569e+000
 -2.5927497e-001
  2.5092848e-001
 -1.4462168e+000
  1.4895325e+000
  3.3025420e+000
 -4.6422911e+000
 -3.8115847e-001
  3.0925929e+000
 -1.5452852e+000
  3.1724578e+000
 -2.9819251e+000
  5.7244157e-001
  1.3566211e-001
  2.2676640e+000
  2.4918818e+000
 -4.1750344e+000
  1.1138947e+000
  1.5987283e-001
 -3.2192596e+000
  1.4565939e+000
 -6.2664320e-001
 -2.4003511e+000
  1.1819312e+000
  2.4746073e-002
  1.6535942e+000
 -2.0352180e+000
  3.1931242e+000
 -1.0395614e-001
 -2.3044813e+000
  8.1694712e-001
  6.5125905e-002
  7.3467540e-001
 -1.5461445e+000
  3.4418262e-001
  2.5388642e+000
 -2.2334413e+000
  3.2609705e+000
 -3.3386191e+000
  1.4281170e+000
  4.9298923e-001
  2.3260446e+000
  1.1667192e+000
 -1.3370587e-002
  3.5465614e-001
 -2.6210247e+000
  1.9265981e+000
 -1.3099615e+000
  3.8703737e-001
 -1.0142510e+000
  2.9611704e+000
 -4.0457800e+000
  1.7885091e+000
 -2.1056106e-001
  5.0067163e+000
 -7.0086858e+000
  1.6068302e+000
 -3.1742303e-001
 -6.1908638e-001
 -7.5513609e-002
  1.8842283e-001
  1.4440640e+000
 -1.8015825e+000
 -4.1322540e-001
  2.6244551e+000
  1.9370702e-001
 -8.3507807e-001
  9.2679765e+000
 -9.9358490e+000
 -2.1447731e+000
  1.2447931e+001
 -9.3753263e+000
  1.7819294e+000
 -6.0805322e-001
  3.0600204e+000
 -5.3405414e+000
 -1.5629246e-001
 -9.0822447e-001
  1.0140188e+000
  8.9631713e-001
 -7.7639077e-001
  1.6406265e+000
 -1.1426182e+000
 -7.2452955e-001
 -8.5697347e-001
  4.5731487e+000
 -1.1193077e+000
 -1.3306573e+000
  2.3688991e+000
 -2.1406307e+000
 -1.6126331e+000
  2.0294755e+000
  1.3626262e+000
 -2.2175054e+000
 -4.1457558e-001
  1.3418124e+000
 -1.9157177e+000
  2.4733790e+000
 -2.7494264e+000
  1.1434682e+000
  9.7787310e-001
 -2.1107538e+000
  3.1614059e-001
  1.8251171e+000
  7.0873049e-001
 -1.9704729e+000
  8.9035708e-002
  1.3316686e+000
  2.2618788e+000
 -3.3464139e+000
  1.8165846e+000
 -1.9762605e+000
  2.1142865e+000
 -3.1702950e+000
  1.7351493e+000
  8.4196765e-001
 -9.6057192e-001
  1.1305833e+000
 -1.3568329e+000
  2.6151493e+000
 -1.9477693e-001
  2.1867841e+000
 -2.3754094e+000
  1.7607863e+000
 -2.6406157e+000
  1.4076489e+000
 -1.3271015e+000
 -5.9550312e-001
 -7.9033870e-001
  2.4595752e+000
 -3.1353395e-001
 -3.6406267e+000
  3.2076791e-001
 -9.2290773e-001
 -5.3672445e-001
  2.3519486e+000
 -1.7213454e+000
 -4.7625783e-003
  1.5855885e+000
 -2.6493807e+000
  6.1160547e-001
  4.5661309e-001
  1.7132394e+000
 -1.9322550e+000
 -2.8433291e-001
  2.9859676e-001
  1.3907733e+000
 -1.4756555e+000
  6.4328120e-001
 -2.6550379e+000
  3.1656654e+000
 -1.8219255e+000
 -1.0406851e-001
  6.3762161e-001
  1.0735451e+000
  1.5552457e+000
 -2.6127115e+000
  1.6723620e+000
 -1.0847848e+000
  2.7394079e+000
 -7.8057056e-001
 -1.2124398e+000
 -3.0630616e+000
  4.5167091e-001
  1.8532748e+000
 -6.8110692e-001
 -5.2219996e-001
 -8.3205728e-001
  5.4671456e-001
  4.2130836e-001
  8.3938043e-001
 -5.5723717e-001
  8.8312446e-001
  1.4705854e+000
 -4.6969675e-001
 -6.9123194e-001
  1.8160922e-001
 -8.4426409e-001
 -1.5273562e-001
  8.0397205e-001
  2.9659240e-001
  7.3279849e-001
 -2.4175623e-001
  1.6939557e+000
  4.1168810e-001
  2.4441355e+000
 -2.1579262e+000
 -1.1037373e+000
  2.2993345e+000
 -2.4490733e+000
  3.1030651e+000
 -1.9582427e+000
  1.5453071e+000
 -4.6932967e-001
 -1.0923183e+000
  1.5211453e+000
 -5.6573906e-001
  7.0087282e-001
 -1.6445394e+000
  3.7511076e+000
 -3.4854794e+000
  1.5375090e+000
 -2.5948018e+000
  5.5368256e+000
 -3.5145175e+000
 -3.7408505e-001
  9.3408721e-001
 -1.6591788e+000
  3.5414984e+000
 -3.2892425e+000
  8.6850000e-001
 -9.3210829e-001
  3.0234610e+000
 -4.7514772e-001
 -1.9501946e+000
  8.4149867e-001
  6.4751146e-001
 -3.7324769e-001
  4.2345216e-001
 -5.4626523e-001
 -1.3339927e+000
  3.4605033e+000
 -2.0164168e+000
  2.2218858e+000
 -2.0474319e+000
  4.2286985e+000
  3.3904191e+000
 -3.0112904e+000
 -3.0562171e+000
 -1.6357884e+000
 -1.6220958e+000
 -3.1144463e-001
  1.8473491e+000
 -2.3171965e+000
 -2.3511348e-001
  2.2556193e+000
 -2.9489944e+000
  6.6982437e-003
 -4.1469615e-001
 -2.6596135e-001
  1.2004088e+001
 -9.6602027e+000
 -1.6532338e+000
  5.8236487e+000
 -5.9457058e+000
  3.1938631e+000
 -1.7324599e+000
  1.6085491e+000
 -1.4252937e+000
  8.4912800e-001
 -1.7044036e+000
  3.1128286e+000
 -8.6075100e-001
 -6.2621635e-001
  8.6219922e-001
 -1.9997480e-001
 -1.4609094e+000
  1.5920404e+000
 -1.7418088e+000
  2.3382044e-001
 -2.6738147e-001
  1.2781744e+000
  1.6504361e+000
 -2.7171778e+000
 -6.4845588e-001
  3.3071825e-001
  1.5382279e+000
 -7.6952202e-001
 -7.7991980e-001
  4.0327204e-001
  2.3281994e-001
  9.8962631e-001
  3.3644424e-001
 -2.0933858e+000
  9.0761273e-001
 -4.5876855e-001
  8.8270374e-001
 -1.2051376e+000
 -3.0749080e-001
  5.1170361e-001
  3.5359947e-001
  3.1840877e+000
 -3.4255537e+000
 -2.2257030e-001
  3.0185961e+000
 -2.7130452e+000
  9.3719731e-001
  5.1464338e-001
 -1.2982173e+000
 -1.4174581e+000
 -2.8188519e+000
  3.7631111e+000
  1.0232316e+000
 -1.3737770e+000
 -8.4899561e-001
  3.3904820e+000
  2.1466921e-001
 -4.2890448e+000
 -4.8087700e-001
  5.2815019e+000
 -4.6518191e+000
 -5.5048661e-001
  1.6020400e+000
 -1.4746942e+000
 -3.1284739e-001
  2.7260833e+000
 -1.6026010e-001
 -7.7504708e-001
 -3.1034507e-001
 -1.0425005e+000
  1.1714179e+000
  9.6705311e-001
 -1.2168249e-001
 -3.6428751e-003
 -2.6774396e+000
 -1.5373272e+000
 -1.0369911e-001
  2.6170525e-001
  3.8329126e-001
  7.8478464e-001
  2.9550608e+000
  4.3265116e+000
 -8.3766191e+000
  3.9097842e+000
 -2.2350014e+000
 -2.7273770e+000
  2.6910794e+000
  3.2559100e+000
 -5.2658407e+000
  5.0599958e+000
 -3.2349769e+000
  3.6382206e-001
  7.7522294e-001
 -2.6919135e+000
 -8.1795324e-001
  8.7753249e-001
 -2.6970163e+000
  2.0296932e+000
 -1.2616276e+000
  1.2566308e+000
  2.9736872e-001
 -5.6748321e-001
 -9.7110418e-001
  2.9312136e+000
  4.7678598e-001
 -1.9238414e+000
  1.6978139e+000
 -3.6837239e+000
  2.9266622e+000
 -2.5511418e+000
 -1.0071027e-001
  1.1486931e+000
 -2.3463860e-001
  4.6704254e-001
  1.9826215e+000
 -3.1228847e+000
  1.1763791e+000
 -2.8009232e-001
 -2.2399956e+000
 -5.4624931e+000
  4.9475909e+000
 -2.3066191e+000
  2.1104918e+000
  1.7298387e+000
 -3.0313753e+000
 -3.0650779e-001
  1.0380443e+000
 -1.2740093e+000
  1.4455609e-001
 -3.8878810e-001
  4.2637245e+000
 -4.9491169e+000
  9.6777054e+000
 -8.5466112e+000
  4.2017866e+000
 -1.4138317e+000
 -6.0174074e-001
 -1.5938353e+000
  1.0570253e+001
 -8.1176845e+000
 -7.9624175e-001
  1.0338707e+000
 -1.2766959e+000
 -1.4819666e+000
  1.5264985e+000
  2.7666480e+000
  1.4453867e-001
 -3.5907295e+000
 -2.2267613e+000
  7.8764930e+000
 -5.9096960e+000
  4.1353194e-001
  3.2374562e+000
 -1.6080135e+000
  1.4171005e+001
 -1.0983592e+001
  1.1842266e+000
  2.2230488e+000
 -1.3387248e+000
 -1.6688132e+000
  9.3022749e+000
 -4.2035994e+000
 -6.8316173e-002
  1.7790735e+000
 -4.0913062e+000
 -9.7410922e-001
  2.7959837e+000
  7.5027238e-001
 -2.4081389e+000
 -7.9843513e-001
 -6.3784324e-001
  3.5506021e-001
  3.4928912e+000
 -7.2144416e-001
 -3.8259905e-002
 -9.3450367e-002
  2.0280100e+000
 -2.7851319e+000
 -2.4561084e-001
  1.6374816e+000
  2.4701209e+000
 -3.7818941e+000
 -7.8932292e-001
  3.0624407e-001
  3.0823507e+000
 -2.5345851e+000
  1.6099733e+000
 -5.8539361e-001
 -1.5858956e-001
 -1.3935035e+000
  5.9919895e-001
 -3.0000200e-001
  4.3887461e-001
  1.5182567e+000
 -3.6164786e-001
  1.1011379e+000
 -3.9485056e-001
 -1.7931843e+000
  1.1419395e+000
 -6.4153183e-001
  2.2474455e+000
 -2.7170231e+000
  2.2156980e+000
  2.1860216e+000
 -2.6453621e+000
  3.0155174e+000
 -1.9579253e+000
  8.2508014e-001
 -1.6276283e-001
 -3.6429310e+000
  8.9509240e-001
  5.1530963e-001
 -1.1724082e+000
  5.0777304e+000
 -2.7745021e+000
  2.9628530e-001
  5.3265753e+000
 -4.2887241e+000
  3.7193089e-001
 -2.1576326e+000
  1.2755016e+000
 -1.7568614e+000
 -1.2972098e+000
  3.6539257e+000
 -2.4068826e+000
  3.1720672e+000
 -3.6230848e+000
  1.7272235e-001
 -1.1851195e-001
  3.6201563e+000
 -2.3716554e+000
  3.1806581e+000
 -1.0744719e+000
 -1.3832799e+000
 -2.0222868e-001
 -1.3038566e+000
  6.4294459e+000
 -6.7088980e+000
  2.6304020e+000
 -3.8748527e+000
  4.3572034e+000
 -1.3272168e+000
 -1.8901945e+000
 -3.4976023e-001
  4.1642064e+000
 -1.4216536e+000
 -5.6044212e-001
  1.4276357e+000
 -2.6650712e+000
 -4.2141236e+000
  4.0883141e+000
 -1.9939884e+000
  6.8065169e-001
 -3.1626327e+000
  2.7404011e+000
  3.7377920e+000
 -2.3309216e+000
 -1.3977089e+000
  3.0170060e+000
 -3.4222280e+000
  1.4170388e+000
 -1.8347441e-001
  1.0866207e+000
 -2.1261219e-001
 -2.3879734e+000
  1.8166383e+000
 -1.3366773e+000
  4.5037691e-001
  3.0412249e-001
  8.1287240e+000
 -4.1273982e+000
  4.5757412e-001
 -5.8111501e-001
 -1.0626152e+000
  2.3573462e+000
 -1.9580022e+000
 -1.0587740e+000
  1.1892442e-001
  8.6170217e-001
  3.6720477e+000
 -3.5839750e+000
  1.2825002e+000
 -7.2974321e-001
 -1.4477421e-001
 -2.7047875e+000
  1.3738827e+000
 -3.8921040e-001
  2.1371455e+000
  1.0624756e+000
 -2.3272352e+000
  4.4534316e+000
 -4.1674071e+000
  7.6062595e-001
 -1.7107578e+000
  2.6264249e+000
 -4.9423283e-001
  7.5250424e-002
 -9.5459116e-001
 -2.7522536e-001
  8.3322961e-001
  2.9596265e+000
 -2.7271036e+000
  3.4312100e-003
  2.3427361e+000
 -2.5030782e+000
  6.8256479e-001
 -5.2355168e-001
 -4.2514032e-001
  2.7146159e+000
 -6.8952512e-001
  2.2799758e+000
  1.4485620e+000
 -2.4118609e+000
 -6.6327399e-001
 -2.8194132e+000
  9.5430985e-001
  4.8626644e+000
 -2.7754051e+000
 -1.6461246e+000
 -1.6562171e+000
  9.8124264e+000
 -6.3881600e+000
 -7.5434125e-001
  1.2838326e+000
 -1.8700603e+000
  9.0349287e-001
  6.1343425e-001
  4.0104848e-001
 -2.8291115e+000
 -2.2746854e-001
  3.4266419e+000
 -1.2564064e-001
  7.1948320e-001
  8.1847132e-001
 -3.8179303e-001
  8.2686186e-001
 -4.3009627e+000
  1.8506403e+000
 -1.1170236e+000
  3.1002221e+000
 -1.5362620e+000
  3.7711780e+000
 -3.1893808e+000
  1.1647423e+000
 -1.6192856e+000
  4.3931054e+000
 -2.4710532e+000
  1.8811560e+000
 -4.1905820e+000
  5.2903042e-001
 -5.8209114e-001
 -1.2901451e+000
  5.7497288e-001
 -3.0715740e-002
 -2.8476558e+000
  2.3175595e+000
 -3.7593555e+000
  1.3399811e+000
  3.1767138e+000
  8.0929899e+000
 -4.1325567e+000
  1.9282868e+000
 -1.7697926e-002
 -4.9948439e-001
 -2.2177151e+000
  9.5947316e-002
 -9.4564488e-001
  1.4933197e+000
  8.0018519e+000
 -6.6371138e+000
  8.4568889e-001
 -2.7257661e-002
 -1.8549747e+000
  7.1484245e+000
 -3.6306079e-001
 -5.0538295e+000
 -1.3245681e+000
 -1.3666440e+000
 -4.7544792e+000
  1.1233876e+000
  1.0731656e+000
  7.2849522e-001
 -9.0213424e-002
 -2.0602495e+000
  3.0272116e+000
  5.6040553e-001
 -3.5718101e+000
  2.3375149e+000
  2.8227622e-001
  9.1358072e+000
 -4.1342783e+000
 -6.7907419e-001
 -1.3924394e+000
  3.3617187e+000
 -3.7470140e+000
  3.0284751e+000
 -2.4894965e+000
  8.3059654e-001
  9.9982650e-001
 -1.4475674e+000
  5.0671848e-001
 -1.9765309e-001
  3.0913670e+000
 -3.4340579e+000
  9.6861679e-001
 -1.2378452e+000
 -8.2169268e-001
  8.2564020e-001
  7.8061622e+000
 -6.4668710e+000
 -1.3161253e+000
  2.5241502e+000
  8.2310418e+000
 -4.9364260e+000
  1.0072333e+000
  8.6618852e-001
  1.2315676e+000
 -3.2759985e+000
  3.3305454e+000
 -3.3078328e+000
  1.8524877e+000
  5.2402858e+001
 -4.9319154e+001
  2.6791603e+000
 -3.3295756e+000
  3.5922176e-001
 -5.3253552e-001
