  9.9209726e+000
 -2.8571917e+000
 -2.4320975e+000
 -2.6445985e+000
  4.2800423e+000
 -3.8928264e+000
  4.1956971e+000
  2.5132926e-001
 -1.9408641e+000
 -1.0804520e+000
  1.5296042e+000
  2.3812107e-001
  1.7670203e+000
 -5.4439368e+000
  1.4615037e+000
  2.3324782e+000
 -4.9078170e+000
  8.1454068e+000
 -3.2683007e+000
  4.4763116e-001
  3.5086099e+000
  2.3355640e+000
 -8.1135860e+000
  2.1121584e+000
 -9.7241454e-001
 -2.7067532e+000
  2.4273500e+000
  6.7366171e-002
 -2.5307763e-001
  8.7617572e-001
  2.8268050e-001
 -1.5480804e+000
 -2.0010205e+000
 -1.4699546e-001
  8.0230360e-001
  7.1422728e-001
  3.4221689e-001
  2.3432400e-001
  3.7629329e-001
  1.0000538e+000
 -2.2183422e+000
  2.3039441e+000
 -2.1557861e+000
  2.9310582e+000
 -7.6909822e-003
 -1.2339935e+000
 -1.6024405e+000
 -1.9725029e-001
 -3.1954850e-001
  7.9800938e-001
  9.7260186e-001
 -1.3549142e+000
 -1.5955070e+000
  5.4303211e-001
  1.1187282e+000
 -1.5121958e+000
  3.3946688e+000
 -1.3689950e+000
 -2.5347085e+000
  4.5281554e+000
 -2.0012017e+000
  2.8853422e+000
 -3.4211515e-001
  7.9438425e-001
 -2.4435101e+000
  3.7563959e+000
 -5.5017578e+000
  2.9905350e-002
  2.2567249e+000
 -2.7975470e+000
  1.5595591e+000
  3.1767636e+000
 -3.3854680e+000
  2.3020579e+000
 -3.4506530e+000
 -6.7073784e-001
  1.2542001e+000
 -2.4187805e+000
  2.2149389e+000
 -5.9420091e-002
  2.3718825e-002
  1.3797083e+000
 -5.1772871e-001
 -1.4709726e+000
  6.8022926e-001
  1.6499376e+000
 -9.6366246e-001
  3.1947370e-001
 -4.1736319e-002
  3.2154718e+000
 -3.8650971e+000
  2.2242399e+000
 -3.8692591e+000
  2.3995986e+000
 -2.2160625e+000
  1.7490215e+000
  6.7676284e-002
 -1.2777588e+000
  2.3390122e+000
 -2.2666703e+000
  5.6743152e-002
  1.3375353e+000
  1.6357644e-001
 -7.1439443e-001
  1.5543867e+000
 -7.3923285e-001
  8.8530077e-001
 -2.3288539e-001
  3.3257456e+000
 -2.5213752e-001
  3.4190134e-001
  3.0932180e-001
 -2.0191168e-001
 -2.2329346e-001
 -2.4492444e-001
 -1.6078977e+000
 -1.2846812e+000
  1.3560831e+000
  8.9262301e-001
 -1.4428928e+000
 -1.7660737e+000
  2.5114563e+000
  1.2569325e+000
 -1.6642736e+000
 -7.2146422e-001
  1.5560497e+000
 -2.7021181e-001
  1.9152387e+000
 -1.1122436e+000
 -2.0700397e+000
  3.7942813e+000
 -9.4254033e-001
  1.4826007e-001
 -3.3234571e+000
  1.0448974e+001
 -6.6488927e+000
  7.6616081e-001
 -2.8861423e+000
  3.0242174e+000
 -1.0538775e+000
 -3.3604530e-002
  1.0883636e+000
 -1.8920946e+000
 -3.1124727e-001
 -3.0523275e-001
 -2.2212076e+000
 -2.3625999e+000
  2.4238881e+000
  1.1295399e-002
  3.8770552e+000
 -5.8041359e+000
  4.0844222e-001
  2.3443896e+000
 -4.6374548e-001
 -1.3978339e+000
  2.0982171e+000
 -1.4052699e+000
  2.9863919e+000
 -1.3476810e+000
 -2.0175733e-001
 -1.2999348e+000
  2.9029688e+000
 -2.1318589e+000
  1.0181360e+000
 -1.4132246e+000
  2.3080108e+000
 -9.3077359e-001
 -3.2086631e+000
  1.9337888e+000
 -4.4482361e-001
  2.4721903e+000
 -3.7367678e+000
  1.2606265e+000
  3.0071882e-002
  1.5143991e+000
 -8.6747903e-001
  6.4059067e-001
 -2.2773694e-001
  6.4603802e-001
  2.1887291e+000
 -2.1596652e+000
 -1.4307862e+000
  1.9811960e+000
 -1.6383647e+000
 -6.7503117e-001
  7.1815083e-001
 -1.9165840e-001
  1.4348315e+000
 -2.8302197e+000
  1.0087766e+000
 -1.0859168e+000
  3.2359483e-001
  2.2339442e-001
  5.1157749e+000
  3.9049437e+000
 -3.7562384e+000
  1.2458939e+000
 -2.6780033e+000
  7.9700903e-001
  1.5396905e+000
 -1.5168526e-001
  4.9738915e-002
 -7.2615910e-001
 -1.5358726e+000
  1.8969268e+000
 -2.2459302e+000
  2.1969985e+000
 -5.1384181e-002
 -1.0800588e+000
  2.5708867e+000
 -1.6955644e+000
 -1.2232212e+000
 -1.0292137e+000
 -1.9242873e+000
  1.1120313e+000
 -3.2260680e-001
 -8.8842570e-001
  6.2996973e-001
  8.0207875e-001
 -1.1941409e+000
 -1.2965730e-001
  2.2534938e+000
 -1.8347851e+000
 -1.0527827e-001
 -9.7028036e-001
  8.2043413e-001
  1.2051124e+000
 -9.7924540e-001
  1.1934221e+000
 -7.4877608e-001
  1.7467459e+000
  7.6933119e-001
 -1.3149054e+000
 -1.2495364e-001
  2.5217313e+000
 -2.6262372e+000
 -9.3476537e-001
  1.4869060e+000
 -1.8845117e+000
  3.8283509e+000
 -2.2743649e+000
  9.6574724e-001
 -5.9983015e-001
 -2.8297675e+000
  1.0194405e+000
 -1.0014919e+000
  1.6310255e+000
 -2.6928989e+000
  1.6195571e+000
 -8.3808495e-001
  2.6986295e+000
  1.2896250e+000
 -1.6552164e+000
 -1.3813773e-001
 -2.3570819e+000
  9.4051767e-001
  2.8437539e-001
  2.9006898e+000
 -1.9398097e+000
  1.8915245e+000
  1.2044432e+000
 -1.7302129e+000
  1.9734293e+000
 -8.0872499e-001
  2.6981172e-001
 -1.0867801e+000
  1.3550071e+000
 -2.1538865e+000
  1.2335504e+000
 -1.0040426e+000
 -7.7336059e-002
  2.1000740e-001
  1.9136313e+000
 -1.2905506e+000
  5.8277594e-003
 -2.2899233e-001
 -5.5290111e-001
  1.6157541e+000
  1.3575450e+000
 -1.5953126e+000
 -3.0299529e+000
  3.6889708e+000
 -2.1612059e+000
  1.5768891e+000
 -9.0187699e-001
  1.5599861e+000
 -1.2693565e+000
  8.3762049e-002
 -1.2452257e+000
  1.7909403e+000
 -1.2991359e-001
  1.2830173e-001
  2.7838167e+000
 -2.5737470e+000
 -3.0356438e+000
  2.7451898e+000
 -1.7095445e+000
  1.9843004e+000
 -1.5656358e+000
 -2.0155449e+000
 -3.4471633e-001
 -2.1753018e+000
  6.0107493e-001
 -1.0157294e+000
  4.9234417e-001
  2.6125090e+000
 -3.6691955e+000
  1.1230478e+000
 -1.2455281e+000
  1.7110320e+000
  9.1160925e-001
 -9.4547171e-001
  3.5728018e-001
 -6.4047596e-001
  2.2473123e+000
 -2.6884211e+000
 -2.3223829e-001
  1.0599785e+000
  7.2627668e-002
 -7.6739820e-001
  1.7192970e+000
 -1.8741006e+000
  6.2000200e-001
 -7.4658082e-001
  1.6799987e+000
  3.1422967e-001
  7.9466950e-001
 -1.7239796e+000
 -2.3882275e-001
  6.6307639e-001
  1.0011429e+000
  5.5955954e-001
 -2.7265563e+000
  1.3427531e+000
  1.0439695e+000
  5.0005322e-001
 -2.7531173e+000
  2.4200638e-001
 -1.6925872e-001
  2.1411241e+000
 -2.5309065e+000
  9.5887015e-001
 -4.5633393e-001
 -5.3119565e-001
  8.9600687e-001
  1.4994366e+000
  5.7409943e-001
 -2.5449934e+000
  2.7095694e-001
 -7.4469801e-001
  2.6936439e+000
 -2.0070147e-001
 -2.2749179e-001
 -1.4394359e+000
  2.7080351e-001
 -6.3079153e-002
  7.9126082e-001
 -9.9622868e-001
 -4.9399945e-001
 -2.0188710e+000
  1.1416981e+000
 -2.7318955e+000
  1.7083223e+000
 -9.0532751e-001
  6.3341675e-001
  1.5045223e+000
 -5.2717060e-001
 -2.2725533e-001
  9.8316492e-002
  3.8975178e-001
 -5.0157220e-001
  3.5339921e+000
 -1.4074788e+000
 -2.2253564e-001
 -1.4729078e+000
  2.5060760e+000
 -3.0924246e+000
 -1.4696461e-001
  2.0062453e+000
 -6.1428593e-001
 -1.5697541e+000
 -2.4399699e-001
  3.5315892e+000
  1.7552737e+000
 -3.5128718e+000
 -2.2383348e+000
 -5.3785715e-001
  2.2855429e+000
 -1.4322543e+000
  2.4277707e+000
 -3.3612945e+000
  1.0041070e-001
 -1.8678997e+000
  4.3853119e+000
 -2.0392151e+000
 -3.4520337e+000
  4.4529943e+000
 -1.3205922e-002
 -3.0653880e+000
  3.6645761e-001
 -5.1299678e+000
 -9.2416055e-001
  5.3773285e+000
 -2.2616063e+000
 -2.2085530e-001
  3.7306683e+000
 -3.5339210e+000
  5.7501226e-001
  5.0476930e-001
  3.2688036e-001
 -1.0669396e+000
 -3.0857826e+000
  3.3450519e+000
 -2.9144417e+000
 -3.2305061e-001
  4.9869847e+000
 -4.0436067e+000
 -4.0882379e-001
  9.0110232e-002
 -3.3240592e-001
  6.3154826e+000
 -2.3984115e+000
 -1.1459943e+000
  1.4943533e+000
 -3.2073720e+000
 -1.0282859e+000
  9.9546748e-001
  2.1428347e+000
 -2.3520941e+000
  1.3575010e+000
 -2.9663124e+000
 -1.8486247e-001
  3.1222309e+000
 -9.3206097e-001
 -8.0044350e-001
  2.8498894e+000
 -2.9295174e+000
  2.3903885e+000
 -4.3507479e-001
 -8.4470110e-001
  2.8344076e+000
 -2.9308172e+000
  4.4822585e-001
 -4.5690285e-001
 -1.0602397e+000
  2.8587439e+000
 -1.3332038e+000
 -1.1732952e+000
  4.8040835e-001
  2.1393838e+000
 -2.0072168e+000
  7.7012126e-001
  4.6065662e-001
  7.5888969e-001
 -1.4638827e+000
 -1.8460658e-001
 -1.4138232e-001
 -2.2097487e-001
 -7.5291944e-001
 -2.4025936e-001
 -1.4091040e-001
 -3.2091372e+000
  3.0037195e+000
 -1.3875526e+000
 -6.3954673e-001
  1.3836107e+000
 -2.2733644e+000
 -1.5716489e-001
  1.9002492e+000
 -1.1326888e+000
  2.8247539e-001
 -4.7432166e-001
  1.8907833e+000
 -1.1150030e+000
  4.0189715e-001
  1.4382071e+000
 -3.2531144e+000
  3.0060481e+000
 -2.3693787e-001
  1.7592959e-001
 -3.1897788e-001
  1.1108332e+000
 -3.4001836e+000
  2.4111164e+000
 -4.2420700e-001
  8.7394870e-001
 -1.9011836e+000
  5.6953637e-001
  6.0788018e-001
 -1.1265664e+000
 -1.6093773e+000
  3.6000212e+000
 -1.8038039e+000
  8.0972239e-001
  1.3471593e+000
 -2.4391113e+000
  1.5829715e+000
 -2.8882248e+000
  3.2143595e+000
 -8.3534251e-001
  3.3262171e+000
 -3.8728817e+000
 -2.4164356e+000
  5.1317410e+000
 -3.3555983e+000
  1.8562119e-001
 -1.8619941e+000
  5.4159736e+000
 -5.0817059e+000
 -1.6888183e+000
  2.0568111e+000
 -2.3850829e-002
 -4.4297002e-001
 -9.2882352e-001
 -1.0295522e+000
 -3.6972838e+000
  2.3288819e+000
 -5.5209625e-001
 -1.7106836e+000
 -5.0958019e-001
  4.3310445e+000
 -4.5753597e+000
 -1.9889936e+000
  7.6834265e-001
 -1.4253164e-001
 -2.2260626e+000
  1.8422107e-001
  4.0656750e+000
  7.7605425e-003
 -3.1071901e+000
 -3.2695505e-001
  1.8021791e+000
 -1.4442165e+000
 -8.4077791e-002
  2.5572780e+000
 -1.7835445e+000
 -1.9318992e-001
 -4.4771203e-001
  3.5485981e-001
  2.0119921e+000
 -7.5451536e-001
 -2.0373792e+000
  1.0573878e+000
  1.0134025e+000
 -1.3240995e+000
 -1.1629859e+000
  1.3911452e+000
  8.3664678e-001
 -1.2922339e+000
  1.0682419e+000
 -1.4633862e+000
  3.5102864e+000
 -2.4259401e+000
  6.3417826e-002
 -1.3051920e+000
  9.3511577e-001
 -3.7887234e-001
  3.1106451e-001
  1.1760216e+000
 -1.6474970e+000
 -8.8996143e-002
  2.2506579e-001
  7.1589935e-001
 -6.6594352e-001
  9.2322192e-001
 -1.9749609e-001
 -3.3378649e-001
  6.2129941e-001
 -3.3804984e-001
  4.8645575e-001
 -1.1183687e+000
  1.6405175e+000
 -1.9656545e+000
  4.2037446e-001
  9.8868338e-001
 -4.6116078e-001
 -2.9874638e-001
  9.0466243e-001
 -2.8436648e-001
 -1.3563825e+000
 -3.3938036e-001
  6.8256185e-001
  1.6496044e+000
 -1.2558299e+000
 -5.5991321e-001
  3.8469685e-001
 -1.4966680e-001
  5.7687375e-001
  2.8398509e+000
 -3.4892894e+000
  7.2314784e-001
 -7.9218452e-001
  1.7601290e+000
 -2.9743174e+000
  7.6294434e-001
  4.3324487e-001
 -2.5508767e-001
 -5.2147755e-001
  2.5237559e+000
 -1.2396937e+000
 -3.8687490e-001
  1.6300040e+000
 -2.6545642e+000
 -3.8160937e-001
  2.6824309e-001
  8.3117724e-001
 -2.3284994e+000
  1.1923303e+000
 -4.4578496e-002
 -1.5389100e+000
  1.4118147e+000
 -8.2658190e-001
  6.4134269e-001
 -9.4841368e-001
  2.7299238e-001
 -7.1836229e-002
  9.7061466e-001
  2.0592032e-001
 -9.0796271e-001
  1.4352797e-001
 -1.2802590e+000
  1.7634878e+000
 -2.9009481e-001
 -5.9162929e-002
  8.1360074e-001
 -2.0348461e+000
  1.2133455e+000
 -7.7202970e-001
  9.3349997e-001
  1.9798747e+000
 -3.1059826e+000
  1.7435633e+000
 -1.1104947e+000
 -7.6075933e-001
  3.1282558e-001
  1.0360751e+000
  1.0208263e+000
 -1.4286141e+000
  1.0098971e+000
  4.5721743e-001
 -8.0913852e-001
  3.8080148e+000
 -2.2425485e+000
  8.5200631e-001
 -1.6277957e+000
  1.5875870e+000
 -1.0822605e+000
 -8.7969749e-001
  1.6757804e+000
 -4.4531748e-001
 -7.6473153e-001
  7.4059889e-001
 -9.0953182e-001
 -3.2758375e-001
  2.3657196e+000
 -2.0941811e+000
  4.5786628e-001
 -6.9747578e-001
 -2.2156018e-001
 -1.1011270e+000
  5.6875484e+000
 -4.7308758e+000
  1.5750838e-002
 -6.3443599e-002
 -1.2658802e-001
  9.9523941e-002
  1.6471927e+000
 -7.5913400e-001
 -5.1648230e-001
 -7.8096984e-002
  1.4759494e+000
 -1.8237018e+000
  1.4535724e+000
  2.0636284e+000
 -1.8998266e+000
 -9.5215929e-002
 -5.4067802e-001
  7.3673721e-002
 -2.1016016e-002
  2.2516599e+000
 -1.2440409e+000
  1.5876183e-001
 -1.4928232e+000
 -4.7490901e-001
  6.8191162e-001
 -1.7869320e-002
 -2.0664841e-001
  1.3427054e+000
 -1.8750258e+000
  2.5096347e-001
  9.8580930e-001
 -1.8702846e+000
  4.8612846e+000
 -4.0111063e+000
  3.9965639e+000
 -2.9763439e+000
 -2.4676580e-001
  1.3499940e-001
  2.0828674e+000
 -2.8759330e+000
  2.0671069e+000
  1.1234154e+000
 -2.8508355e+000
  2.8837399e+000
  1.8798570e-001
 -2.1292496e+000
  3.8197699e+000
 -5.5355842e+000
  3.2810041e+000
  2.6641198e-002
 -1.8953157e+000
 -1.0910913e+000
  2.4866564e+000
 -1.8886257e+000
 -1.1232537e+000
  7.1135960e-001
  4.9061904e-001
  1.2861605e+000
 -1.4233674e+000
  2.4173183e+000
 -7.9011183e-001
  2.1946840e+000
 -1.6731952e+000
  4.3799887e-002
 -9.5145176e-001
  2.0114333e+000
  7.6001551e-001
 -2.3120212e+000
  1.7775006e+000
 -1.5864531e+000
  3.7310215e+000
 -2.0642301e+000
 -4.6313331e-001
  1.8011558e+000
 -3.0269833e-001
  1.7446570e+000
 -3.3480652e+000
 -1.1588938e+000
  3.0309657e-001
  1.3124259e+000
 -4.6520865e-001
  2.7704106e+000
  1.1706034e+000
 -3.3311068e+000
  7.1430256e-001
 -2.0700646e+000
  1.2347183e+000
  1.3035363e+000
 -2.3228837e+000
  7.0333966e-001
 -2.5853347e+000
  9.8780026e-001
  3.3486655e+000
  3.1433388e-001
 -1.8098642e+000
  1.2563125e+001
 -1.5214326e+001
  5.0403687e+000
 -1.5106190e+000
 -2.2284145e+000
 -1.9143029e+000
  2.2454890e+000
  1.2912423e+001
 -1.1414978e+001
  3.5695597e-001
 -8.3030254e-002
 -1.1474221e+000
 -3.7809406e-001
  2.2324217e+000
 -2.4881516e+000
  1.2025396e+000
 -5.3003648e+000
  1.1920861e+001
 -8.9591725e+000
  2.7219906e+000
 -2.0715759e+000
 -6.5539792e-001
  4.9221646e-002
 -5.0382672e-001
 -9.9983592e-001
  1.7811633e+000
  7.2243055e-001
 -6.8229085e-001
 -2.3039794e-001
  6.2458528e-001
  1.0854629e+000
 -2.6847988e+000
  4.7559356e-001
  9.1206810e-001
 -6.2632415e-001
 -1.9433306e-001
 -8.4286778e-001
  7.1380722e-001
  2.2959045e+000
 -8.9756018e-001
 -1.0246894e+000
  5.0109084e-001
 -1.9917689e+000
  1.8750242e+000
  4.9752542e-001
  1.5329024e+000
 -1.8091727e+000
  1.1052971e+000
 -4.1933802e-001
  1.7234475e+000
 -3.6301502e-001
 -2.4766293e+000
 -2.0153810e+000
  3.5960010e+000
 -7.7200351e-001
 -1.0418379e+000
  4.0044340e-002
  7.6856973e-001
 -1.7110311e-001
  1.4075629e-001
 -6.6429361e-001
  5.2353732e-001
 -1.0634067e+000
 -1.3815063e-002
  1.6564984e+000
 -2.0338800e+000
  2.6018269e+000
 -1.0861798e+000
 -1.8029473e+000
 -1.4685295e-002
  6.8987442e-001
  1.4954140e+000
 -2.8023689e+000
  3.2066488e+000
 -2.0006439e+000
  2.5724224e-001
 -3.4994150e-001
 -2.0763594e-001
  2.8039587e-001
  3.5092679e+000
  2.1920350e+000
 -9.0615013e-001
 -8.6050749e-001
  6.1786477e-001
  5.5796478e-001
  8.2925875e-002
 -2.5480569e-001
 -9.4117829e-001
  9.9877249e-001
  1.1252233e-001
 -1.7188385e+000
  3.2207567e-001
 -1.1073033e+000
  2.3218219e+000
  4.3640960e-001
 -1.3301887e-001
 -2.6519944e+000
  1.4766325e+000
 -1.1971535e+000
  1.0770190e+000
  1.0638330e+000
 -3.0943716e+000
  2.1820741e+000
 -9.0496831e-001
  8.3104492e-001
  1.7197817e-001
 -2.0609427e+000
  1.1725728e+000
  1.7370651e+000
 -1.0224640e+000
 -8.5985584e-001
  1.7828001e-001
  1.9119387e+000
 -2.4528570e+000
  4.0150821e-001
  2.8915365e-001
 -3.9582045e-001
 -2.5510455e-001
 -5.1207961e-001
  3.7730794e+000
 -1.2393852e+000
 -8.1009232e-001
  5.0400969e-001
 -1.1790923e+000
  5.1543910e-001
 -1.7562953e+000
  1.4810005e+000
 -7.2713922e-001
  2.2005503e+000
  2.4710463e+000
 -7.3196341e-001
  9.3421459e-001
  2.0910168e+000
 -2.9585764e+000
  9.1445319e-002
 -6.6192129e-001
  2.3904012e+000
 -2.8770368e+000
  3.6743060e+000
 -2.2420903e+000
  2.8450673e+000
 -3.0393940e+000
  6.0484083e-001
 -8.7874918e-001
  1.6966209e-001
  1.5891447e+000
 -2.8475627e+000
  1.8386519e+000
  1.8260662e+000
 -1.8321538e+000
 -7.2663407e-001
  1.4829893e+000
 -3.0053478e+000
  2.6509225e+000
  5.0384684e-001
 -2.6515982e+000
  1.7450002e-001
 -1.3935047e-001
  3.7965199e-001
  1.1264507e+000
  4.8266278e-001
 -1.1524601e+000
 -1.7734839e-001
 -7.7799025e-001
  1.1636141e+000
  1.1102770e+000
 -7.4703647e-001
 -9.9364441e-001
 -5.1670348e-002
  5.4404171e+000
 -4.9148865e+000
  2.9545380e+000
 -3.1975921e+000
  1.4701468e+000
 -1.2064078e+000
 -1.4342766e+000
 -5.1435578e-001
 -1.1425068e-001
  2.0686340e+000
 -4.4992283e-001
 -1.3145951e+000
  4.5602023e-001
  4.0249317e-002
 -1.2223181e+000
 -4.8911748e-001
  2.0314362e+000
  7.4765789e-001
  2.9735065e+000
 -2.1811996e+000
  4.7432270e-001
 -3.6825190e-001
 -7.6069606e-001
  2.4237138e+000
 -2.4260338e+000
 -1.1830062e+000
 -5.9314097e-001
  6.3471851e-001
  4.0113642e+000
  1.1364591e+000
 -9.5688341e-001
 -5.7713861e-001
 -1.9407467e+000
  1.9934300e+000
 -3.9072378e-001
 -1.2351602e+000
  3.2292459e+000
 -5.8256068e-001
  3.2974329e-001
 -9.0407535e-001
  3.5636758e-001
 -2.6494217e-001
 -2.3182502e-001
 -1.5625369e-001
 -1.0733473e-001
 -6.5947861e-001
  1.0574608e+000
 -1.4135902e+000
  9.4428109e-001
 -2.4392336e-001
  8.0248313e-001
  7.3441876e-001
 -2.6366455e+000
  2.0816367e+000
  1.4344727e+000
 -3.2383776e+000
  3.0254348e-001
  3.7889221e-001
 -1.9855523e+000
  1.9186454e+000
  3.5720656e+000
 -3.5139510e+000
  3.7361417e-002
  1.0520413e+000
  2.0298844e-001
  1.0273340e+000
 -2.5252972e+000
  3.9958961e+000
 -4.1424407e+000
  3.6505977e+000
 -3.8322109e+000
  1.8495483e+000
 -1.5931551e+000
  8.5717479e-001
  1.5842919e+000
 -7.7957285e-001
  1.9137273e+000
 -1.5358279e+000
 -2.4835417e-003
 -2.5367074e+000
  2.6929078e+000
 -3.9296622e+000
  2.6949165e+000
 -1.0019458e+000
 -1.0193822e+000
 -2.9926125e-001
 -7.5496079e-001
  5.3343580e-001
  1.1551727e+000
 -2.4110623e+000
  1.0727049e+000
 -1.1092267e+000
  4.3419324e-001
  1.6513411e-001
  1.2292188e+000
 -1.8081196e+000
  7.0852890e-001
  2.8906814e+000
 -6.9423499e-001
 -2.1990349e+000
  5.7052886e-001
  6.3552505e-001
 -1.1979491e-001
 -9.0521892e-001
 -6.7843197e-001
  1.2276608e+000
 -1.1822603e+000
  3.6545367e+000
  7.1098376e-001
 -4.5535646e-001
 -1.6007576e+000
 -2.0203049e+000
  2.7243835e+000
 -3.0845238e+000
  9.9108138e-001
  1.7853442e-001
  7.6744009e-001
  1.6004518e+000
 -1.2472511e+000
 -6.4003739e-001
  1.2968569e+000
 -8.4574050e-001
  2.5309215e+000
 -5.4810811e-001
 -5.9094740e-001
 -1.1450699e+000
  3.8670931e+000
 -3.9486624e+000
  6.3073790e-001
 -8.3760870e-001
  1.6898115e+000
 -1.4998182e+000
  3.3703762e-001
 -2.5214949e+000
  2.2567102e+000
 -2.0324409e+000
  1.7128148e+000
 -6.2337496e-001
  5.9690860e-001
  3.5144582e-001
 -7.9483838e-001
  9.0025399e-001
 -1.1841252e+000
  7.4484155e-001
 -1.3886771e+000
  2.0164676e+000
 -2.8905388e-001
 -1.7004473e-001
  3.0055875e-001
 -8.7055166e-001
  9.6197114e+000
 -4.5038048e+000
 -2.4919964e+000
 -3.9113244e-001
  6.4236082e+000
 -3.4908280e-001
 -6.2296833e+000
  2.6375143e+000
 -1.4205164e+000
 -2.6008311e-001
 -2.4837170e+000
  5.3920184e+000
 -3.6207673e+000
  1.2491636e+000
 -1.5403468e+000
  1.6034507e+000
 -6.0894310e-001
  2.6922300e-001
  9.9863096e-002
 -3.8665466e-001
  3.8182455e-001
 -7.6444750e-001
  2.6252259e+000
 -5.6685961e-001
  1.0933267e+000
 -2.3040541e+000
 -3.2730909e-001
 -4.2779234e-001
  2.7554029e+000
 -2.5080974e+000
 -4.8018712e-001
 -8.9237804e-001
  9.1164216e-001
 -1.3241586e-001
  1.7411151e+000
 -6.1560489e-001
 -1.2853819e+000
  1.3429038e-001
  2.0197348e-001
 -7.2848322e-001
  1.0278551e+000
  1.3409703e+000
 -2.0239551e+000
 -6.9108697e-001
  2.4660304e-001
 -2.8609569e-001
  2.6422158e+000
 -9.6091518e-001
  1.7795837e+000
 -1.8126862e+000
 -1.1219992e+000
 -2.5197290e-001
  2.9941740e-001
 -2.5373833e-001
  8.0568346e-001
 -8.9483708e-001
  1.5024815e-001
  9.3497116e-001
  1.0789352e+000
 -1.2789616e+000
 -7.2717993e-001
  3.6453105e-001
  6.4063397e-001
 -5.4853333e-001
  2.4468486e+000
 -4.5675826e+000
  2.3327066e+000
 -3.9268727e-001
  7.1637924e-001
  4.2048210e-001
 -8.8971423e-001
 -1.2520978e-001
  1.4395811e-001
 -2.1324285e-001
  6.4008281e-001
  6.5089965e-001
 -3.9192574e-001
 -2.1603383e-001
 -9.0870733e-002
  3.7713525e-001
 -1.4775537e+000
  1.5892984e+000
  9.1263824e-001
  9.9971420e-001
  1.4718958e+000
 -9.6290612e-001
 -1.1731153e+000
  1.2287299e+000
 -1.2646901e+000
 -1.3005247e-001
 -6.4659705e-001
  8.4960079e-002
  4.5674355e-001
 -1.1592727e+000
  1.5682730e+000
  6.9215818e-001
 -2.4443114e+000
  8.3036830e-001
 -1.1443476e+000
  1.5544930e+000
  3.3132135e-001
  3.9246405e-001
 -1.5622252e-001
  2.7577961e+000
 -3.4144566e+000
  1.5296975e+000
 -1.3575793e+000
  1.2170211e+000
 -6.3700316e-001
 -2.4115663e+000
  2.5403159e+000
 -4.9740012e+000
 -8.7307406e-001
 -2.2853248e-001
 -3.2505978e-001
  3.8686012e+000
 -2.1509875e+000
  1.5549975e+000
 -2.6431847e+000
 -3.0437077e-001
  1.8525272e+000
 -8.3916519e-001
  3.8619111e-001
 -6.0221090e-001
  1.1354784e-001
  2.1785534e+000
 -3.6884067e+000
  9.0028273e-001
  3.0782590e+000
 -2.6000472e+000
  2.3149541e-001
 -7.0058755e-001
 -9.8458061e-001
  2.4086940e+000
 -1.5999264e-001
 -1.9617341e+000
  5.7136423e+000
 -3.5326369e+000
  1.4232733e+000
 -5.1707096e-001
 -3.3404723e+000
  8.2471435e-001
  1.2056170e+000
 -1.5603313e+000
  3.3895071e+000
  8.3117129e-001
 -1.3886389e+000
 -2.1974992e+000
  2.4544765e+000
 -3.9093109e+000
  1.7348269e+000
 -1.6680507e+000
 -4.5733903e+000
  3.4916947e+000
  6.9626532e-002
 -2.4481594e+000
 -3.3746242e-001
  6.7114186e-001
 -8.9235616e-001
  4.6148079e-001
  1.0747528e+000
 -2.4220098e+000
  7.1071308e-001
  2.3586730e+000
  2.7406258e+000
 -1.4186440e+000
  3.8926269e+000
 -4.4754658e+000
  2.3735765e-001
 -2.5223720e+000
  3.5606265e+000
 -4.6911847e+000
  9.2551144e-001
  1.0620278e+000
 -1.1730567e+000
  4.3289192e+000
 -3.5309688e+000
 -2.5091295e+000
  4.2700083e+000
 -1.5772570e+000
  1.0097197e+000
  1.9166284e+000
 -2.3464252e+000
  1.0088764e+000
 -3.2056030e+000
  1.4024726e+000
  5.2927647e-002
 -3.4097881e-001
 -5.2939201e-001
 -4.7457483e-001
  1.0967000e+000
  6.9169754e-001
 -1.9610290e-001
 -4.2855830e-001
 -1.2521836e+000
 -2.8549556e-001
  2.8915231e+000
 -1.6399418e+000
  2.8116427e-002
  3.7504613e+000
 -2.2084673e+000
  7.4775149e-001
 -9.9754252e-001
 -6.5744666e-001
 -2.3350112e-001
 -1.0568208e+000
 -2.1193280e-001
  3.0062461e+000
 -2.5364919e+000
  2.3067526e-001
  3.1918545e-001
  6.1454686e-001
 -1.0950341e+000
 -8.1554468e-001
  1.4567700e+000
  2.8565377e-001
 -6.6933855e-002
 -8.8786876e-002
 -3.5959360e-001
 -8.3414947e-001
  3.1145652e-001
  9.1427402e-001
  2.0274308e+000
  4.2083075e-001
 -1.6191910e+000
  2.6464885e-001
  2.4348849e+000
 -5.0554891e-001
 -9.1708099e-001
 -1.6436334e+000
  2.0006704e+000
  9.3166032e-001
 -2.0495563e-001
 -3.3996608e-001
 -7.7250440e-001
  4.9526232e+000
 -8.3192733e-001
  5.4444050e+000
 -1.1267296e+001
  1.8653536e+000
 -9.3955995e-001
  2.4201401e-001
 -2.5253455e-001
  2.3161784e+000
  4.0931519e-001
 -7.3879684e-002
  6.1620262e-001
 -4.6412736e+000
  4.5883775e-001
  2.1682155e+000
 -6.8870738e-001
 -1.5241018e-001
 -1.7936910e+000
 -9.9050826e-001
  3.2513072e+000
 -3.0997747e+000
 -8.0788833e-001
  2.0842844e+000
 -4.0695957e+000
  3.2020607e+000
 -7.9840098e-001
 -2.6470117e+000
  8.7956852e+000
 -2.2195779e+000
  2.9671070e-001
 -1.7780666e+000
  7.9357603e-001
 -5.2083283e+000
  4.0706438e+000
  9.8308191e-001
 -1.4886226e+000
 -3.2637799e+000
  3.4016041e+000
 -2.6290755e+000
  2.5613557e+000
  1.9563408e-001
  2.3056014e-001
 -1.3093006e+000
 -1.5520962e+000
  1.1339948e+000
  8.1444589e-001
 -5.2259713e-001
  3.5706186e+000
 -4.0056133e+000
 -8.3455877e-001
  1.6237761e+000
 -3.7304847e-001
  7.6061957e-001
 -1.1467265e+000
  9.2555045e-002
 -1.3566404e+000
  3.2327344e-001
 -2.1596945e-001
  1.3695430e+000
 -8.8960211e-001
  5.4793081e-001
  7.3145005e-001
  5.2139568e-001
 -1.7426598e+000
 -1.3363729e-001
  5.0598863e-001
  2.7110336e-001
  1.0678668e+000
 -1.4414035e+000
  1.3583035e+000
 -7.5938171e-001
 -1.0595001e+000
  1.1520005e+000
  1.2687750e+000
 -2.3828889e+000
  2.0560799e+000
 -1.4586706e+000
  5.5088495e-001
 -1.4083557e+000
 -9.2924623e-001
 -9.8729822e-001
  2.1316685e+000
  1.2582465e+000
  1.5221294e+000
  5.5130393e-002
  1.2606753e+000
 -5.6589631e+000
  3.1200654e+000
  6.0332182e-001
 -1.2362392e+000
  6.5155932e-001
 -4.2638248e-001
 -1.2630714e+000
  3.1651366e+000
 -3.8537397e+000
  2.5203822e+000
  3.2637237e+000
 -4.1135852e+000
 -2.1211709e-001
  3.6777804e+000
 -3.9309678e+000
 -7.8844273e-001
  1.0916910e+000
  3.8128848e+000
 -1.3318028e+000
 -3.4988037e+000
  1.3347236e+000
  7.6683058e-001
  1.2661258e-001
  6.6091192e-002
  9.7813873e-001
 -3.6205940e+000
 -2.2386354e+000
 -1.6133095e-001
 -4.5028689e-001
 -1.2824208e+000
 -9.5106459e-001
  9.3824821e-001
  2.9138103e+000
 -1.8635771e+000
  1.2166598e+000
 -4.0653256e+000
  2.3475360e+000
  2.8061409e-003
  1.1389863e+000
 -1.2479550e+000
  2.0412688e+000
  9.5859836e-001
 -3.1487557e+000
  5.8420505e-001
  1.8481258e+000
 -1.2840508e+000
  2.3091692e+000
 -1.4328198e+000
 -2.4948702e+000
  1.6575263e+000
 -6.2843091e-001
  8.0745275e+000
 -8.9949828e+000
  5.3547201e+000
 -1.5314167e+000
 -8.8446336e-001
  2.3684639e+000
 -5.8580010e+000
  1.2175651e+000
 -6.1989590e-001
  1.5992046e+000
 -3.1483711e+000
  1.8872912e+000
 -2.6283660e+000
  2.5122030e+000
 -6.7997938e-001
  9.2469387e-001
 -3.7168521e+000
  2.1929003e+000
 -1.9866953e+000
  5.7997831e-001
  3.6462390e+000
 -5.0994788e+000
  1.4713583e+000
  3.9447335e+000
 -3.0341178e+000
 -1.5016079e+000
  1.0878143e+000
  9.9749447e-001
 -1.9438386e+000
 -3.8288884e-001
 -1.5260237e+000
 -1.4905894e+000
 -2.3623530e+000
  8.4624769e-001
  3.3884792e-001
 -1.1690283e-001
 -1.5866729e+000
 -5.4544396e+000
  3.7577390e+000
 -2.6326954e+000
  1.3023029e+000
  8.1970113e-001
 -3.1218902e+000
  3.7380765e-002
  2.7300243e+000
 -1.0485198e+000
  9.6405948e-002
 -1.1454833e+000
  1.5035770e+000
  1.8318640e+000
 -1.8377619e+000
  3.4806491e-001
  1.7551439e+000
 -7.7593841e-001
 -7.7152518e-001
  1.8413414e+000
 -3.3768096e+000
  1.3307789e+000
  2.9952062e+000
 -2.2422846e+000
 -2.3098856e+000
 -8.4661885e-001
  3.1952195e+000
 -2.0391587e+000
  6.8265246e-001
 -2.1018978e+000
  5.9504566e+000
 -4.6445614e+000
  1.2022496e+000
  3.3851368e-002
  1.6522730e+000
 -4.1966468e-001
  3.6688658e-001
  5.5401446e-001
 -1.7800368e+000
  6.9090604e-002
 -2.5770951e+000
  3.8295025e+000
 -1.2828900e+000
 -3.1708283e+000
  1.4019062e+000
 -1.7440297e+000
  1.4983982e-001
 -5.7090676e-001
  1.4999641e-001
 -5.5362475e-001
 -6.0789834e-001
  4.2048721e+000
 -1.2315724e+000
 -1.0587150e+000
 -4.8314148e-001
 -1.2886827e+000
  1.7419407e+000
 -7.3786493e-001
 -6.5498650e-001
  1.5411064e+000
 -1.2624056e+000
  7.2257543e-001
 -1.6963291e+000
  1.8263359e+000
 -1.2823651e+000
  3.5241960e+000
 -2.4614693e+000
  7.5237329e-001
 -9.4758642e-001
  3.0453812e+000
 -2.7134969e+000
  9.0076961e-001
 -6.1409930e-001
  6.9078418e-001
  2.3047073e+000
 -3.4340917e+000
  1.7759358e+000
 -1.1915586e+000
  7.0058709e-001
  9.4111285e-002
 -1.0119103e+000
  3.8191368e+000
 -1.1458099e+000
 -1.5584989e+000
  1.9479617e+000
 -1.4361722e+000
  3.8449517e+000
 -1.5765099e+000
 -7.1392350e-001
  8.1767057e-001
 -3.7376358e-001
  9.0968976e-001
  1.6197926e+000
 -4.9577300e+000
  2.5492742e+000
  4.2372290e-001
  3.2620613e+000
 -1.8236648e+000
 -6.2283855e-001
 -1.9531149e+000
  1.4969434e+000
 -2.3994074e+000
 -1.2915836e+000
 -1.2313711e+000
 -4.0645549e-001
  1.5913448e+000
 -8.3844792e-001
 -1.2274105e+000
  1.2769377e+001
 -7.7597760e+000
 -1.0813814e+000
  2.4574356e+000
 -1.2709507e+000
 -3.0846787e+000
 -8.4402585e-001
  2.6442613e+000
  6.7299423e-001
 -4.3147361e-001
 -1.9536229e+000
  2.2402621e+000
 -1.2220585e+000
 -1.1008290e+000
  1.2821353e+000
 -2.5110946e-001
  8.9291170e-003
  1.5940343e+000
 -2.3394352e+000
  6.8051329e-001
 -1.8980346e+000
  5.1718384e-001
  1.4982557e+000
 -6.9274761e-001
  1.0315867e+000
  2.5721604e-001
 -7.5466777e-001
  1.4290788e+000
 -1.1469298e+000
 -1.5930513e+000
  5.8001253e-001
 -1.1384972e+000
  2.9291369e+000
 -2.2078245e+000
  8.3937626e-001
  2.1396905e-001
 -7.1350333e-001
  1.2103070e+000
 -2.8269475e-001
 -7.5277431e-001
  2.0124743e+000
 -1.7670619e+000
  1.4677000e+000
 -5.5189391e-001
 -1.4436841e+000
 -1.6078205e-001
  3.1908287e-001
  4.1041446e-001
  6.9125343e-001
 -4.3890483e-001
  8.4610860e-001
 -1.6572621e+000
  6.5936414e-001
  9.1195629e-001
 -1.3635082e+000
  7.5433268e-001
  2.5937521e-001
 -2.9882777e-001
  9.4172030e-002
 -4.6907887e-001
  2.6009309e+000
 -1.7975361e+000
  2.8513035e+000
  2.2253700e+000
 -4.5396813e+000
  6.6193746e-002
 -8.8030659e-001
 -2.9265708e-001
  9.3587336e-001
  1.5253237e+000
 -2.0330962e+000
  5.7572214e-001
  5.5923548e-001
  1.1761716e+000
 -1.7792061e+000
  1.4632019e+000
  1.9359529e+000
  2.2534829e+000
 -1.7086411e+000
 -1.0832695e+000
 -2.0084988e+000
  1.9929846e+000
  7.7180386e-001
  6.7741235e-001
 -2.3421061e+000
  5.7699666e-001
 -9.2144890e-001
  7.6200595e-001
 -1.0606990e+000
  2.6747568e+000
 -3.5144592e-001
 -6.2908910e-001
  2.6164795e+000
 -1.8642497e+000
  1.0837841e+000
 -3.3153025e+000
  1.7169074e+000
  1.1221745e+000
 -2.6109692e+000
  2.6023821e+000
  1.5678340e+000
 -4.9449166e+000
  5.1361462e+000
 -3.4942752e+000
  7.6501907e-002
 -9.5831772e-002
 -5.8052207e-001
  3.9603069e-001
  1.0719960e+000
  5.4839508e-001
 -1.9839328e+000
  1.9157871e+000
  3.4718002e-001
 -3.1608589e+000
 -4.4161381e+000
  1.3685684e+000
 -1.0160187e+000
  1.4504260e+000
  5.8284851e-001
 -1.7284588e+000
 -1.0250713e+000
  2.2054921e-001
  7.6812423e-001
 -3.8492588e-001
 -7.9317700e-002
  6.5818118e-001
 -2.5416595e-001
  1.8182159e+000
 -1.9132127e+000
  1.9202014e+000
  2.5713890e-001
 -9.9594179e-001
 -1.6241751e+000
  2.5563330e+000
 -6.6026860e-001
 -6.7841123e-001
 -7.9714910e-001
  2.2575410e+000
 -2.1224312e+000
  2.9807724e+000
 -6.9438679e-001
 -1.1928218e+000
 -1.3436866e-001
  3.7003868e+000
 -1.6520524e+000
 -1.4827716e+000
 -9.3749600e-001
  3.2358041e+000
 -1.8502113e+000
  3.0371210e-002
 -1.6530149e+000
 -1.7724309e+000
  1.0141320e-001
 -1.1366287e+000
  4.8797211e-001
  1.3354008e+000
 -4.5016256e-001
 -1.4057094e+000
  5.4984438e+000
 -3.8537079e+000
 -1.5148185e+000
  2.9298661e+000
 -6.7472621e-001
 -6.7543481e-001
  1.5394723e+000
  5.7153251e+000
 -8.6349893e+000
 -2.0229888e-001
  6.6369961e-001
  1.1195115e+001
 -7.6854423e+000
 -3.1866937e-001
  1.9821522e-001
  1.2432763e+000
  8.4124719e-002
 -2.5016703e-001
  2.2767531e+000
 -4.8011450e+000
  2.6241250e-001
  1.1201189e+000
 -1.3192994e+000
 -3.1899560e-001
  8.3532811e-001
  8.3025807e-002
 -1.1312520e+000
  3.2724727e+000
  4.5244514e-001
 -1.5081942e+000
 -2.2356569e-001
 -5.5031107e-001
 -4.8379665e-001
  8.2607729e-001
 -9.3153164e-001
 -6.4812557e-001
  7.5844527e-001
  3.4299098e+000
 -2.8810934e+000
  9.7572541e-002
 -7.8513806e-001
  2.5051419e+000
  1.8332933e-001
 -2.8090356e+000
  9.4399894e-001
 -9.4383190e-001
 -8.5585625e-001
  1.9940283e+000
 -9.7433367e-001
  1.8157981e+000
 -1.5796447e+000
 -4.0345792e-001
  9.4730280e-001
  2.6647693e+000
 -4.5278059e+000
  3.1658817e+000
 -1.1136123e+000
 -2.3530657e-002
 -9.6563837e-001
  8.9191329e-001
  2.1481298e+000
 -1.6073690e+000
  5.1283551e-001
 -4.8623972e-001
 -1.1838626e+000
 -1.0488933e+000
  3.2474370e+000
 -1.3568351e+000
 -5.6124572e-001
 -1.1859044e+000
 -4.4203388e-001
  2.8974290e+000
 -2.6486907e+000
  1.4034770e+000
 -6.9578265e-001
 -6.1101411e-002
 -1.0960832e+000
  4.2185852e-001
 -9.4548383e-001
  1.4601226e-001
  3.6952703e-001
  6.5601425e-001
 -3.0252807e-001
 -3.0715594e-001
 -3.9671971e-001
  1.3638444e+000
 -4.7160836e-001
  1.1193357e+000
 -2.9107801e-001
 -8.6846516e-001
 -2.1914586e-002
  1.3101254e+000
  3.1502794e-001
 -1.2985685e+000
  1.1832576e+000
 -1.1396755e+000
 -1.4944943e-001
 -6.1185666e-001
  3.9758167e-001
  1.7640836e+000
 -7.1124863e-001
 -9.9307068e-001
  1.5722627e+000
 -1.1203556e-001
  4.2546742e-001
 -4.5687799e-001
 -1.8873333e+000
  1.9700088e+000
  2.2558789e+000
 -1.8161212e+000
 -1.2610665e+000
  5.3221418e-001
  1.3686335e-001
 -4.2438779e-001
  6.1104785e-001
 -1.3956054e+000
  8.2258799e-001
  1.6190181e+000
 -1.4839386e+000
  2.4922988e+000
 -3.1696588e+000
  9.4555524e-001
  1.2208523e-001
 -1.9095869e+000
  7.8093323e-001
  2.0030027e+000
 -2.3830598e+000
  4.1205235e+000
 -8.2568788e-001
  4.3764860e-001
  2.5628930e+000
 -5.7291142e-001
 -1.2943910e+000
  6.9250558e-001
  1.2843817e-001
 -1.8566029e+000
  7.6923348e-001
  7.0686157e-001
 -7.8921757e-001
  2.2079433e+000
 -1.4533932e+000
 -1.7627373e+000
  1.1117695e+000
 -1.1549177e+000
  1.9288969e+000
  9.3229084e-001
 -1.1763591e+000
  4.6783900e-001
 -4.8291872e-001
 -4.8062472e-001
 -1.2396253e+000
  3.1637892e+000
 -3.2097490e+000
  2.8674210e+000
 -1.0381235e+000
  3.9814882e-001
 -1.0234580e+000
 -9.7404966e-001
  1.0178541e+000
  1.1170091e+000
 -9.0369417e-001
 -9.7367651e-001
  1.3481951e+000
  9.1790627e-001
 -1.1022980e+000
  1.1700133e+000
  2.1463420e+000
 -2.5103859e+000
 -1.9207264e+000
  9.2525054e-001
 -1.6553886e-001
 -2.3026809e-001
 -4.9013503e-001
  8.2082404e+000
 -1.7888164e+000
 -1.3204035e+000
 -1.1119794e+000
 -2.2871702e-001
  3.0267232e-001
  9.9727416e-001
 -3.5803741e-001
 -1.1341134e+000
  3.6850655e+000
 -2.5609295e+000
  3.3178553e-001
  3.3742990e+000
 -2.2264525e+000
