  8.1462602e+000
  6.2045394e-001
 -4.1232456e+000
  4.8085482e+000
 -2.2883729e+000
  9.2665864e-001
 -6.1851506e+000
  3.4752296e+000
  2.3392176e+000
 -6.8814472e+000
  4.5541119e+000
 -2.2169697e+000
  7.2182635e+000
 -4.6442271e+000
 -4.4889337e+000
  1.8337277e+000
  2.2873708e+000
 -7.8905613e-001
  6.1338278e-001
 -1.8597005e+000
  1.9647176e+000
  1.1715121e+000
  1.8705475e+000
 -5.0408017e+000
  4.6959809e+000
 -4.7417954e+000
  3.6985721e+000
  1.3642161e+000
 -2.1516316e+000
  3.2128808e-001
 -6.1498674e+000
  8.7261315e-001
 -1.1907344e+000
  3.9939230e+000
 -1.3285262e-001
  1.5516846e+000
 -2.7900524e+000
  2.9670989e+000
 -2.9609565e+000
  7.5119203e-001
  4.8670708e-001
  3.8358505e-001
 -1.6941729e+000
  8.9089920e-001
 -2.7895085e+000
  1.3837879e+000
 -3.6836211e+000
  1.8483418e+000
 -2.8085393e-001
  1.8397676e+000
  1.1043764e+000
 -2.1228746e+000
  4.5932179e+000
  4.7949994e+000
 -4.8545195e+000
 -2.1459423e-001
 -1.8373886e+000
  2.7751168e+000
 -2.9899117e+000
  3.8373400e+000
  5.1286777e+000
 -7.1564644e+000
 -8.6692377e-003
 -1.4608417e+000
  5.1850958e+000
 -3.8475091e+000
  2.0053307e+000
 -2.2262719e+000
 -8.4672536e-002
  2.2518120e+000
  4.3505360e+000
 -4.9830234e+000
  1.2303627e+000
 -2.0777773e+000
  2.6344316e+000
 -2.7169992e+000
  3.1410428e+000
 -3.0839916e+000
  8.9266216e-001
 -2.3556207e+000
  2.4131705e+000
  2.8246341e+000
 -3.7090237e+000
  8.7736775e-001
  7.1505306e-001
 -2.2274114e-001
 -3.3066108e-001
 -3.0806198e+000
  2.7112012e+000
  4.1878292e-001
  7.6848741e-001
  2.0581093e+000
 -2.8882508e+000
  1.3763572e+000
  1.3874686e+000
  3.2304698e-002
  1.9782468e-001
 -3.9266535e+000
  1.2668525e+000
 -5.2897656e+000
  1.4187508e-001
  1.0886822e+000
 -2.3017462e-001
  2.1056477e-001
 -2.0589218e+000
 -3.7668138e-001
  1.0642892e+000
 -6.4114625e-001
  9.9445408e-001
  2.7868766e+000
 -1.9140783e+000
  2.4271155e+000
 -1.5251524e+000
  2.2626500e+000
  1.1692960e+000
  8.4526391e-002
 -2.1496404e-001
 -7.7072288e-001
 -3.1027934e+000
 -4.0530838e-001
 -2.0555082e+000
 -4.3874205e-001
  2.5705298e+000
 -4.4411616e-001
 -1.5199383e+000
  3.1878168e+000
 -2.3650994e+000
 -8.4635406e-001
 -1.9774216e-002
  2.6573435e+000
  9.2448865e-002
 -6.9480964e-001
  5.1377785e+000
 -4.4355734e+000
  1.6061440e+000
  1.4577670e-001
  2.1407241e+000
 -5.5596402e+000
  3.0698298e+000
 -4.2795466e-001
  1.3589253e+000
 -3.3842425e+000
 -2.3520797e+000
  1.7091195e+000
  1.1953423e+000
  4.0060522e-001
 -3.1724142e+000
  2.5348303e+000
  5.6539149e-001
  6.5078808e-001
  2.5152654e+000
 -6.2953230e-001
 -2.3694294e+000
  1.0166368e-001
  2.2384863e+000
 -6.1394583e+000
  1.3270456e+000
  2.0916357e-001
  1.5523537e+000
 -7.5557654e-001
  1.6328510e+000
 -1.2543950e+000
 -1.2798643e+000
  2.1056217e+000
 -1.6892137e+000
  2.7578817e+000
 -2.0362652e+000
  4.5095824e-001
 -1.2933002e+000
  3.1683712e+000
 -2.1634622e+000
  8.6798343e-001
  2.7039821e-001
  1.8974421e+000
 -2.3116210e+000
  2.3248892e+000
 -4.5320264e-001
  9.4089446e-001
  2.0663043e-001
  1.3928937e+000
 -1.3220312e-002
  3.5254120e+000
 -3.5110415e+000
  6.7444099e-001
  2.4310680e+000
 -1.6354891e+000
  1.1768159e+000
  4.5898482e+000
 -2.4443871e+000
  4.0933248e-002
  1.0864921e+000
 -1.1525172e+000
 -6.1584624e-001
 -7.7203792e-002
  6.4429435e+000
 -3.7515862e+000
  6.0253193e-001
 -9.7854879e-001
  2.0675789e+000
 -1.9989294e+000
  2.6083671e+000
 -4.1435383e+000
  2.6807297e+000
 -1.2896875e+000
  1.5582614e+000
 -1.4733612e+000
  1.1201256e+000
  1.6766189e+000
  7.1475535e-001
 -7.8930560e-002
 -4.3620165e+000
  0.0000000e+000
  7.6535480e+000
 -4.1581098e+000
  2.6312985e-001
 -1.8489662e+000
 -1.9051293e+000
  1.7343052e+000
  2.9740135e+000
 -1.7025366e+000
 -1.7100509e-001
  2.2923537e+000
 -3.1176221e+000
 -1.2141622e+000
  6.8462201e-001
  3.6247568e+000
 -8.1641173e-001
  2.2409153e+000
 -2.9640039e-001
  1.3312406e+000
 -6.5305218e+000
  2.0577010e-001
 -4.2540948e+000
  4.0233337e+000
  7.2925836e-001
 -2.0264433e+000
 -1.5635527e+000
  3.2780039e+000
  1.5689747e+000
 -3.7433884e+000
 -8.5477822e-001
  2.9083610e+000
 -2.5271769e+000
  3.7909257e-001
 -1.1435796e+000
  2.7208573e+000
  9.1450744e-001
 -2.4156748e+000
  2.1234036e+000
 -5.7696985e-001
 -7.2146201e-001
  1.2098164e+000
 -1.3523387e-001
 -2.8623623e+000
 -1.6840338e+000
 -9.3824622e-001
  3.6122263e-001
  7.8133883e-002
 -1.8560742e+000
  1.5873147e+000
  2.8968019e-001
 -6.0627985e-001
  1.0648074e-001
  1.2324091e+000
  1.3391619e+000
 -1.5785575e+000
 -1.6431303e-001
  6.3000834e-001
 -1.3519512e+000
  8.4453321e-001
 -1.2455486e+000
  1.6859715e+000
  1.5985835e-001
  2.3133539e+000
 -1.2161688e+000
 -1.5127497e+000
 -6.8804241e-001
  1.1499651e+000
  2.7323822e-001
 -2.8465319e-001
  3.2875201e+000
 -1.3746397e-001
 -4.5069533e+000
  1.8227532e+000
 -1.1313938e+000
  3.5725484e+000
 -5.6139188e+000
  4.0473159e+000
  4.9524293e-001
 -1.2512561e+000
 -5.0393139e-001
 -1.9487107e+000
  2.2274940e-001
  3.1917852e-001
  2.5698992e+000
 -4.1809883e+000
  4.9372879e+000
  9.6213788e-001
 -1.2650252e+000
 -5.8668409e-001
 -5.0884064e+000
 -8.1105384e-001
  7.2395330e+000
 -3.6074524e+000
  2.2528752e-001
 -9.5252741e-001
 -2.4003310e-001
 -1.6429945e+000
  9.8519904e-001
  1.2093996e+000
 -6.1716356e-001
  7.1285168e-001
 -5.8481185e-001
  2.0129336e+000
 -3.3917416e+000
  1.9163937e+000
 -1.0690367e+000
  6.0353713e-002
 -9.8871287e-001
  3.6751626e+000
  1.5850657e-001
 -2.4204748e+000
  3.5541107e-001
  1.8624606e-001
 -1.4781962e+000
  2.9387400e+000
 -2.6000866e+000
  9.7213578e-002
  1.4800664e+000
  1.1998316e+000
 -1.7891807e+000
 -4.7446995e-001
 -2.4146586e-001
  2.6407298e-001
 -4.3369989e-001
  7.8738711e-001
  5.6335482e-002
 -3.2758029e-001
  1.4072895e+000
  1.3890862e+000
 -3.0310924e+000
  5.6693250e+000
 -2.8051475e+000
  3.2634961e+000
 -5.5802559e+000
  3.1726033e+000
 -3.3268905e+000
  1.7559975e+000
  2.3953382e+000
 -1.5319470e+000
  8.2145117e-001
  9.4941245e-001
 -4.1288944e+000
  4.1893622e+000
 -2.9551518e+000
  3.2479801e-001
 -1.3034149e+000
 -1.0588540e+000
  2.6073712e+000
 -1.1930645e+000
 -2.5322422e-001
 -1.6702058e+000
 -1.1054049e+000
  6.2538907e-001
 -7.0320278e-001
  1.2724573e+000
  1.7006446e+000
 -6.4686083e-001
  3.8362256e-001
 -2.2900399e+000
  7.9120091e-001
  2.7079520e+000
 -1.9484051e+000
  7.3275284e-001
  8.5952063e-001
  1.7557046e+000
  6.2148730e-001
 -7.4883465e-001
 -4.9254655e+000
 -8.9963892e-001
  1.2964498e+000
  0.0000000e+000
 -6.0247068e-001
  1.1990697e+000
  5.6094800e-001
  1.1971323e+000
  2.1828926e+000
 -5.1103183e+000
  1.0807258e+000
 -4.1809595e-001
  1.6177920e+000
 -4.8238550e-001
 -1.6225558e+000
  2.7317473e+000
  3.2699483e+000
 -5.3531794e+000
 -3.0027038e-001
  4.0295999e-001
 -5.3297528e-001
  8.8724634e-001
  3.6447801e+000
 -1.1224716e+000
 -1.3064782e-001
 -5.9281873e-001
  6.7438529e-001
  5.7629843e-001
 -2.4808377e+000
  1.9351911e+000
  5.5424167e+000
 -3.0631842e+000
  3.8151852e+000
 -2.7209593e+000
 -1.3531206e+000
 -1.4317934e+000
  4.1839083e+000
 -2.0069850e+000
 -1.7091879e-002
  1.9231731e+000
 -1.1087573e+000
 -3.4589107e-001
  3.6414921e+000
 -4.9711704e+000
  1.2842458e+000
  2.0282467e+000
 -1.2371468e+000
 -6.6256788e-001
  8.5698411e-001
  2.2936183e+000
 -1.4959926e+000
 -1.2919686e+000
  1.3072677e+000
  3.1734827e+000
 -5.1176623e+000
  2.6972125e+000
 -5.4890962e-001
 -4.9178503e+000
 -1.1180014e-001
  5.0796883e-001
 -1.8374162e+000
  6.5497918e+000
  2.8972970e+000
 -5.2333800e+000
 -1.8463330e+000
 -7.1547942e-001
  1.0296025e+001
 -6.0860239e+000
  1.5722226e+000
 -4.2643020e+000
  2.3899480e+000
 -1.7696230e+000
 -7.8611200e-001
  3.4453686e+000
  1.6196088e+000
 -4.4918191e+000
  1.7060217e+000
  1.5131652e+000
  5.2419006e+000
 -6.2263164e+000
 -2.4542791e+000
  7.4682872e+000
  5.0439734e-001
  1.9278340e+000
  1.2791588e+000
  5.8403017e-001
  1.1395773e+000
  1.4168071e+000
 -3.7249327e+000
 -3.7988250e-001
 -2.4782773e-001
  1.7033652e+000
 -8.5816722e-001
 -3.1760688e-002
  1.0253106e+000
 -1.0378126e+000
  4.7032590e-001
  3.3924517e+000
 -7.7520518e-001
 -1.1109819e+000
 -2.3121142e+000
  6.6030214e+000
 -4.4502555e+000
  1.4569901e+000
 -4.4843985e+000
  2.3664575e+000
 -1.3084501e+000
  1.3216467e+000
 -3.2991708e-001
  5.7703169e+000
 -2.1271741e+000
 -2.4975416e+000
  2.5433023e+000
  5.0616476e-001
 -1.8467699e+000
 -1.1692758e+000
  2.5320012e+000
 -7.0509327e-001
  1.8690284e-001
 -1.1341668e+000
  1.6822507e+000
  1.9135057e+000
 -1.6771857e+000
  3.0527616e+000
 -5.4600000e+000
  2.5770621e+000
  7.3035855e-001
 -2.4887730e-001
 -1.6424058e+000
  1.7131594e+000
 -1.5795093e+000
 -4.2030102e-001
  5.1878500e+000
 -5.5534760e+000
 -7.9207551e-003
  8.2091901e+000
 -1.5103583e+000
 -3.9815142e+000
 -1.1808002e+000
  3.8363807e-001
  3.1954427e+000
  2.1971630e+000
 -3.4690584e+000
 -1.5863083e+000
 -5.9628783e-001
 -2.4837158e+000
  1.9996308e+000
  1.5892418e+000
 -1.6408222e+000
  3.1128674e+000
 -4.8001012e+000
  9.5720738e+000
 -5.0268106e+000
 -2.5426425e+000
  3.2445232e+000
 -4.3683951e+000
  8.6209625e+000
 -3.0174741e+000
  8.0299996e-001
 -4.0944255e+000
  3.3106172e+000
 -2.4327918e-001
 -2.8825773e+000
  5.4946597e+000
 -4.1610451e+000
 -7.9518295e-001
  3.3749573e+000
  4.5708963e+000
 -7.2402822e+000
  3.4603790e+000
 -2.9083810e-002
 -4.2833551e+000
  3.5994689e+000
 -3.3606643e+000
 -1.6660693e+000
 -3.2377454e-001
  2.2376520e+000
 -3.2656481e+000
  6.2806083e+000
 -2.0138402e+000
 -7.0048201e-001
  9.9077457e-001
 -7.5752170e-001
 -4.0552750e-001
  3.3921272e+000
  1.9343274e+000
 -1.2084193e+000
  2.9011170e+000
  7.9366875e-001
 -1.8015899e+000
 -2.4881293e+000
  8.9629099e-001
 -4.6634146e-001
