  8.4219054e+000
 -6.5458990e+000
  1.1111829e+000
  2.0362563e-001
 -2.7456735e-001
 -2.0148598e+000
  2.3021883e+000
  8.6803289e-001
 -9.5236331e-001
 -2.1666693e+000
  2.6135428e+000
  3.1065853e+000
 -5.0191620e+000
  3.8990852e-001
 -6.1768815e-001
  1.3022043e+000
 -1.8417084e-001
 -4.6009872e-001
  1.4824226e+000
 -2.5261858e-001
 -2.9602567e-002
  8.2104911e-001
 -1.8187546e-001
 -3.3926936e+000
  2.5328197e+000
 -1.9281199e+000
 -3.3227243e-001
  2.5064531e+000
  2.3432796e-001
 -8.8182734e-001
  3.8555456e-001
  9.6220017e-002
  1.3870039e+000
 -3.4543876e+000
  1.5539794e+000
  9.7650305e-001
 -1.5612984e+000
  5.0276284e-001
 -1.2271073e-001
 -8.5390276e-002
  8.8816425e-001
  2.1383064e+000
 -1.4136206e+000
 -5.2074773e-001
 -2.5754705e-001
  2.1426620e-001
  3.2929009e+000
 -2.0408070e+000
  7.0228216e-001
 -3.2169530e+000
  1.7373573e+000
 -6.4126868e-001
  2.6508720e+000
 -1.6501736e+000
  1.1697200e+000
 -2.0546634e+000
  1.5341770e-001
  1.2528623e+000
 -7.8166481e-002
 -1.0571819e+000
  4.7082278e+000
 -4.1474667e+000
  7.8122736e-001
 -9.4717938e-001
 -2.6819133e-001
  1.2699917e-001
 -2.0074414e-001
  1.1918476e-001
  5.9436562e-001
 -1.2448474e+000
  3.0197221e-001
  9.6969252e-002
  3.6765586e-002
  1.2674616e-001
 -8.7238672e-001
  4.3087266e-001
  2.7608323e+000
 -2.7919774e+000
  1.8684301e+000
 -7.4258174e-001
 -1.1322538e+000
  1.2807062e+000
 -1.7278691e+000
  1.9623514e-001
  1.3407830e-001
 -1.1099653e-001
  4.1197444e+000
 -4.2940969e+000
  5.3433600e-001
  2.7288514e+000
 -4.7989996e+000
 -9.0563868e-001
  5.5368811e-001
  1.2015861e+000
 -1.4608935e+000
  2.8377423e-001
  1.1135949e+000
 -6.9309008e-001
 -3.0311038e-001
  9.3354447e-001
 -1.3906650e+000
  5.3408468e-001
  2.2317397e+000
  1.0374118e-001
 -2.8504415e+000
  9.4649101e+000
 -7.7208444e+000
  2.2719452e+000
 -2.8486423e+000
  1.9648903e+000
 -1.0712429e-001
  2.4881951e+000
  5.8337145e-001
  9.8892174e-001
 -2.9985621e+000
  2.7181313e+000
 -2.8924516e+000
 -1.2422896e+000
  1.1629515e+000
  4.0081816e+000
 -1.2807155e+000
 -9.4297174e-001
  2.2001879e+000
 -2.4535799e+000
  3.5579846e-002
 -1.3796668e+000
  2.6323383e+000
 -5.4316235e-001
  8.0896348e-001
  3.1212979e-001
 -1.5544416e+000
 -3.2353537e-001
  1.4275981e+000
 -5.4963481e-001
  2.6596977e+000
 -1.0411664e+000
 -6.4250288e-001
  1.9622613e+000
 -2.3166924e+000
  5.7263583e+000
 -4.0568171e+000
 -1.6666244e+000
 -2.8743542e-001
  8.5805699e-001
  1.6627084e+000
 -8.3184534e-001
  4.2896709e+000
 -4.0636289e+000
  1.7820481e+000
 -4.3135349e+000
  3.4116099e+000
  1.4874800e-001
 -1.8351927e+000
  3.2834862e-001
 -9.5340964e-001
  4.9055400e-001
  3.2515641e+000
  3.1373559e+000
 -1.9304312e+000
  1.4780789e+000
 -1.1434384e-001
  7.4176679e-001
 -3.1652445e+000
  1.9381271e+000
  1.4592495e+000
 -2.0123363e+000
 -1.2657242e-001
  1.5818292e+000
  7.1463977e-001
  1.6018177e+000
  3.8472874e-002
 -2.5292506e+000
  1.3886621e+000
 -3.7415503e-001
  1.8011426e+000
 -3.9801585e+000
  1.2900823e+000
  5.5377953e+000
  7.4954353e+000
 -3.7178448e+000
 -1.7839055e+000
  2.3395451e+000
 -1.9933983e+000
  1.9399957e+000
 -1.0921140e+000
  7.6393724e-001
  1.6982884e+000
 -9.8150535e-002
 -8.7431430e-001
  3.2497503e-001
  3.4834641e-001
 -1.1834132e+000
 -2.6775410e-001
  1.2732388e+000
 -3.0985950e+000
  2.7833843e+000
 -1.3398911e+000
  3.7576166e-001
 -1.3774161e+000
 -2.6180502e-001
  1.2149287e+000
 -1.2590627e+000
 -3.1568350e-001
  2.5599755e+000
 -2.3184843e+000
  1.5537150e+000
 -1.0953621e+000
  9.7784048e-001
 -1.8583050e+000
  2.8370175e+000
 -3.0614040e+000
  1.7451239e+000
  1.4299658e+000
  2.2819702e-001
  1.4543047e+000
  4.4997181e-001
 -2.4134561e+000
  2.8013885e+000
 -3.3126480e+000
  2.7263181e-001
  4.7686806e-001
 -1.0237699e+000
  2.7141643e+000
 -6.2990490e-001
 -6.2438617e-001
  1.7363392e+000
 -2.6791810e+000
  3.2466541e+000
 -4.3528344e+000
  1.6227234e+000
  2.3298542e+000
  2.9710374e+000
 -2.2744787e+000
  7.7984548e-001
  7.4538067e-001
 -6.5244148e-001
  6.3738463e-001
  2.3732282e+000
  3.8529051e+000
 -7.2471652e+000
 -1.6548685e+000
  3.9735815e+000
 -3.0854168e+000
  1.1895506e+000
  4.9662484e+000
 -2.9878376e+000
  8.0753527e-001
  2.1231166e+000
 -4.3827742e+000
  9.2770331e-001
  6.8139889e-001
 -8.9858252e-001
 -5.0843433e-001
  1.4712873e+000
  1.7768244e+000
 -2.7415509e+000
  1.0588451e+000
  5.7389453e-001
  3.9531462e-001
  9.2188269e-001
 -1.6232425e+000
 -1.1586488e+000
 -3.2239149e-001
  3.3515067e+000
 -3.6401097e+000
  4.4962835e-001
  7.7815263e-001
 -5.8951621e-001
 -7.2660440e-001
  2.8426874e+000
  6.1585169e+000
 -8.3627603e+000
  2.4292640e+000
  6.7281409e-001
 -2.6207947e+000
  8.0117229e-001
  6.0082449e-001
 -1.7317684e+000
  1.0126944e+000
 -3.6944883e-001
  5.4226547e-001
  8.9737299e-001
 -1.9051175e+000
 -1.3127013e+000
  5.4376490e-001
 -2.8669970e-001
 -4.2113263e-001
  6.7284273e-001
  9.2122292e-001
  2.2827967e-001
 -2.8235428e-001
  2.1039734e+000
 -1.4369940e+000
  9.4972826e-001
 -2.0034401e+000
  7.7047156e-001
  9.6011491e-001
 -7.4686305e-001
  9.1091235e-001
 -7.7943607e-001
 -1.5298218e+000
  3.2326810e+000
 -1.9675574e+000
  2.3708562e+000
  8.5957889e-003
  4.7084063e-001
 -7.1811311e-001
  2.8666683e+000
 -5.3468941e+000
  1.6264879e+000
  2.5169713e-001
  1.0435975e+000
 -2.0458794e+000
  3.3010257e+000
 -3.8282718e+000
  4.2905509e-001
  2.3707876e-001
 -4.1902340e-001
  3.1957788e+000
 -1.5011679e+000
 -1.2301606e+000
  1.0846442e+000
  2.0831916e-001
  4.8537821e-001
 -1.7442448e+000
  3.9287754e+000
 -3.0308826e+000
  5.5217287e-001
  4.4241404e-001
 -3.0127007e+000
 -1.4357309e+000
  9.7573273e-001
  1.8009283e+000
  3.1513853e-002
  4.6981509e-002
 -1.6055516e+000
 -1.4781745e-001
  6.0571234e-001
  1.7755010e+000
 -1.7130974e-001
 -1.3780889e+000
  2.2018388e+000
 -1.1555714e+000
  7.0909330e-001
 -1.2692888e+000
 -3.2296787e-001
 -1.0800940e+000
  1.3907621e-001
  7.5708475e-001
  3.1901796e-001
 -9.9527877e-001
  1.9449223e+000
 -7.0864490e-001
  2.3330720e+000
 -3.0271486e+000
  2.8150240e+000
 -2.0599025e+000
 -5.4902967e-001
  1.0484302e-001
  8.5672930e-001
  1.9394837e-001
  2.9011190e+000
 -2.9309845e+000
  3.9806167e-001
  3.5185239e-001
  1.0824938e+000
  4.1480024e+000
 -7.4758552e+000
  7.0904242e-001
  9.1404025e-001
 -1.5643177e+000
  4.9438977e-001
 -1.1754844e+000
  2.2248981e+000
  3.2648495e-001
  3.8238806e-001
 -1.6069480e+000
 -2.2544934e+000
  8.9653524e-001
  1.6931157e+000
  4.7752842e-001
 -1.0476892e+000
  2.6268747e-001
  3.2612796e+000
 -4.5826829e+000
  9.5063179e-001
 -5.4602959e-001
 -1.4964598e-001
  9.3102935e-001
  5.1896194e-001
  3.2728354e+000
 -1.9899584e+000
 -9.5175917e-001
 -4.2382045e-001
  2.2410725e+000
 -8.5262345e-001
 -1.6030079e+000
  1.1350065e+000
 -9.9687611e-001
  9.6120462e-002
 -6.9807046e-001
  1.5803553e+000
  5.6688161e-001
 -3.1713083e+000
  2.1176574e+000
 -6.7411301e-001
 -1.9066186e-001
  2.8410019e+000
 -7.8409286e-001
  1.5928196e+000
 -1.6853245e+000
 -2.7090687e-001
 -6.6063798e-001
 -1.1290377e+000
  2.3495234e+000
  1.0908374e+000
 -1.7729713e-001
  9.6357005e-002
 -5.9848810e-002
 -4.1820656e-001
  1.2216800e-001
 -9.7929471e-001
 -1.2643752e+000
  1.1730874e-001
  4.6166710e-001
  1.2838112e+000
  1.0349753e+000
 -1.9937693e+000
 -1.0338505e+000
 -3.2471269e-001
  1.0750609e+000
  2.4321681e+000
 -3.0637727e+000
  4.3883759e+000
 -2.6881488e+000
  4.0534273e-001
  3.6298304e-001
 -2.1433591e+000
 -5.2558230e-001
  1.9770037e+000
  3.7076726e-001
  8.4820945e-002
  5.6357050e-001
 -1.5186760e+000
  1.9134087e+000
 -1.4746885e-001
  9.4448030e-002
  6.7537077e-001
 -1.4308154e+000
  8.8038559e-002
  1.1100724e+000
  2.0748104e-001
  2.3514144e+000
 -3.1091633e+000
  5.2781528e-001
  2.0710392e-001
  1.5108267e-001
 -1.7050712e+000
  1.6557721e+000
 -1.9404494e+000
  1.1154438e+000
  6.1792886e-001
 -1.1208960e+000
  8.8023885e-001
 -2.2183334e+000
  4.2188920e+000
 -1.7047604e+000
 -2.0753145e+000
  2.9386286e+000
 -5.6544486e-002
 -1.6780266e+000
  5.3155276e+000
 -1.1546155e+000
 -1.6133932e+000
  1.2559534e+000
  8.4872538e-001
 -6.1462096e+000
 -1.0228800e+000
  1.8516688e+000
  4.6109175e+000
 -4.1366412e+000
 -1.2248220e+000
  1.4843574e+000
 -1.4135326e+000
  1.0065416e+000
 -1.6547911e-001
 -7.2769344e-001
  1.2478572e-001
  8.6594979e-001
 -8.1114604e-001
  2.7095066e+000
 -3.2142922e+000
  1.9628884e+000
  8.6448331e-001
 -3.6531951e-002
 -1.2416202e+000
  1.8195485e+000
  1.9422177e-001
 -1.2356719e+000
 -1.1320323e+000
  2.6897804e+000
 -1.0889948e+000
 -1.4063111e+000
  1.5142713e-001
 -1.5142713e-001
  1.4560446e-001
 -1.1249018e+000
  9.1239195e-001
  1.2671664e-001
 -1.6461612e+000
  1.8999879e+000
 -5.6618618e-001
  6.2535497e-001
 -1.6389414e+000
  8.8276459e-001
  9.9843013e-001
 -7.5145336e-002
 -2.0591499e+000
  1.0103359e+000
  1.3823365e+000
 -6.6471450e-001
  1.5932068e+000
 -2.7618862e+000
  1.8316679e+000
 -5.5647118e-002
 -2.0281908e-001
 -1.1097517e+000
 -2.0764311e-001
  1.4289533e+000
 -1.6493036e+000
  3.5706218e+000
 -2.7013629e+000
  1.6398734e+000
 -2.3703457e+000
  4.5576492e+000
 -2.7168452e+000
  1.9442644e+000
 -2.1749497e+000
 -7.4901272e-001
  2.8361643e+000
 -2.2820236e+000
  1.5421394e-001
  1.3830075e+000
 -9.9188185e-001
  3.9509386e+000
 -4.8781503e+000
  4.4561268e-001
  9.8200270e-001
 -8.5485267e-001
  5.4133484e+000
 -5.8949587e+000
 -2.8954550e-001
  8.5557868e-001
  9.9025557e-001
  5.2991280e+000
  5.2508661e-001
 -6.8330551e+000
  4.5451997e+000
 -2.8908773e+000
 -1.2701138e+000
 -3.3619365e+000
  2.5519732e+000
 -2.2827539e-001
  1.6100341e+000
 -4.9555689e-001
 -2.1446085e+000
  1.2508070e+000
  1.7906847e+000
 -3.2093343e+000
  1.7337413e+000
 -1.6671381e+000
  2.8336591e+000
  4.9870644e+000
 -2.1494964e+000
 -6.3756223e+000
  5.0634350e+000
 -5.6927703e+000
  7.9870853e+000
 -5.8123899e+000
  6.5346657e-001
  6.9916118e-001
  6.7644802e-001
  1.0119362e+000
 -3.3201880e+000
  1.0124183e+000
 -1.0866209e+000
  1.2262244e+000
 -8.2346915e-001
  8.5873510e-001
  4.5272674e-001
 -1.9755319e+000
  1.3965658e+000
  3.5693406e-001
  7.9356609e-001
  4.3721420e-001
  1.0565487e+000
 -1.7438631e+000
  3.3475030e-001
  2.4911332e+000
 -1.6310294e+000
 -2.0378230e+000
  1.6124998e+000
 -3.6119543e-001
 -6.9384344e-001
  7.5801566e-001
  9.3901939e-001
 -3.3817015e+000
  2.0571264e+000
  1.0029500e+000
  3.0160316e-001
 -2.2139377e+000
  2.6330119e+000
 -3.0133035e+000
  3.7873314e+000
 -2.3458516e+000
  4.7851223e-001
  6.6347327e-001
 -1.6674841e+000
  1.0715512e+000
  7.9930033e-002
 -1.0891980e-001
  7.4655554e-001
 -1.1463116e+000
  3.6939484e+000
 -4.8232775e+000
 -5.6207281e-001
  2.6601510e+000
 -2.5284671e+000
  1.2783314e+000
  6.3231360e-002
 -1.9448197e-001
  4.0567471e+000
 -3.8858954e+000
  5.9407428e+000
 -5.4148274e+000
 -8.9999294e-002
  1.0384495e-001
  2.4225970e+000
 -1.5369684e+000
  1.4426522e+000
  1.7572178e-001
 -1.2723271e+000
  8.5559597e-001
 -1.8247647e+000
  7.8004879e-001
  1.1280909e+000
 -5.3150810e-001
 -3.7439328e-001
  8.7730862e-001
 -4.2444963e-001
 -1.1738004e-003
  1.0372007e-001
  1.0332915e+000
 -1.4126510e+000
  2.4854899e-001
  8.1013371e-001
 -1.1208145e+000
 -7.9526555e-001
  1.3547826e+000
  1.6196339e+000
 -2.7660596e+000
  1.0754081e+000
  2.0354248e+000
 -1.5640868e+000
  3.0204495e-001
  1.3299963e+000
  4.7193988e-001
  2.6705164e-001
  1.0535249e+000
 -2.0100035e+000
 -2.7391195e+000
  7.3456398e-001
  1.6711960e-001
  3.3281503e+000
 -1.1415539e+000
 -3.0154669e+000
  5.4406575e-001
 -8.1828102e-001
  1.3219707e-001
  4.3265520e-001
 -6.7727103e-001
  2.3005418e+000
 -1.9328616e+000
  1.1397794e+000
 -5.3053640e-001
  1.0988392e+000
 -6.2199329e-001
 -1.2229033e-001
  1.2362235e+000
  1.1897654e+000
  1.2013768e+000
 -1.3899156e+000
  2.5215930e+000
 -2.1718169e+000
  2.0020012e+000
 -7.8730864e-001
  1.3151093e-001
  5.6115534e-001
 -2.8826683e+000
  3.6729227e+000
 -1.3997726e+000
 -5.1112801e-001
  3.9385421e-001
  5.5656323e-001
  3.6478086e+000
 -6.8593140e-001
 -2.7916482e+000
 -1.2857091e+000
  1.5455768e+000
 -9.4094247e-001
 -1.8938775e-001
  1.9141774e+000
 -6.3165075e-001
 -2.0957714e+000
  9.8851235e-001
  2.1510088e+000
 -7.3888159e-001
  1.9620933e-001
  3.5307176e-002
 -7.1566973e-001
 -1.5871774e+000
  6.8236216e-001
  5.4743092e-001
  2.3625944e-002
  1.1790942e+000
 -9.9348269e-001
 -4.1929860e-001
 -6.7725426e-001
  1.3606139e+000
  1.6311893e-001
 -1.0093452e+000
  5.0862025e-001
  3.6048438e-002
 -3.5980961e-001
  1.4017832e+000
  9.0377057e-001
 -2.6007740e-002
 -2.6372505e+000
  1.1192798e+000
 -1.4792676e-002
  1.4499697e+000
 -1.9835182e+000
  4.4033183e+000
 -3.1789587e+000
  1.0772711e+000
 -1.2724582e+000
 -1.8416932e-001
  8.2192638e-001
  1.8693946e+000
 -2.9455986e+000
  3.2454858e+000
 -1.9852410e-001
 -2.0958987e-001
 -1.4729158e+000
 -1.4842303e+000
  9.6420732e-001
 -1.1323065e+000
  4.1665306e-001
  2.9037048e-001
  1.9753324e+000
 -1.4201016e+000
 -5.2869604e-001
 -6.9882424e-001
 -8.0038557e-001
  2.3959584e+000
 -7.7329898e-001
  8.8574065e-001
 -5.0429009e-001
  7.3140915e-001
  2.8378616e+000
 -5.0498380e+000
  2.0625200e+000
  4.0939548e-002
 -7.6311909e-001
  3.1547910e-002
  1.0771207e+000
  4.8902914e-002
 -1.0325184e+000
 -4.3585093e-001
  1.3839039e-001
  1.7494981e+000
 -2.8367505e+000
 -3.3212584e-001
 -4.7339155e-001
  8.3109144e-001
  5.2261238e-001
  6.8706088e-001
 -1.7086900e-001
  7.6233462e-001
 -1.9491256e-001
  8.0639848e-001
 -2.2522536e+000
  8.1182887e-001
  1.6006971e+000
 -1.2822559e+000
  8.0557670e+000
 -4.2149598e+000
 -8.9401287e-001
  1.1324585e+000
  3.6960478e+000
 -4.8053007e+000
 -4.9076657e-001
 -4.5100508e-002
  8.3396983e-001
  6.3580808e+000
 -9.2817987e+000
  2.9390443e+000
 -1.5560043e+000
  9.3327068e-001
 -1.6116860e-002
  1.3751347e+000
  8.7662113e-001
 -4.7128064e-001
 -4.8690709e-001
 -3.9606786e-003
  1.6143062e+000
  1.9068956e+000
 -4.1289340e+000
  1.8195085e+000
 -2.6793896e+000
  1.2240270e+000
  6.5701011e-001
 -1.0959055e+000
 -1.0977925e-001
 -1.6761753e-001
  1.6569551e+000
 -1.4916955e+000
 -3.2511643e-001
  8.9690620e-001
 -4.1942852e-001
 -9.0871457e-001
  1.9251895e-001
 -6.7854783e-001
  3.3130816e+000
 -2.1926370e+000
  4.4892888e-001
  1.8833060e+000
  2.0392743e+000
 -2.2786572e+000
 -6.7152736e+000
 -3.2091001e-001
  2.9805974e-001
 -1.4022423e-001
  2.0923910e+000
 -1.7355032e+000
 -4.8630880e-001
  1.7672667e+000
  1.1425312e+000
 -1.7654209e+000
  4.3660942e+000
 -3.9758026e+000
  6.6173660e-001
  1.5479178e+000
 -1.2751452e+000
  2.9628288e+000
 -2.8904172e+000
  6.7238646e-001
 -1.4484866e+000
 -1.4371095e+000
  1.2965425e+000
 -2.6508575e+000
  7.9150800e-001
 -1.4733278e+000
  8.2194851e-001
 -8.6592079e-001
  3.3156086e-001
  1.2359896e+000
 -8.0955129e-001
 -5.0279789e-001
  2.0669959e+000
 -2.1128428e+000
  1.7781482e-001
  1.2583141e+000
  1.1196026e+000
  7.6303487e-001
 -4.6136792e+000
  5.9824629e-001
  1.6774761e+000
  9.5196300e-001
  2.0847814e+000
 -2.4010895e+000
  2.3580203e+000
 -4.0282719e+000
  1.6744738e+000
  5.9650515e-001
 -1.9097063e+000
  7.0708966e-001
 -1.7898236e+000
  1.2644578e+000
  6.2091736e-001
  1.2900302e+000
 -7.5017237e-001
  1.3784293e+000
 -4.1938036e+000
  1.6844779e+000
 -2.2037493e-001
  1.1808712e+000
 -1.6358488e-001
 -1.8117115e+000
 -1.2316027e+000
 -6.1822447e-002
  4.9987386e-001
  3.6523403e+000
 -3.4905473e+000
  4.6060774e+000
 -4.3086924e+000
  3.4545312e+000
  5.4330472e+000
 -7.5186327e+000
  1.3747228e+000
  1.7299235e+000
 -3.6268979e+000
  2.5976008e+000
 -3.2160484e+000
  1.2073423e+000
  1.6034241e+000
  4.4810914e-001
 -1.3444545e+000
  1.2940989e+000
 -1.0527400e+000
  7.2245525e-001
 -6.4088334e-001
  1.5542888e+000
 -2.3687697e+000
  9.1211218e-001
  1.3993397e+000
 -1.1024877e+000
 -8.8230866e-001
  4.2570507e-001
  1.3083243e+000
 -2.0508359e+000
  1.6575315e+000
 -6.0691420e-001
  9.8030247e-001
  2.5270259e+000
 -3.0257367e+000
 -4.7062385e-001
  1.4720457e-001
  1.3155106e+000
 -6.3023619e-002
  4.5751298e-001
  1.5437969e-001
 -1.5942172e+000
  1.5517979e+000
 -1.7237236e+000
  1.0459789e+000
  4.3113346e-001
 -7.7069083e-001
  2.2845059e-002
 -1.1786841e+000
  3.4101401e+000
 -3.7268904e+000
 -5.2473973e-001
  2.2927683e+000
 -1.3685396e-001
 -1.7615930e-001
 -6.5642618e-001
  1.9910754e+000
  7.3426220e-001
 -2.9644938e+000
  8.0097408e-001
  4.9974634e-001
 -1.2962297e+000
  1.9474645e+000
 -1.4695605e+000
 -9.2117375e-001
  7.9289438e-001
 -5.4852773e-001
  1.3564721e+000
 -1.5054339e+000
  1.0188004e+000
  1.8033105e+000
  2.6058905e+000
  3.0498480e-001
  1.0202447e+001
 -7.1663654e+000
  2.2759804e+000
 -1.2552402e+000
 -7.6125139e-001
 -1.1004388e+000
  2.6092091e+000
 -1.0326169e+000
 -4.4803559e-001
 -3.1147920e-001
 -2.3737606e-001
  9.3958408e-001
 -1.8930983e+000
  7.0116317e-003
  2.3675008e+000
 -2.5373382e+000
  1.4967078e+000
 -8.9756818e-001
  6.5861513e-001
 -2.4536766e-001
  5.7212299e-002
  1.2303668e+000
 -6.7346107e-001
 -1.0089317e+000
 -3.6724237e-001
  7.8252619e-001
  6.8244345e-001
  1.7174391e+000
 -1.3231428e+000
 -4.5042786e-001
  4.0847798e+000
 -4.5546027e+000
  4.1536103e+000
  1.9955572e-001
  7.5673291e-001
 -1.6582904e+000
 -1.8753711e+000
 -4.4869920e-001
  2.1366099e+000
 -3.9874102e-001
  4.9031280e-001
 -1.8936217e+000
 -4.2082608e-001
  3.2030696e-001
  9.5536196e-001
 -7.9397684e-001
  9.7809396e-001
 -5.0145432e-001
  1.8828832e+000
 -5.5880368e-001
 -1.2096660e-001
  2.4225686e+000
  2.3466673e+000
 -6.6089062e+000
  3.4249327e-001
  2.5511509e-001
  2.2369390e-001
  1.5153630e+000
  7.8649322e-001
 -1.2062035e+000
 -1.0474882e+000
  3.0119450e+000
 -1.4298873e+000
 -9.4652330e-001
  4.9328469e-001
  1.8672904e+000
  1.4009898e+000
 -1.4262231e+000
  2.2038408e-001
 -7.8647208e-001
  9.4052659e-002
  1.0267393e+000
  5.6695842e-001
 -2.2443103e+000
  1.7307712e+000
 -1.1558706e+000
  7.6100989e-001
 -1.5086589e+000
  9.0669101e-001
 -4.0438453e-001
  1.4458892e+000
  8.4716718e-001
  1.6317768e+000
 -1.8740114e+000
  8.9237713e-001
 -1.5954740e+000
  9.6555995e-002
 -8.2009438e-001
 -1.0472925e+000
  2.9222409e+000
  1.1061078e+000
  4.9544684e+000
  3.1794939e-001
 -5.7461553e+000
  2.5576833e+000
 -2.9385185e+000
 -1.7380229e+000
  1.6691970e+000
  3.0722142e+000
 -3.5708990e+000
 -2.1344233e+000
  2.7060340e+000
 -1.2113783e+000
  7.4810758e+000
 -4.6163125e+000
 -1.0920600e+000
  4.1009907e+000
 -5.8559445e+000
 -1.3260509e+000
  2.5922548e+000
  6.0217895e+000
 -1.6080259e+000
 -2.0420784e+000
  1.0890228e+000
 -1.3770084e+000
  2.1330416e+000
 -1.9591106e+000
  7.1236833e-001
  8.5927072e-001
  5.2086821e-001
 -1.5011020e+000
  1.6376695e-002
  2.5988738e-001
 -1.0717645e+000
  1.0101367e+000
  2.4763287e+000
 -1.6430150e+000
  2.0615812e+000
 -1.7976771e+000
 -1.6298645e+000
  1.3438309e+000
 -1.5144156e+000
  1.7393864e+000
 -1.0305756e+000
  2.1887803e+000
 -2.8175207e+000
  8.7313418e+000
 -5.3193034e+000
  6.5389585e-002
 -6.5953878e-001
 -3.4813221e-001
  1.1742776e+000
 -1.0578981e+000
 -1.4339103e-001
 -5.6010949e-002
  6.4728680e-001
  1.4457120e+000
 -2.7284753e+000
  8.6715681e-001
  2.0305636e+000
 -1.2125838e+000
  2.9962234e+000
  1.2172767e+000
 -3.6530285e+000
  1.9936186e+000
 -5.2559834e-001
  1.0643914e-001
  2.1110359e-001
 -1.4390405e-001
  5.2542211e-001
