  8.1544119e+000
 -4.0287726e+000
  2.1492514e-001
 -6.7656393e-001
  1.3727623e-001
  2.5872223e-001
 -1.0254650e+000
 -2.4601648e+000
  2.9838756e+000
 -2.7369645e+000
  5.8863030e+000
 -2.9022573e+000
  2.9268567e-001
  1.6499889e+000
 -2.3387054e+000
  2.7747153e+000
 -3.6623822e+000
  1.5869587e+000
  4.2247517e-001
  1.2653671e+000
 -3.4743610e+000
  1.9009649e+000
  9.9581864e-002
 -3.4238420e+000
  3.5501421e+000
 -3.1182780e+000
  5.0870980e+000
 -2.2935388e+000
  5.0659187e-001
 -2.5772566e+000
  1.4950028e+000
 -2.6078427e+000
  2.8873341e+000
 -2.3141873e-001
 -4.7476301e-001
 -6.5020173e-001
  3.4464916e-001
 -5.9221782e-001
  6.0991428e-001
  6.9332939e-001
  2.0763079e+000
  2.4303146e-001
 -1.0418123e+000
 -7.0679443e-001
 -6.3287181e-001
  5.9615729e-001
 -3.4334086e-001
  4.3992632e-001
 -3.3686862e+000
  4.4769793e-001
  4.1892654e+000
 -2.6415057e+000
  5.2522685e-001
 -2.6170238e+000
  1.9117537e+000
  8.5208904e-001
  1.8688307e+000
  1.7423404e+000
 -3.8126212e+000
  1.4225158e+000
  7.9420575e-001
 -1.9768033e+000
  4.1080221e-001
  1.2853860e+000
 -1.1525210e+000
 -5.9241405e-001
  9.6906774e-001
 -6.2393819e-001
  3.8458795e-001
 -1.3881254e+000
  2.4214971e+000
  5.2024226e-001
 -6.6369280e-001
  3.0583761e+000
 -2.3815260e+000
 -2.5219767e+000
 -1.6333518e-001
  9.9015433e-001
  3.5743284e+000
 -2.8213674e+000
 -1.5086731e+000
  2.7395770e+000
  1.4160868e+000
 -2.1663730e+000
  1.4375116e+000
 -9.0144759e-001
  8.3691897e-001
 -8.4729782e-001
  2.4129332e+000
 -1.7300998e+000
  1.3066859e+000
 -1.1947065e+000
  1.5907549e+000
 -3.3247619e+000
 -7.8973795e-001
  5.4049156e+000
 -4.5484015e+000
  1.8126109e+000
 -2.5391562e-001
  1.7836712e+000
 -6.5271832e-001
  2.1785163e+000
 -3.2874156e+000
 -2.0832187e+000
  9.6663411e-001
  6.2464848e+000
 -5.7649001e+000
  3.2022928e+000
  1.3619244e+000
 -1.0200479e+000
 -3.9365997e+000
  1.1640292e-002
  2.7025695e+000
 -2.5622275e+000
  1.5115599e+000
 -1.1039507e+000
  3.1607369e+000
 -3.4472574e+000
  2.4622233e+000
 -9.0461333e-001
  4.5829124e+000
 -3.2091012e+000
  6.5643222e-002
 -1.3808165e+000
  4.2751053e+000
 -3.6954408e+000
  2.8096039e+000
 -8.0456790e-001
 -1.2428081e+000
 -5.8064371e-001
 -3.1428952e+000
  9.4873209e-001
 -7.7627553e-001
  2.0122244e+000
 -1.5332600e+000
  1.6050960e+000
 -6.0449028e-001
  9.1333620e-001
 -1.0677017e+000
  1.1301860e+000
 -4.6974361e-001
  3.1384163e+000
  9.8722744e-001
  5.5932750e+000
 -1.7896648e+000
 -1.6416500e-002
 -1.6957530e+000
 -1.1411967e+000
 -6.0748721e-001
  1.7034379e+000
  5.4822837e-001
 -2.1251525e+000
 -1.2192069e+000
  4.4898697e+000
  5.8275311e-001
 -9.2198934e-002
  1.2580245e+000
 -6.4978546e-001
  2.1092860e+000
 -8.5319134e+000
  1.0982240e+000
  1.6396514e+000
 -1.6291125e-001
  1.9564462e+000
 -1.8114327e+000
  1.3004791e+000
  2.1597128e+000
  2.1298352e+000
 -1.5236842e+000
 -9.6124723e-001
 -6.1043967e-001
 -7.2139932e-001
  2.1078322e-001
 -7.9706307e-001
  2.9613622e-001
 -7.4098296e-001
 -7.0687395e-001
  1.7658697e+000
  1.5440287e+000
 -1.4527054e+000
  1.4705248e+000
  1.6430582e+000
 -2.8474468e+000
  2.7621649e+000
  3.1643939e+000
 -1.8602664e+000
 -1.7876897e-001
  9.1292082e-001
  3.6215127e+000
  2.5125128e+000
 -1.3051053e+000
  1.9675023e+000
 -1.7964729e+000
  8.4069779e-001
 -1.0511554e+000
  4.4209308e-001
  1.6017111e+000
 -1.8253788e-001
 -2.2549334e+000
 -1.0422404e+000
  3.1458427e+000
 -3.1176567e+000
  1.6021374e+000
  1.5738748e+000
  2.6342670e-003
 -3.5633278e+000
  4.8056584e-001
  3.4296267e+000
 -6.0908350e-001
 -1.8325370e+000
  2.2585240e+000
  1.1535997e+000
 -3.2566039e+000
  2.4749066e+000
 -8.8887540e-001
 -4.8259895e+000
 -8.6851616e-001
 -7.5289697e-001
 -1.2304233e-001
  1.8060279e+000
 -2.5524369e+000
  5.5343879e+000
 -3.0427123e+000
 -2.0391105e+000
  3.8450475e+000
 -3.1732488e+000
 -4.0933274e-001
  2.9149517e+000
 -2.7721110e+000
  1.2825093e+000
  1.6971087e+000
 -2.5338826e+000
  1.5535750e+000
 -1.4611297e-001
  1.5678312e+000
  4.6975518e-001
 -3.4524052e+000
  5.1644481e-001
 -3.3889049e-002
  1.0435821e-001
  8.8477853e-001
  6.3427528e-001
  1.6514092e+000
 -8.0844424e-001
  1.0141965e+000
 -1.6683925e+000
 -1.7250129e-001
 -1.0372777e+000
  2.5907504e+000
 -1.3236987e+000
  2.5160212e+000
 -3.4201880e+000
 -1.1980075e-001
 -1.6446039e+000
 -6.8057017e-001
  8.8610766e+000
 -8.1053716e+000
 -1.1004839e+000
  1.9867996e+000
  4.0700450e+000
 -5.7714611e+000
  3.3314133e+000
  2.8874062e+000
  2.6140068e+000
 -5.5632998e+000
 -9.0387325e-001
 -3.6600040e+000
  3.3949399e+000
 -8.2551413e-001
  7.3350524e-001
  6.6946320e-001
 -3.9048560e-001
 -1.1270986e+000
  6.9382699e-001
 -2.2675002e+000
  7.0907858e-001
  2.4933797e+000
  7.9284073e-001
 -1.1398154e+000
 -1.0614383e+000
  1.6679094e+000
 -2.1974482e+000
 -2.2267632e+000
  1.3447041e-001
  2.1287850e+000
  3.1045255e-001
 -3.4694493e-001
  5.0448673e-001
 -7.7720466e-002
 -4.2546328e-001
 -1.6134184e+000
  1.5546444e+000
  6.9094741e-001
  1.7159648e+000
 -2.6256230e+000
  1.9441930e+000
 -5.9492037e-001
 -1.5484972e+000
  1.0289292e+000
  8.7668520e-001
 -2.5249731e+000
  1.8451057e+000
 -5.6419015e-002
  2.1138446e+000
 -9.6713734e-002
 -1.1865789e+000
  1.0236270e+000
 -1.7767151e+000
  1.4550249e+000
  1.7437405e+000
 -1.4582743e+000
 -9.4526827e-001
  2.8283126e+000
  7.8430817e-002
 -7.2993426e-001
 -8.1051324e-001
  9.8782897e+000
 -6.3469509e+000
  5.2872379e-001
  1.2020754e-002
  1.1085110e+000
  1.6053202e+000
 -2.6418203e+000
  2.0610174e+000
 -8.6511481e-001
 -4.2890980e-001
 -2.1281340e+000
  2.4317503e+000
 -1.2448871e+000
  4.5556110e+000
 -3.3984366e+000
  6.9339221e-001
 -6.7198659e-001
 -1.1470984e+000
  7.0121483e-001
  5.0241265e+000
 -2.6062455e+000
  1.7748515e+000
 -2.7321941e+000
  4.8983794e+000
 -8.5306342e-001
 -2.4692817e+000
 -1.0134588e+000
 -1.6790108e+000
  2.7829084e+000
  9.5976217e-001
 -2.2293568e+000
  7.0912005e-002
 -1.7253065e-001
  2.5634009e+000
 -4.1312573e+000
  4.6898658e+000
 -3.6503809e+000
  9.0912421e-001
 -2.4854148e+000
  3.3484487e+000
 -1.5303603e+000
 -1.7927593e+000
  2.2833906e+000
  3.7132386e+000
 -2.1469531e+000
 -6.4075483e-001
 -3.3652980e-001
  2.0850507e+000
 -1.7914515e+000
  3.7814694e+000
 -1.3090305e+000
 -8.0717349e-001
 -1.8321280e+000
  1.2285963e-002
  6.5691185e-001
 -9.4874098e-001
 -3.4572686e-001
  1.4943343e+000
  7.9455281e-001
 -1.7610870e+000
  6.0035039e-001
  4.6024833e-001
 -9.7428886e-002
 -4.8544757e-001
  6.2584051e-001
 -1.7470060e+000
 -1.7126525e+000
  3.1937904e-001
  6.6536081e+000
 -4.5245387e+000
  4.6875316e+000
 -2.3702226e+000
  2.6168507e-001
 -1.1737664e+000
  1.8803635e+000
  1.2456143e+000
 -2.8754850e+000
  2.0828914e+000
 -1.0556816e+000
  4.8976677e-001
  4.3142224e+000
 -2.5939109e+000
  2.0007324e-001
 -1.4697993e-001
  2.0433648e-001
 -2.3121999e+000
 -3.2845621e-001
  2.1327912e+000
 -2.7591127e+000
 -1.4093152e+000
  1.1956399e+000
 -2.4551391e-001
  1.4031590e+000
  1.9411860e+000
 -3.3535096e+000
  1.5827328e+000
 -3.7215519e-002
  1.6220778e+000
 -7.1230136e-001
 -9.3125111e-001
 -2.8560850e-002
 -1.1235663e-001
  1.8453439e+000
 -5.1111185e-001
 -1.5544353e+000
  2.1145963e+000
 -1.5709510e+000
  1.3639450e+000
 -1.8195827e+000
 -8.0876534e-001
  1.7400266e+000
 -2.9621298e+000
  3.7323793e+000
  5.8067374e-001
  6.4602552e-001
 -3.6286589e+000
  3.0637013e+000
  7.3829778e-001
  1.5892365e+000
 -3.9152992e+000
  7.4488102e+000
 -5.6280003e+000
 -1.6553021e+000
 -1.0562502e+000
  3.3857775e+000
 -8.0478892e-001
 -2.8126175e+000
  3.2230421e+000
 -2.7454507e-001
 -4.2513841e-001
 -3.6412932e+000
  2.9538821e+000
  2.5354886e+000
 -3.1112024e+000
  1.3874536e+000
 -2.2098390e+000
 -2.7330345e+000
 -4.5128257e+000
  9.1987350e-001
 -2.1137026e-001
  3.9152444e+000
 -9.3982366e-001
 -1.1737156e+000
  1.8611614e-001
  1.9109790e-001
  7.0437455e-001
 -1.4179335e+000
  1.6865809e+000
  6.2767948e-001
  4.0370192e-001
 -2.5780765e+000
  1.0544801e+000
 -1.5448683e-001
 -1.1191149e-002
  1.5221627e-001
  2.2739043e+000
 -1.5923109e-002
  4.6260462e-001
 -2.1970161e+000
 -1.6844021e+000
  4.6875694e-001
  3.2574901e+000
 -2.0847547e+000
  1.4811183e+000
 -2.3692817e+000
  8.9762617e-001
  1.2385439e-001
  1.9629039e+000
 -4.0210153e+000
  2.1423313e+000
 -5.4591034e-001
  1.6138577e+000
 -2.6238215e+000
  2.8731803e+000
 -1.8402463e-001
 -2.8765388e+000
  1.0594263e+000
 -1.0520838e+000
  2.1153726e+000
 -1.1074203e+000
  2.6801009e+000
 -1.0219835e+000
 -2.1555144e+000
  2.1946460e+000
 -1.3359130e+000
  2.1997569e+000
 -1.7551778e+000
  1.7206012e-001
 -1.0550433e+000
  1.0328899e+000
  1.7011074e+000
 -2.9263292e+000
  1.4940496e+000
  1.7745925e+000
 -2.4996681e+000
  1.8676562e+000
 -1.2989647e+000
  1.4446550e+000
 -4.5840340e+000
  1.0162744e+001
 -8.4919738e+000
  1.0408172e-001
  6.9438967e+000
 -3.8822111e+000
 -3.6601173e-001
 -1.7951651e+000
  8.7091252e-001
 -9.9325393e-002
  3.9153861e+000
 -7.9931637e+000
 -1.4837820e+000
 -7.2654166e-002
  5.8952924e-001
  1.3649064e+000
  6.1492172e-001
  2.1420759e+000
 -6.1476107e+000
  9.0563708e+000
 -4.8102795e+000
 -4.9682473e-001
 -1.2267685e+000
  1.2907166e+000
  5.0384612e-002
 -2.7160377e+000
  2.7405236e+000
 -2.8545477e+000
  6.1851603e+000
 -3.8433453e+000
  3.9325450e-001
  1.2823822e+000
 -2.2630683e+000
  1.0650404e-001
  6.1168912e+000
 -3.7067465e+000
  8.8957265e-001
  8.5103418e-001
  1.1472697e-001
 -4.2736434e+000
 -1.3444337e-001
  1.1090401e+000
  1.7643095e-001
  3.1453119e+000
 -5.1383216e-001
 -2.5732393e+000
  1.1520274e+000
  1.8490449e+000
 -3.6300482e+000
  1.0924119e+000
  1.7618823e+000
 -1.1768932e-002
 -1.5525710e+000
 -7.0925192e-001
  3.7759561e-001
  1.0934847e+000
 -1.8073129e+000
  4.4206303e-001
 -1.9229941e+000
  3.0762148e+000
  4.7529234e+000
 -7.7043199e+000
  2.5059722e-001
  1.3498729e+000
  4.1402372e-001
  2.3266046e+000
 -2.2234466e+000
 -1.3350121e+000
  2.1736088e+000
 -8.3052898e-001
 -3.8781415e-001
  1.9025803e+000
 -1.2739517e+000
 -2.2181637e+000
  1.2643572e+000
  3.3376997e-001
  3.1778433e-001
 -1.2603289e-001
  1.3223599e+000
 -2.5758928e+000
  2.2099666e+000
  1.7313475e+000
 -3.1157716e+000
  7.4390185e-001
  1.6485983e+000
 -1.0991998e+000
  1.2905726e+000
 -2.1645957e+000
  6.4004953e-001
 -9.0215875e-001
  2.3996487e+000
  5.8463543e-001
  2.8096738e+000
 -8.9701154e-001
 -3.6486039e-001
  9.3684887e-001
 -2.9289814e+000
  1.3650753e+000
 -7.1508115e-001
  1.2516962e-001
  6.4757953e-001
  1.8231862e+000
 -2.4202680e+000
  1.5450236e+000
  6.8495956e-001
  1.0701309e+000
 -2.8473616e+000
  1.0311894e+000
  3.1493197e-001
 -7.9039875e-001
  1.0404000e+000
 -2.1633745e+000
  1.1522393e+000
  7.9265414e-001
  8.0918069e-001
 -9.3812717e-002
  3.7545687e+000
 -3.7332944e+000
  1.5647304e-001
  1.2701321e-001
 -2.1428443e+000
  1.1768392e+000
 -2.2539157e+000
  2.1024333e+000
 -7.7107764e-001
  5.5864280e-001
  8.9313285e-001
 -5.4486156e-001
 -7.9008593e-001
  2.9677936e+000
 -2.8151833e+000
 -8.4042782e-001
  1.0469924e+000
  5.9295269e-001
 -7.2075403e-001
 -1.7016417e+000
 -5.8282769e-001
  4.7267430e+000
 -4.2065962e+000
  4.1587119e+000
 -4.2269339e+000
  2.0844544e+000
  2.0450434e-001
 -1.7855606e+000
 -1.1241595e+000
  8.3143577e-001
  2.0053926e+000
 -2.4919820e+000
  7.5312862e-001
 -1.5106973e-001
  3.6320819e-001
  5.1430019e-001
 -2.7102045e+000
  3.2710957e+000
  8.2026406e-001
 -1.9517030e+000
 -2.4408449e-001
  4.9465493e+000
 -3.8458788e+000
  5.4668926e+000
  4.7747979e+000
 -9.0180183e+000
 -2.2907451e+000
  1.6263968e+000
  1.8430183e+000
 -3.2103749e+000
  5.4376468e-001
 -4.9872719e-001
  5.2073461e-001
 -5.4780913e-001
  1.2713488e+000
 -3.4283004e+000
 -3.1884077e+000
  6.8239064e-001
  2.1945864e+000
 -1.2958710e+000
 -6.9358364e-001
  1.0840181e+000
  1.2971282e+000
 -1.6940379e+000
 -1.6751818e-001
 -1.9072092e-001
  3.2491774e+000
  2.4082519e+000
 -4.7376933e+000
 -3.4361184e-001
 -9.4428736e-001
  4.7631918e-001
  4.3973519e+000
 -3.8492603e+000
  2.5377632e-001
  2.7777056e+000
 -1.5171171e+000
  7.6807041e-001
 -1.6124918e+000
 -2.9874184e-001
  1.3478640e+000
 -1.8906556e+000
  1.8961276e+000
 -1.8901538e+000
  1.0714375e+000
  7.9355894e+000
 -2.6263427e+000
 -1.0161601e+000
  1.2792117e+000
 -1.8932088e+000
 -5.2623371e-001
 -5.6202587e-001
  1.1473835e-001
 -1.4030332e+000
  1.5696257e+000
 -9.0297257e-001
 -1.1121590e+000
  4.2794093e+000
 -1.7284350e+000
  1.6514948e+000
 -2.9780346e+000
  1.6662030e+000
 -2.5033719e-002
 -3.1401015e-001
  1.5245306e+000
 -5.8039582e-001
  4.2011227e-002
 -4.6945360e-001
  2.9029349e+000
 -1.5743930e+000
 -3.2985328e+000
  3.8652848e+000
 -2.9497556e+000
 -8.6400896e-001
  1.9703846e+000
  1.2798591e-001
 -1.2305473e+000
 -1.1472407e+000
 -4.1126052e-002
  2.2265709e+000
 -6.4476316e-001
 -1.1751480e+000
  1.9774304e+000
 -2.1325265e+000
  1.1599534e+000
 -1.5875004e-001
  1.4803550e+000
  2.8254892e-001
  6.0390450e-001
 -2.3129319e+000
 -6.8882061e-001
  4.0383540e+000
 -1.2458475e-001
 -2.5295900e-001
 -2.2523195e+000
 -5.8260975e-001
  1.1450364e+000
 -4.6965158e-001
  1.2291833e+000
 -2.8394405e+000
 -4.4561491e-001
  4.9819384e+000
  3.4532358e+000
  2.2285171e+000
 -2.2034096e+000
 -3.0725758e-002
 -5.1608967e-001
  1.1958890e+000
 -9.2578122e-001
  2.6248454e+000
 -5.1247897e+000
  2.3082985e+000
  2.5164843e+000
 -3.9743831e+000
 -2.1858400e+000
  6.4345499e-002
  5.5322707e+000
 -1.6312873e+000
 -1.7368127e+000
 -1.4674841e-001
  3.1160175e+000
 -1.3381040e+000
 -2.8111315e+000
 -7.2652359e-001
  2.0552715e+000
  3.7760463e-001
  2.5055166e+000
 -1.9310506e-001
 -6.7872517e-001
  1.2865364e+000
 -2.8819255e+000
  2.6679288e+000
  2.0350515e+000
 -2.6777977e+000
  1.1719575e+000
 -1.7810778e+000
 -1.1162415e+000
  1.9477089e+000
 -3.4007920e-001
  7.0820309e-001
  2.2266223e+000
 -2.7333680e+000
  1.2284428e+000
 -1.5742643e-001
 -1.7481356e+000
  1.7992086e+000
 -1.2999618e+000
 -5.5078415e-002
 -7.4906421e-001
  3.2759141e+000
 -1.2892068e+000
 -2.1874814e+000
  1.4764605e+000
 -1.0411202e+000
  3.4058548e-001
  2.1698349e+000
  1.1748530e+000
 -1.9531413e+000
  1.7851373e+000
  1.7695027e+000
  5.8114188e-001
 -5.2195560e+000
  1.0573285e-001
 -2.7893451e-001
  4.2855445e-001
 -3.8703869e+000
  3.4129712e-001
  2.1048873e+000
 -1.7637927e+000
  2.9029928e+000
 -2.7799668e+000
  8.6802174e-001
 -1.7639856e+000
 -9.4129077e-001
 -1.3398286e+000
 -1.3019825e+000
  8.9722544e+000
 -5.4007990e+000
  8.5240115e-001
 -2.2709515e+000
  5.1518419e-001
  2.0764445e+000
 -2.9127032e+000
 -1.9616547e-001
  4.9433300e-001
 -1.0192766e+000
  2.8485958e+000
 -1.2195163e+000
 -5.4467095e-001
  1.8728671e+000
 -1.0163775e-001
 -8.7357836e-001
  2.3749874e+000
 -1.3845815e+000
  3.9308617e-001
 -3.4717340e+000
  3.3261585e+000
  9.9119700e-001
 -1.3362954e+000
  3.1381949e-001
  1.0354165e+000
 -1.6818304e+000
 -5.9385722e-001
  2.4253820e-001
  7.8646414e-001
 -1.4274552e+000
  1.8051989e-001
 -2.4404455e-001
  2.9541387e+000
 -3.0075123e+000
  1.6166379e+000
  1.9257526e+000
 -3.2744074e+000
 -8.0078469e-001
  1.7700773e+000
  1.6807475e+000
 -3.4627971e+000
  1.3055593e+000
 -9.8991846e-001
 -1.8842166e-001
  1.0037634e+000
  9.0520004e-002
 -1.1750088e+000
  6.1765414e-001
  8.4478450e-001
  1.5260261e+000
 -6.4175787e-001
  9.4709677e-001
 -3.6718795e-001
 -6.5640945e-001
  1.4060584e+000
  1.2244215e+000
  3.9437121e-002
 -1.9422638e+000
 -7.8564957e-001
  1.5379715e+000
  1.6916745e+000
 -3.2783317e-001
 -2.2711234e+000
  2.2141604e+000
 -2.5116985e-001
  4.4943789e-001
  6.1828050e-001
  2.4157637e+000
 -1.0969913e+000
 -4.0771340e-001
  9.4197655e-001
  3.2004752e+000
 -2.0604891e+000
  1.1323568e+000
 -1.9260905e+000
 -1.6356696e-001
 -1.3140933e+000
 -9.2307251e-001
  2.1086940e+000
 -5.1354872e-001
 -2.8073880e-001
  2.0118263e+000
 -1.0260769e+000
 -2.6014835e+000
  4.8009333e-001
  1.3542532e+000
  9.6489014e-002
  2.1015539e+000
 -7.5667889e-001
  9.0078463e-001
  1.9992713e+000
 -2.3666467e+000
 -1.1018434e+000
 -5.8256871e-001
  8.5313607e-001
  1.0778787e+000
 -3.2608785e+000
  5.8596549e-001
  1.2475994e+000
  2.6966208e-001
 -8.8283398e-001
  1.2689925e+000
 -5.9923508e-001
 -7.2195175e-001
  2.4108407e+000
 -4.2836324e-001
  1.2773486e-001
  1.1483471e+000
 -2.4318005e+000
  2.5309879e+000
 -1.4687505e+000
  4.5952437e+000
 -1.1482512e+000
  8.0495448e-001
  1.6305332e+000
 -1.4266318e+000
  1.3142465e+000
 -2.2659472e+000
 -3.5406086e-001
  2.2214538e+000
 -4.0626182e-001
 -3.1956199e-001
 -1.7164096e+000
 -8.3973396e-001
  8.4593879e-001
  3.1998513e+000
 -3.1195079e+000
 -3.7779622e-001
  1.2640537e+000
  1.1912031e+000
 -7.8348945e-001
  1.3217957e+000
 -5.4379970e-001
 -9.8817137e-001
  7.4712478e-001
  2.5239880e+000
 -1.5510263e+000
  8.4625797e+000
 -5.4025797e+000
  1.2072825e+000
 -3.5649293e+000
  2.8815134e+000
 -1.9000317e+000
  2.1619141e-001
  2.2256130e+000
 -5.4981902e-001
  1.1972819e+000
  2.6287878e-001
  5.6583204e-002
 -3.4431714e+000
  6.1611963e+000
 -3.3394284e+000
 -3.1514249e+000
  2.0097997e+000
  5.8588451e-001
 -1.7035892e+000
  3.1300422e+000
 -7.9370860e-001
  4.8640516e-001
 -3.6991296e+000
  1.6985847e+000
  1.8721862e+000
  8.3852529e-001
  8.3384531e-001
  1.4286736e+000
 -3.0548117e+000
 -1.5366798e+000
  1.0732742e+000
 -8.2450556e-001
  2.5463088e+000
 -2.2298109e-001
 -1.1652030e+000
  1.3534863e-001
 -3.2138753e+000
  6.9880475e+000
 -4.8323861e+000
  1.0372659e+000
 -2.9843932e-001
 -5.8570426e-001
 -5.4365927e-001
  1.6239416e+000
 -1.9655444e+000
  1.4796035e+000
 -1.1117216e+000
  1.8765478e+000
  6.7009321e-001
 -1.7313860e+000
 -2.0719705e+000
  9.2886805e-002
  2.7057664e+000
  2.1613762e+000
  2.6052272e+000
 -5.9334894e+000
  1.5754625e+000
  3.8743541e-002
  1.2343925e+000
 -1.9320963e+000
  8.4950864e-001
 -1.0227970e+000
  3.2119563e+000
 -1.9578992e+000
  7.0643989e-001
 -1.6505187e+000
  1.2035244e+000
  1.9676959e+000
 -2.3226759e+000
  2.5669108e+000
 -3.7780866e+000
  3.1308173e+000
  3.2183650e-001
 -7.0125195e+000
  1.4307043e-001
  1.0528106e+000
  2.3196368e+000
 -5.6453084e-001
  1.1095589e+000
  1.3627537e+000
 -3.4418534e+000
  3.2470852e+000
 -2.7924017e+000
  2.5253941e+000
 -3.9764621e+000
  5.2089140e+000
 -1.3625826e+000
  2.0448961e+000
 -3.9631518e+000
  5.1068566e+000
 -3.0029329e+000
 -2.4252005e+000
 -1.8888244e-001
  9.4990155e-001
 -1.0840024e+000
  2.3227629e+000
 -1.0423326e+000
  3.0893009e-001
 -2.1804461e+000
  4.9258172e+000
 -2.2620982e+000
 -9.0648425e-001
  4.7932902e+000
 -2.1820659e+000
 -3.3482286e+000
  3.3832416e+000
  5.2102631e-001
  1.5106189e+000
 -1.8539994e+000
 -2.6250486e+000
 -2.3081403e-001
  5.4460962e-001
  1.6042496e+000
 -4.7611905e+000
  7.4307112e+000
 -3.3297235e+000
  2.2697972e+000
 -4.0348910e+000
  2.4280739e-001
 -1.6036115e+000
  2.8124424e+000
  6.0915976e-001
 -1.0419192e+000
  3.9922879e+000
 -7.5341218e-001
 -3.2307028e+000
  5.5982210e-001
  3.3067051e+000
 -5.1759401e+000
 -2.7064194e-001
  2.8940962e+000
  8.1807457e-001
  2.0203356e-001
 -1.6502449e+000
  3.7550087e+000
 -1.2999599e+000
  8.8965208e-001
 -3.9795158e+000
  4.1914178e+000
 -8.4998971e-001
 -5.4918907e-001
 -2.2958716e+000
  2.1761595e+000
  2.2357619e-001
  2.9804847e+000
 -1.3693464e+000
  1.9414789e+000
 -7.6067793e-001
 -2.2729525e+000
  9.9081562e+000
 -6.7379038e+000
  4.8017228e-001
  1.0142297e+000
 -2.7335407e+000
  3.0667562e-001
  1.0744011e+000
 -7.9056569e-001
  8.5927863e-001
  1.3019692e+000
 -8.8806064e-001
  1.9257571e+000
 -1.1880873e+000
 -1.8724818e+000
  1.6704870e-001
 -1.0012064e+000
  6.7927250e-001
  2.5107201e+000
 -9.2927147e-001
  2.4586112e+000
 -2.4664730e+000
  1.6382079e-001
 -1.2104245e-001
  1.7477604e+000
 -2.7937520e+000
  6.9026398e-001
  4.7396463e+000
 -5.2262500e+000
  5.8831044e+000
 -1.7445414e+000
