  8.7404052e+000
 -6.6054138e-001
 -3.7163210e+000
 -2.4328176e+000
  7.4393601e+000
 -3.4782462e+000
 -2.3576605e+000
 -1.3661178e+000
  3.8007507e+000
  5.2708735e+000
 -8.1556608e+000
 -8.5932359e-001
 -1.2399154e+000
  2.6287983e+000
  7.9684833e+000
 -6.1951732e+000
 -8.4803376e-001
  2.0319686e+000
 -2.5980153e+000
  3.9698276e+000
 -4.4527674e-001
 -6.4231175e+000
  8.5932241e+000
 -9.1236879e+000
  6.3105076e+000
 -1.3919474e+000
  3.6816716e+000
 -3.5645091e+000
 -8.9950439e-001
  1.0931532e+000
 -3.8117887e-001
  1.0352355e+000
  1.7236500e+000
 -3.8020467e+000
  3.0180174e+000
  1.7681563e+000
 -2.8829402e+000
 -4.6374275e-001
  1.2508011e+000
 -3.0428440e-001
 -1.2815019e-001
 -8.6798204e-001
 -2.7992674e-001
  9.2391112e+000
 -4.3027781e+000
 -3.5617577e+000
  1.8187376e+000
 -2.1446879e+000
  2.2450854e+000
 -2.8705553e+000
 -4.8256790e-001
  1.5117003e+000
  3.5681234e+000
 -7.0382610e-001
  6.2517683e-001
 -4.6316143e+000
  4.7890400e+000
 -1.2226453e+000
  1.0817776e+000
 -4.2832325e-001
  4.7327563e+000
 -6.6502988e+000
  2.0010664e+000
  1.4225646e-001
 -2.2116101e+000
  2.6314350e+000
 -2.3166436e+000
  2.3332333e+000
 -1.6944367e+000
  6.8452483e-001
  3.5665341e+000
  2.9787762e+000
  6.2119510e-001
 -1.4895121e+000
 -4.9608334e-002
 -2.8254288e-001
 -5.1348263e-001
 -1.0664168e+000
 -5.0214058e-002
 -1.6444173e+000
 -1.9714701e+000
  7.6635865e-001
  2.4770640e+000
 -1.3960840e+000
 -3.2046183e+000
 -1.3806346e+000
  4.4012464e+000
 -2.2068887e+000
  2.2196360e-001
  4.7918695e+000
 -4.2314910e-001
 -1.4630855e+000
 -1.4071434e+000
 -1.6596501e-001
 -2.4177964e+000
  3.3173059e+000
 -1.2577136e+000
  2.0874151e+000
  4.9322390e-001
  4.4323982e-001
 -2.6963671e+000
 -2.1896505e+000
  6.4906644e+000
 -2.8542948e+000
 -3.4584839e-001
  1.2362268e+000
 -4.5188406e-001
  6.6667305e-001
 -3.9531973e+000
 -1.5882992e+000
  4.2446897e+000
 -2.8136492e+000
 -1.9148978e+000
  1.3611681e-001
  7.3125276e-001
 -1.0468069e+000
  1.6214119e+000
 -5.1480160e-001
  1.9426144e-001
 -1.9344449e+000
 -6.3300718e-001
 -1.4851103e+000
  1.5888893e-001
 -1.0356527e-001
  6.2526733e-003
 -4.2878664e-001
  3.9435441e-002
  2.8550608e+000
 -1.1201291e+000
 -1.3339077e+000
  9.4601046e-001
 -1.9963268e+000
  1.5081708e+000
 -2.1825748e-001
  1.4637710e-001
 -1.2122723e+000
  1.6063885e-001
  1.1806839e+000
 -5.8973414e-001
 -1.3343227e+000
  1.6093959e+000
 -1.7386009e+000
  1.0348399e+000
 -7.7534657e-001
 -1.7428232e-001
  2.7926303e-001
 -5.4611520e-002
 -7.2204862e-001
  2.8279286e-001
 -2.1670185e-001
 -5.4045730e-001
  4.7030053e-001
  2.7368850e+000
 -2.4569865e+000
  6.2887858e-001
  1.6849779e+000
 -2.1913473e+000
  3.3832805e+000
 -2.4510631e+000
  3.6733820e+000
 -1.5206772e+000
 -9.7400019e-001
 -6.5599557e-001
  2.4190786e+000
 -1.8864373e+000
 -5.4117831e-001
  1.0595285e+000
 -2.1842581e+000
  3.7596173e-001
  2.3225027e+000
 -1.3974317e-001
 -1.0787174e+000
  4.5362952e-001
  1.0312454e-001
 -4.8031840e-001
  7.1891480e-001
 -1.9249979e+000
  2.1350454e+000
  7.0718441e-002
  2.2491211e-001
 -2.3074794e+000
  1.8218107e+000
 -3.9673473e-001
 -1.9150336e+000
  2.7779567e+000
 -3.1713351e-001
 -9.8279687e-001
  6.2097874e-001
 -3.9172032e-001
  7.7949669e-001
  1.8536777e-001
 -1.6784045e+000
  1.4591118e+000
 -1.2378310e+000
  7.0252416e-001
 -2.4025687e+000
  3.8654840e-001
 -4.0306012e+000
  5.5282686e-001
  1.3125455e+000
 -1.3683408e+000
 -2.4363171e-001
  2.4862073e+000
 -1.7843492e+000
  3.7118836e-001
  1.5681806e+000
 -1.3733473e+000
  1.0066002e+000
 -8.9852857e-001
 -1.2953849e+000
  1.4835061e+000
 -7.5853396e-001
 -7.3749230e-001
  1.1667471e+000
 -9.9295197e-001
  5.4582643e-001
 -7.6722946e-003
  1.0732463e+000
 -1.4245914e-001
 -7.2297689e-001
 -1.2273757e+000
  5.0853160e-001
  3.0914513e-001
  4.2610784e-001
  2.0219206e+000
 -3.0826656e+000
  3.0475331e+000
 -2.9706549e-001
 -2.4725628e+000
  2.7595525e-001
 -2.6371413e-001
  8.6966877e-001
 -1.1121817e-001
  1.1397239e+000
 -4.6188036e-001
 -1.4380702e+000
  1.5953663e+000
 -3.0041985e-001
 -9.6721726e-001
  1.5459665e+000
  1.1156332e+000
 -2.6370938e+000
 -1.2855218e+000
  5.3228413e-001
 -1.0056039e+000
  2.0595787e+000
 -8.3072926e-001
  8.5300700e-001
 -2.2621170e+000
  1.5949468e+000
  1.2193094e+000
 -2.4891783e+000
  7.2688122e-001
  1.1700069e+000
 -6.9304958e-001
 -8.3510484e-001
  1.4189066e+000
  2.0573326e+000
 -3.4144086e+000
  1.4760326e+000
  7.3248314e+000
 -3.5204063e+000
  5.2952913e-001
 -4.2164069e+000
  3.4760769e+000
 -3.2834406e+000
 -9.1510096e-002
  1.6758027e+000
  2.4399617e+000
 -4.8748006e+000
  2.4185965e+000
 -2.0093843e+000
  2.2767529e+000
 -1.4850775e+000
  3.1367656e-001
 -1.1236013e+000
  1.0368005e+000
  1.3170598e+000
  3.2694973e-001
  2.5828032e-001
 -3.5113289e-001
 -7.9546502e-001
  1.2516256e+000
 -7.0428915e-001
 -1.9394957e+000
 -1.0177149e+000
  1.8928591e-001
  1.2584751e+000
  4.7295132e+000
 -4.3877420e+000
  1.9766837e+000
  8.9669582e-001
 -3.7881190e+000
  2.8926894e+000
 -1.6180152e+000
  2.7793879e+000
 -3.4927950e+000
 -1.4768749e-001
  3.6529072e+000
 -2.0245680e+000
 -1.5056641e+000
 -1.9029329e+000
 -2.5662261e+000
  2.7998259e+000
 -1.6777202e+000
 -1.3678162e+000
  5.7672150e-001
  2.0346615e-001
  1.5196670e+000
 -3.2183457e+000
 -5.9408716e-001
  3.5433890e+000
 -3.6534722e-001
 -2.4824234e+000
  4.0793650e-001
 -1.5706093e+000
  3.0657958e+000
 -5.9000559e-002
 -9.6174640e-001
  6.3401996e-001
 -2.5203734e+000
  4.9138909e+000
 -3.6677415e+000
  1.4537402e+000
  1.3980760e-001
 -1.2864445e+000
 -1.5221502e-001
  9.7207496e-001
  2.0659950e+000
 -1.8354336e+000
  9.0523946e-002
  1.5369924e+000
 -3.3084012e-001
 -1.7272159e+000
 -6.1898483e-001
 -8.5994426e-002
  1.5638257e+000
  4.7631683e-001
 -2.5650617e+000
  2.4774047e+000
 -1.4795595e+000
 -6.4039192e-003
  5.7040627e-002
 -1.3826642e-001
 -5.4059906e-001
  1.0395739e+000
 -2.7563521e-001
 -7.7333940e-001
  3.6463724e-001
  2.0779663e+000
 -1.4214655e+000
 -9.4367110e-001
  1.5992033e+000
 -2.2281935e+000
  4.6516068e-001
  4.3331169e+000
 -4.8840781e+000
  2.8385118e+000
  4.2881576e-001
 -1.0801421e+000
 -1.6820741e-001
 -2.6154150e+000
 -3.6981363e+000
  2.3750498e-001
  4.1656385e+000
 -3.8443118e+000
  7.2456716e-001
  1.3159667e+000
 -1.8298733e+000
 -3.7558991e-001
  1.0767439e+000
  1.2974727e+000
 -1.6728383e+000
 -7.1213754e-001
  1.3777392e+000
 -1.1663145e+000
  1.5372740e+000
 -3.1562536e+000
  3.4966287e+000
 -3.4773723e+000
  3.8671815e+000
 -1.8312070e+000
  2.3742687e-002
  1.0614844e+000
 -2.2021420e-002
 -6.2087180e-001
 -1.4134320e-001
  6.5020100e-001
  3.4528017e-001
 -6.5386062e-001
 -4.1939015e-001
 -1.5196019e+000
 -9.0386719e-002
 -6.1065875e-002
 -3.1272734e-001
  9.0547758e-001
 -1.9753884e-001
  1.3829001e+000
 -3.3466164e+000
  1.3704700e+000
  3.1891020e-001
 -2.0939367e+000
  4.2017404e+000
 -2.1583899e-001
 -1.0098114e+000
 -1.8327392e+000
 -5.3287348e-001
 -3.8374459e-001
  1.3493608e-001
  1.3999940e+000
  2.2740057e+000
 -1.0238556e+000
 -1.8701450e+000
  2.7252746e+000
 -1.1816802e+000
 -7.4996687e-001
 -2.9833051e-001
  4.8013827e-001
  1.7211507e+000
  1.3791137e+000
 -1.8053375e-001
 -3.5270859e+000
  7.5153542e-001
  1.8122291e+000
  2.3878201e+000
 -6.8767924e+000
  2.2377902e+000
  2.1162276e+000
 -1.0138169e+000
 -2.9672963e+000
  1.1001555e+000
 -3.0063421e+000
  1.7640418e+000
 -2.3893702e-001
 -9.3226428e-001
  1.5804081e+000
 -1.6006048e+000
  2.6628112e+000
 -7.4457872e-001
 -2.6543493e+000
 -9.3771308e-001
  1.1991577e+000
 -1.6034341e+000
  9.2759919e-001
  3.7287350e+000
 -7.3226686e-001
 -1.1609919e+000
 -2.6132885e+000
  2.8217872e+000
  1.5087145e+000
 -3.6844681e+000
  7.0301866e-001
 -1.1073279e-001
 -7.6705110e-002
 -3.3514024e-001
  2.0351949e+000
  1.1598359e+000
  1.2846922e+000
 -2.9080786e+000
  3.0275246e-001
 -6.4823804e-001
 -1.7329716e-001
  2.9218862e+000
 -4.0073783e+000
  1.0531144e+000
 -7.9289991e-001
  1.4248905e+000
 -4.2464844e-002
  2.0546599e+000
 -1.4160722e+000
  4.4099402e-001
 -1.9922099e-001
 -8.9381312e-001
 -2.1927586e+000
  1.7784967e+000
  4.7984391e+000
 -2.4364553e+000
 -2.0714574e-001
  1.0223505e+000
 -1.3547531e+000
 -7.3801970e-001
  3.9373195e+000
  3.1519200e+000
 -1.0419180e+001
  1.1994968e+000
  1.9763621e+000
 -3.4967301e+000
  1.6311607e+000
 -9.7906105e-001
  9.6324579e-001
 -1.4877474e+000
  1.4530496e+000
 -1.4462461e+000
  6.8947779e-001
  1.2194466e-001
  4.5444585e-002
 -1.6983068e+000
  2.0768300e+000
 -1.2663318e-001
 -1.4785897e+000
  1.2534525e+000
 -5.5299678e-001
 -1.3701212e+000
  2.0373151e+000
 -2.2766751e+000
  1.4650137e+000
  2.9757449e+000
 -3.6607596e+000
 -2.3115383e-001
  4.2387458e+000
 -2.7110466e+000
  1.4873266e+000
 -1.6478471e+000
  6.0781357e+000
 -5.3858860e+000
  1.6446347e+000
  2.2881556e+000
 -4.6818509e+000
  4.2357181e+000
 -3.0565801e+000
  7.9722457e-001
  3.3017321e+000
 -1.5342218e-001
 -5.3164105e+000
  8.6872205e-001
  1.3683838e+000
 -2.5002480e+000
  1.5246204e+000
 -1.2810541e+000
  1.1734569e+000
 -1.2555563e+000
  3.6165653e-001
  6.5355260e-001
 -6.6746729e-001
  1.4859819e-001
 -3.9832894e-001
  9.3713706e-001
 -1.1574911e+000
  7.9930866e+000
 -3.2165921e+000
  2.7802905e+000
 -3.2837884e+000
  9.6694458e-002
  2.5465360e-002
 -1.8421829e-001
 -4.3498793e-001
  1.0750299e+000
  2.5223366e-001
  6.9096527e-001
 -1.9564983e+000
 -1.3869471e+000
 -1.7128294e+000
  2.8631225e+000
 -1.0674613e-001
 -6.2407159e-001
  3.2448846e-001
 -1.6544700e+000
  3.0803148e+000
 -1.5498246e+000
  2.1006823e+000
  8.9057251e-001
  7.2345372e-001
 -1.6466496e+000
 -5.9598285e-002
  7.7675695e-001
 -4.3073511e+000
  2.4011126e+000
  3.3553992e+000
 -3.5245085e+000
 -7.9445354e-001
  3.8921672e-001
  3.3876800e-001
 -1.5813729e+000
  5.0908882e-001
  1.9360353e-001
  6.3246484e-003
 -6.8407728e-002
 -5.2404492e-001
  1.4444701e+000
 -1.5190843e+000
  8.8414426e-001
  2.2021234e-001
 -4.8396758e-001
 -1.7623056e-001
  5.2646026e-001
 -3.3115272e-002
  8.9755192e-001
 -1.1857982e+000
  6.2653933e-001
 -2.1055014e+000
  2.7432596e-001
 -1.5645535e+000
  1.5713168e+000
  8.5935589e-001
  1.0394472e+000
  6.4590874e-001
 -1.6350024e+000
  7.5442810e-001
 -4.9137466e-001
 -1.1870670e+000
  2.8366472e+000
 -2.3435306e-001
 -1.8714888e+000
 -1.0559315e+000
  9.0537471e-001
  2.1581864e+000
  1.9972477e+000
 -2.8471560e+000
 -2.6013750e-001
  9.7812156e-001
 -1.7118537e+000
  2.2135470e+000
 -3.6937414e+000
  9.1394375e-001
  1.5914957e+000
  1.5188409e+000
  2.9125584e+000
  3.6097473e-002
 -1.0005251e+000
 -8.9995351e-001
  1.0749622e+000
 -1.4013271e+000
  3.0144140e-001
 -1.0994297e+000
  4.2998618e-001
  2.8989805e+000
 -2.1002418e+000
  7.5810136e-001
 -8.0630663e-001
 -1.7910899e+000
  3.0682945e-001
  8.5045958e-001
  1.1929173e+000
 -1.2528284e+000
 -5.3828963e-001
  2.5962960e+000
 -1.6853823e+000
  1.2220299e+000
 -9.2423446e-001
  9.3609500e-001
 -3.1478400e+000
  1.1892900e+000
  1.0246121e+000
 -2.5532304e-001
  4.7165261e+000
 -4.9715264e+000
  1.1978327e+000
 -9.2208038e-001
 -1.9693788e+000
  1.4720014e+000
 -1.7551250e+000
 -2.7891215e+000
  5.6494028e+000
 -3.1520194e+000
  4.1342838e-001
 -8.6914442e-001
 -9.3232982e-001
  8.4841051e-001
 -1.2500645e+000
  2.8429244e+000
  4.0681142e-001
 -3.0283276e+000
  2.7206916e+000
 -2.8599954e+000
  2.5369556e+000
 -1.6682861e+000
 -1.0524306e+000
  3.8259396e+000
 -4.2925349e+000
  4.9183011e-001
 -3.2503787e-001
  2.6210447e+000
 -1.8702235e+000
  4.8252970e-001
 -4.3900616e-001
  1.1145584e-001
  9.6861978e-001
 -7.5580863e-001
 -7.2781524e-001
  3.9047495e-001
 -1.6294997e-001
  1.8690869e+000
 -2.7837018e+000
  2.9345612e+000
 -3.3934590e-001
 -3.0750618e-001
 -9.6805146e-001
  9.5859113e-001
 -2.3107372e+000
 -8.4615178e-002
  9.1059273e-001
 -5.6267210e-001
  2.0866844e+000
 -9.6109573e-002
 -4.2896567e-001
  1.4168498e-001
  6.0335960e+000
 -5.1785759e+000
  3.3170682e-001
 -6.0039162e-001
  2.0311969e+000
 -3.2595213e+000
  5.1416395e-001
  1.3056821e+000
  8.7211174e-001
 -2.4987533e+000
  5.8362308e-002
  1.3498487e+000
  3.4248444e+000
 -2.1111942e+000
 -3.0664962e-001
  3.6458256e-001
 -2.7562125e+000
  1.2249225e+000
 -2.1382060e+000
  1.2279488e+000
  1.0104189e+000
  3.7040924e-001
  1.9787346e-001
 -2.3964452e+000
  6.7585260e+000
 -4.3232648e+000
 -7.4065205e-001
  1.6359333e+000
 -1.5231980e+000
  2.4762709e-001
 -6.5251132e-001
  3.7648715e+000
 -9.6846359e-001
 -7.4744003e-002
  3.2402076e-001
  1.0743636e+000
 -1.5327220e+000
  2.3772624e+000
 -4.4772082e+000
 -6.3422839e-002
  2.1175013e+000
 -2.4029966e-001
 -3.2826953e-001
 -2.0210550e+000
  2.9273508e+000
  6.6415945e-001
 -1.7525452e+000
 -1.0032609e+000
  1.8972474e+000
 -1.1391435e+000
  1.5140231e+000
  6.3242970e-001
 -1.9290726e+000
  5.3190139e-001
 -1.2314406e+000
  1.0644264e+000
 -9.3112187e-001
  1.4648911e+000
 -6.9932742e-001
  8.8033291e-001
 -2.1349351e+000
  6.1707979e-001
 -1.1787132e+000
  1.8061962e+000
 -1.9447687e+000
  1.3850810e+000
  4.5645270e-001
  8.2641210e-001
 -9.2249986e-002
 -1.1637107e-001
 -4.9849681e-001
 -2.2376101e+000
  2.9996875e+000
 -8.1656951e-001
 -3.7993040e-001
  1.9064298e+000
 -2.7877730e+000
  3.3418956e-002
  5.6175430e+000
 -1.4788082e+000
 -1.8423038e+000
 -2.0600300e+000
  1.1310609e+000
 -6.1272740e-001
 -6.0290506e-001
  4.2028050e-002
  1.2605615e+000
 -1.3930894e-001
 -4.7766423e-001
  1.8971893e+000
 -3.7838222e-001
 -2.0062243e+000
  8.9957162e-001
 -1.3181269e+000
 -6.4505083e-001
  4.3207794e+000
 -4.8257525e+000
 -2.6933451e-001
  2.0508538e+000
  6.8357865e-001
  3.8010462e-001
 -4.1623122e-001
  8.0717913e-003
 -8.5939983e-002
  1.3919470e-001
  2.7307229e+000
 -4.2659044e+000
  9.3261750e-001
  6.6945772e-001
  9.4656765e-001
 -9.6780037e-001
 -1.8797848e+000
  1.4534730e+000
  9.7132683e-001
 -1.4956143e+000
 -7.4611320e-001
  2.2503455e+000
 -2.2941227e+000
  1.1092246e+000
 -3.5948718e-001
 -1.1572666e+000
  1.3928989e+000
 -2.6507599e+000
  3.5192224e+000
 -2.5116331e+000
  1.8179719e+000
  1.4616291e+000
 -4.0748024e+000
  1.6817712e+000
 -3.5184534e-001
 -4.5261927e-001
  2.6023451e+000
 -3.5526679e+000
  4.5975834e+000
 -1.1878366e+000
 -1.0507637e+000
  1.1656868e+000
  2.4377411e+000
 -3.5895754e+000
  1.9062719e+000
 -2.3819036e+000
 -3.8969408e-001
  2.0354762e+000
  2.2836606e+000
 -4.0937018e+000
  7.9550153e-001
  6.8598772e-001
 -5.7779114e-001
 -1.8857043e+000
  1.7108955e+000
 -1.8463616e-001
  1.2851064e+000
 -1.9490323e+000
  7.8492137e-001
 -1.1868802e-001
  2.2268401e-001
 -9.0028938e-002
 -1.2562122e+000
 -3.2412714e-001
  2.3122463e+000
 -1.1971536e+000
 -8.9975696e-002
  2.0144444e-001
  1.3723635e+000
 -6.3685743e-001
 -1.8162528e+000
  8.6650746e-001
  1.8577693e+000
 -1.6683799e+000
 -6.1128491e-001
 -1.3996944e-002
  1.3829902e+000
 -7.4645118e-001
  1.2541933e+000
 -1.2296499e+000
  1.4697909e+000
 -2.5800754e+000
  1.2724505e+000
 -1.0490315e+000
  5.5784518e-001
 -2.2180014e-001
  3.7212390e+000
 -2.6319693e+000
 -1.7533411e+000
  1.4346144e+001
 -1.2764930e+001
  1.7279790e+000
 -8.1895677e-001
  2.8657933e-002
 -2.2943215e+000
  5.9839948e-001
  1.4174906e+000
  2.0790572e+000
 -1.0693542e+000
 -5.8548186e-001
  9.1907128e-002
 -9.2719989e-001
  8.8585211e+000
 -1.1199630e+001
  4.5900037e+000
 -2.7974427e+000
  1.8391797e+000
  7.6784944e+000
  3.1558365e-001
 -3.8055063e-001
 -2.8520171e+000
  5.3828790e+000
 -9.3925260e+000
  4.9477112e-001
  1.6896236e+000
  3.4716899e-001
 -8.0736356e-001
  2.9835061e+000
 -1.5472665e+000
  2.3201721e+000
 -2.7834078e+000
  1.1221626e+000
  4.9313195e-001
 -1.8386323e+000
  6.0453151e-001
  1.5607036e+000
 -1.4903425e+000
 -4.4576850e-001
  1.8262444e+000
 -2.9193230e+000
  2.6651396e+000
 -1.7313438e+000
  1.0479615e-001
  9.2061090e-001
 -4.8289280e-001
  2.8917491e+000
 -3.2861132e+000
  2.0622391e+000
 -5.7742360e-001
 -2.2830036e-001
  8.0210859e-001
  2.4700130e-001
  5.3277404e-001
 -7.3471734e-001
  5.0478797e-001
 -4.4722875e+000
  1.8706174e+000
 -1.2752985e+000
  3.7897451e+000
 -2.1773218e+000
  7.8598226e-001
  5.6696199e-001
 -3.9234399e-001
 -5.5019086e-001
  8.3969924e-001
 -5.7107384e-001
 -1.4527765e+000
  3.1686286e+000
 -2.4724610e+000
  1.1030530e+000
  2.9713830e-002
  2.0406955e+000
 -4.6118187e+000
  2.4720023e+000
  1.9398005e-001
 -8.4886020e-001
  2.4919840e+000
  3.3239237e+000
  3.2918574e+000
 -2.2788180e+000
  9.4166142e-001
 -3.2159859e-001
  4.9886141e+000
 -5.4959953e+000
  3.0633830e+000
 -4.5786951e+000
  2.3627946e+000
  1.9823565e-001
  1.4640320e-001
 -2.4743746e+000
  2.4857198e+000
  7.8737182e+000
 -9.7423882e+000
 -3.1110236e+000
  3.7028776e+000
 -6.1555032e-001
 -1.3457490e+000
 -1.9858645e+000
  9.1513777e-001
  4.7731826e-001
  9.6413492e-001
  1.5699378e-002
 -2.1479695e+000
  5.7605784e-001
  1.5562123e+000
  6.0000911e-001
 -2.0839832e+000
  6.9497006e-001
  3.3469681e-001
 -2.7251751e-002
 -7.5514600e-001
 -1.3738480e-001
 -4.4088155e-001
  2.3998602e-001
 -1.0122645e-001
 -2.0495943e-001
  1.1426942e+000
 -5.0475346e-002
 -1.6620099e+000
  2.3768720e+000
 -1.1129681e+000
 -1.4798311e+000
  4.5809634e+000
 -7.1706523e-001
 -8.4506807e-001
 -5.5135824e-001
 -1.2273522e+000
 -1.0854891e-001
 -1.0514973e+000
  2.1643981e+000
 -8.2765909e-001
  3.4242158e-001
  1.5525927e-001
 -7.4785589e-001
  1.3256342e+000
 -1.2292206e+000
  1.2923794e+000
 -7.2190793e-001
  2.9571699e-002
  8.0573950e-001
  3.3191822e-003
 -2.5743920e+000
  6.2191562e+000
 -2.0420150e+000
 -1.9765730e+000
  8.8313097e-001
  1.6442392e+000
  1.4216796e+000
 -3.5962476e+000
 -8.6793747e-002
  1.7377783e+000
  2.3343292e+000
 -4.7991138e+000
  6.0423000e-001
  5.4871257e+000
 -2.5776881e+000
 -1.4776205e+000
  4.1067119e-001
 -7.1162373e-001
 -3.2130047e-001
  1.3804323e+000
 -4.8458763e-001
 -2.7088727e+000
  5.7838806e+000
 -3.0042380e+000
  2.3762080e-002
 -1.6621064e+000
  1.1230004e+000
 -1.5010898e+000
  1.3384754e+000
 -1.2985423e+000
  2.0066164e+000
  4.0374022e-001
 -1.4678348e+000
  6.3981533e-001
  5.1459405e-001
 -9.1684095e-001
  3.9091724e+000
 -4.7974825e+000
  1.5706004e+000
 -1.8282533e-001
  2.1192408e-001
 -4.9942384e-001
  2.0369914e+000
 -8.8088509e-001
 -1.6051430e+000
  1.4803542e+000
  3.5848709e+000
 -3.7687960e+000
 -3.1959188e+000
  1.2846331e+000
  4.1863736e-001
  3.8972105e-001
  1.4028780e+000
 -8.0628401e-001
  2.5655329e+000
  1.7214554e+000
 -1.8988729e+000
 -2.8687179e+000
  2.0734498e+000
 -6.4263890e-001
  5.0253898e-001
  3.4274799e-002
 -3.6083000e-001
  7.2546427e-001
 -1.6893857e+000
  2.5764384e+000
 -1.9363117e+000
  2.3537576e+000
 -2.3471368e+000
  1.1066672e+000
 -1.1661194e+000
  1.3814824e+000
 -1.7869184e+000
  1.6900129e+000
  1.4058066e-001
  4.7042937e-001
 -6.3914184e-001
 -3.6036132e-001
  6.6362900e+000
 -3.8217366e+000
  2.4338069e+000
 -2.4533108e+000
  2.3071560e+000
 -2.6305673e+000
  9.6663169e-001
 -3.2876768e-001
 -1.1963675e-001
 -1.2457330e+000
  1.9831990e+000
  8.8268016e-001
 -2.3439712e-001
  6.5474261e-001
 -1.6998170e+000
 -3.1291017e-001
  9.5089858e-001
 -3.9707271e-001
  1.0241166e+000
 -4.2503121e-001
 -3.1056718e-001
 -5.4470863e-001
 -9.4490772e-001
  1.0591797e+000
 -1.5013785e+000
 -1.8044560e-001
  2.4172498e+000
 -2.3401934e+000
  1.7991775e+000
  1.1312287e+000
  2.6464264e-001
 -7.5939366e-001
 -8.3344685e-001
  2.7278404e+000
 -3.6659066e+000
 -5.2126470e-001
  7.8948052e-001
  2.6280076e+000
  4.0102341e+000
 -6.0510826e+000
  1.9705162e+000
 -1.1716140e+000
  1.4094289e+000
 -4.2227586e-001
  3.0959164e+000
 -5.8517258e+000
  9.7104123e-001
 -7.7195262e-001
  1.4484151e+000
  2.0439085e+000
 -1.8681944e+000
  2.6923720e+000
 -3.5361929e+000
  4.8861138e-001
 -8.0477461e-001
  1.2742081e+000
  1.2543863e+001
 -8.0916167e+000
  2.5664427e+000
 -2.5026623e+000
 -1.6465846e+000
 -1.8815153e+000
  3.0187049e+000
 -1.3459366e+000
  7.6847360e-001
 -2.6451409e+000
  9.3625065e-001
  1.5315774e-001
 -2.4820638e+000
  5.4729320e+000
 -1.2248618e+000
 -8.3603319e-001
 -1.8631200e-001
  2.5813706e-002
  8.6974708e-001
 -6.7917884e-001
  1.4443841e+000
