  8.0833979e+000
 -3.3301043e+000
 -2.7010753e+000
  7.2705216e-002
  4.3224335e+000
 -2.2799607e+000
 -8.9929383e-001
 -2.3284730e+000
  1.3792701e+000
  1.1151281e-001
 -4.0426031e-001
 -2.2193572e-001
 -5.6079203e-001
  7.9287026e-001
  4.8285202e-001
 -3.3914668e-001
  3.5102932e-001
 -1.4429515e-001
 -8.3670289e-001
 -3.6875981e-001
  1.3403541e+000
  3.4378979e-001
 -2.2612621e+000
  1.6692773e+000
  3.0472766e-001
  1.1065352e-001
 -5.0608527e-001
  7.5676282e-001
 -1.2194883e+000
  1.0112991e+000
  6.5201273e-001
 -2.6630331e+000
  7.4002746e-001
  2.0786160e+000
 -1.8452239e-001
 -1.5133966e+000
  1.1220488e+000
  1.5215354e-001
  6.8801404e-001
 -1.4438503e+000
  3.3378216e+000
 -3.5240634e+000
  9.3125614e-001
 -7.7962331e-001
  2.8632328e+000
 -2.4373426e+000
 -7.1526280e-001
  1.5469425e+000
 -6.3553736e-001
  4.8613438e-001
 -1.0169403e+000
 -1.7974401e+000
  6.4165063e-001
  8.6236955e-001
  6.2481038e-001
  1.7241110e+000
 -1.9113137e+000
  2.0652626e+000
 -1.8981502e+000
  1.3542099e+000
 -7.8688230e-001
  1.1255861e+000
  8.8670187e-001
 -9.4589309e-001
 -1.0163593e+000
  2.2903644e+000
 -2.8630091e+000
  1.3047179e+000
 -9.9302627e-001
 -3.1687412e-001
  2.3290026e+000
 -4.1295299e-001
 -2.2068030e+000
 -2.5605939e-001
  1.7812736e-001
  2.7033464e+000
 -1.9663282e+000
  8.5819359e-001
 -1.3215235e+000
  1.5828932e+000
 -5.1860959e-002
 -1.2647957e+000
  3.3987177e+000
 -1.9728955e+000
  2.8408121e+000
 -2.8174127e+000
  1.5519273e+000
 -2.2071243e+000
  2.0227104e-002
  2.1231667e+000
  1.9358282e+000
 -2.5054079e+000
  7.6970298e-001
 -1.9191558e+000
 -1.3420826e+000
  3.4055828e+000
 -1.1813053e+000
 -8.3337936e-001
  2.9847188e+000
  2.0615240e+000
 -3.3209069e+000
  2.2113720e+000
 -3.6244938e-001
 -1.7046626e+000
  1.9200019e+000
  3.7992006e+000
 -3.2542948e+000
 -3.3983397e-001
  3.8177239e+000
 -2.9309756e+000
 -8.1430115e-001
 -1.8455558e-002
  9.0705545e-001
  3.2161667e-002
  9.0871204e+000
 -7.9617300e+000
  2.2502435e+000
 -1.8840822e+000
  1.0085566e+000
  8.8494883e-001
 -2.5050251e+000
  1.6142932e+000
  1.4926105e-001
  1.6154524e+000
 -5.3978900e-001
 -1.2618048e-001
  7.1201307e-002
 -4.7302444e-001
 -8.7699143e-001
  1.4055861e+000
 -2.0533896e+000
  1.0565397e+000
 -1.4164968e+000
  2.1993605e-001
  9.8749708e-002
  1.8534064e+000
  6.9506275e-002
 -6.2798501e-002
  1.7456688e-002
 -2.2498413e-001
  1.2098050e+000
  1.1133642e+000
 -2.2938963e+000
  1.1681595e+000
 -1.3295954e+000
  4.1440702e-001
  4.3831749e-001
  1.0514812e-001
 -1.6440503e+000
  1.3100188e+000
  5.4232610e-001
  3.9551071e+000
 -4.5337438e+000
  2.2030263e+000
  9.3529145e-001
 -3.0996972e+000
  1.3471288e+000
  1.8570124e+000
  1.0486945e-001
  5.2210883e-001
 -1.2580362e+000
 -3.4361209e-001
  2.8799679e+000
 -4.5002285e+000
  2.9548102e+000
 -5.8688211e-001
 -3.5377429e+000
  2.7217900e+000
  1.6001415e+000
 -4.4444563e-001
 -1.8186742e-001
 -1.9596075e-001
  6.2715070e-001
 -1.0030421e+000
 -2.6433666e+000
 -2.1067543e+000
  8.9086880e-001
  6.5758258e-001
  2.0726057e+000
 -2.0599180e+000
  3.4892402e+000
 -1.1339341e+000
  2.6942442e+000
 -7.3635770e-001
 -2.2606012e-001
 -1.8853264e+000
  1.7956306e+000
 -2.7081543e-001
 -9.0413379e-001
  2.0744013e+000
  9.9886999e-001
  4.3806412e-001
 -1.2295030e+000
 -8.8548320e-002
  1.9624016e+000
 -4.0046190e+000
  2.4856518e+000
  1.0391294e+000
 -8.1024499e-001
 -2.3383834e+000
  1.1950096e+000
 -2.1834641e-003
  2.2484741e+000
 -2.0540553e+000
 -1.7375520e+000
  1.3536819e+000
  6.0262569e-001
  2.2992947e-001
 -1.4841370e+000
  4.5459021e+000
 -3.9998431e+000
  3.8376942e-001
  8.9962293e-001
 -1.3804594e+000
  1.4435927e+000
  6.2747012e-001
  9.4179283e-002
  1.1443225e+000
 -1.9791760e+000
  1.0168192e+000
 -1.9844522e+000
  2.6766546e+000
 -8.2169758e-001
  4.0128932e+000
 -3.3745705e+000
  3.5279322e-001
  3.6546563e+000
 -3.6738199e+000
 -2.6224082e+000
  3.2995385e+000
 -2.5481340e-001
 -5.5893588e-001
 -2.1709976e-002
 -1.4272356e+000
  1.7009954e-001
  1.7023743e+000
  2.2805528e+000
 -5.6306390e+000
  8.0766533e+000
 -4.0420545e+000
 -2.4378446e+000
  8.6957160e-001
 -2.0891058e-001
 -1.8498487e+000
  8.8502048e-001
  1.1945793e+000
 -5.1267948e-001
 -4.9328309e-001
 -1.4391057e+000
 -5.4791081e-001
  1.3029291e+000
 -1.6388848e+000
  2.2905102e+000
 -1.8739287e+000
  1.1030000e+000
 -8.1866765e-001
  4.5171472e-001
  1.7906414e+000
 -1.0341544e+000
  2.3759963e+000
 -3.2713772e+000
  2.4354218e+000
  4.2551248e-001
 -1.6082960e+000
 -6.6618354e-001
  7.6231483e+000
 -5.8093781e+000
 -1.4433853e+000
  2.6112380e+000
 -1.0300995e+000
 -3.1976745e+000
  1.1309656e+000
  2.2111448e+000
 -5.7347857e-001
  2.7457319e-001
  5.7444051e-001
 -6.3485523e-001
 -3.5658936e-001
 -4.3366130e-001
 -1.6253968e-001
  2.4562494e+000
  1.6375524e+000
 -3.3922657e+000
 -5.3065170e-002
  2.8012409e-002
  1.6021474e+000
  1.6056506e+000
 -7.4021792e-001
 -1.1985726e+000
  1.5479525e+000
 -1.2537193e+000
  1.1425692e+000
 -2.2938782e+000
 -5.6109537e-001
  1.0684096e+000
 -1.0797403e+000
 -6.2315523e-001
  1.6253964e+000
 -4.0802567e-001
 -1.6999609e-001
  3.3379057e+000
 -9.6352865e-001
 -3.1706092e+000
  4.7402563e+000
 -4.7839458e+000
  3.1067129e+000
 -1.7565139e+000
  2.5557567e+000
 -1.6530422e+000
 -2.9589909e-001
  3.7055982e+000
 -2.2880550e+000
  3.5999985e+000
 -1.0407377e+000
  5.0804220e-001
 -2.4238452e+000
  1.4250266e+000
  2.1551132e-001
  6.0874495e-001
 -1.3453123e-001
  5.6154588e-001
 -2.1909247e-002
 -1.4604314e+000
 -1.2226300e+000
  1.5867870e+000
  4.6578021e-001
  2.3631665e+000
 -1.7879813e+000
 -2.7824166e+000
  2.3695970e+000
 -6.8960157e-001
 -1.8279988e+000
  4.4867955e+000
  2.2923648e-001
 -2.7394125e+000
  1.8145541e+000
 -2.1119480e+000
  1.1509592e+000
  9.5667445e-001
 -2.2264886e+000
  1.5973612e-001
  2.1565499e+000
  8.5107586e-001
 -4.5201491e+000
  7.2808519e+000
 -4.3378926e+000
  9.4949033e-002
  2.3364953e+000
 -2.9029405e+000
 -3.6181889e-001
 -2.2195701e+000
  1.1087059e+000
  1.9192132e+000
 -8.9514015e-002
 -7.2023850e-001
  4.2954097e-001
  7.9910720e-001
 -1.2269683e+000
  1.9702749e+000
 -2.2738756e+000
 -2.0713626e+000
  5.6845399e-001
 -2.5923563e-002
 -6.5276466e-001
  1.8236600e+000
  1.6238746e+000
 -2.5912403e+000
 -4.8739065e-001
  2.0920788e+000
 -2.1645667e+000
  7.0739248e-001
  3.8712869e+000
 -4.5241504e+000
 -1.0302552e+000
  1.9706283e+000
 -2.0937352e+000
  1.4090917e+000
  3.7360226e+000
 -4.0796237e+000
 -9.6030416e-001
  1.4543586e+000
 -9.6011155e-001
  6.9415620e-001
 -3.7489786e-002
 -9.0905207e-001
 -1.7027902e+000
  3.6756783e+000
  9.3278274e+000
 -6.7960297e+000
 -6.4500155e-001
 -2.0438724e-001
  2.7736880e+000
 -1.7974319e+000
 -9.7432545e-001
  5.6337031e-001
  6.2674652e-001
 -1.2067625e+000
  4.1624374e-001
  1.5893448e+000
 -2.3008408e+000
  1.3004605e+000
  8.0176203e-001
  7.9099063e-001
 -2.2287462e+000
 -1.0874823e-001
  9.4269235e-001
  1.3674965e+000
 -2.2774813e+000
  1.4366889e+000
 -8.2591867e-002
  3.9809044e-002
  3.3029127e-001
  3.4179448e-001
 -1.7561557e+000
 -6.8020279e-001
  5.7903798e-001
  4.8473838e-001
 -2.9383264e-001
  7.8486977e-001
  1.4663888e+000
 -1.0001086e+000
  8.2385645e-001
 -1.1515443e+000
  2.1609289e-001
 -6.3190563e-001
 -3.4452295e-001
  1.3450888e+000
  1.7259810e+000
 -3.0895264e+000
  1.5139616e+000
 -2.1160024e+000
  1.5401978e+000
  3.7293488e+000
 -3.9586307e+000
 -7.0949391e-001
  1.4852896e+000
 -5.0883933e-001
 -4.8406162e-001
  5.5571766e-001
 -2.5028460e-001
 -9.7371277e-002
 -1.3766132e+000
  1.6421573e+000
 -1.4404915e+000
 -3.2195919e-001
  8.1659614e-001
 -3.4558558e-001
  1.5691644e+000
 -4.3409494e-001
  1.0545881e+000
 -2.4429491e+000
 -1.6318474e-001
  3.6450046e+000
 -1.1724200e+000
 -2.5271195e+000
 -1.9627078e-001
  2.8336059e+000
 -1.5249679e+000
 -1.3797863e-002
 -4.3408391e-003
  4.8383858e-001
 -1.3925077e+000
  3.7202127e-001
 -3.2984781e-001
  1.9612258e+000
 -3.0123203e+000
  1.6200629e+000
 -6.8315065e-001
 -7.3450720e-001
  1.1720815e+000
 -3.9599244e-001
  4.8220777e-002
  2.2562132e+000
 -1.7435095e+000
  4.7260378e-001
 -1.1229430e-001
  6.8318429e-001
 -2.6750214e-001
  1.0890220e-001
  5.5846043e-001
 -1.0325387e-001
  1.9187671e+000
  1.1188225e+000
 -2.6544403e+000
  3.3257265e+000
 -4.7187301e+000
  1.5152829e+000
  2.4599559e+000
 -1.1117621e+000
 -2.6626201e+000
  1.2789694e-001
 -4.9508206e-001
 -2.5134754e+000
  3.1316092e-001
  1.5329001e-001
  3.8644468e-001
  2.4075019e-001
 -9.3120899e-001
  1.6814093e+000
 -2.4357685e+000
  1.8543364e+000
  8.9698554e-001
  2.9435925e-001
 -1.1077401e+000
  2.6555692e+000
 -1.5827167e+000
 -8.9105930e-002
  1.6158218e+000
 -6.2340254e-001
  6.1245427e-001
 -7.3470266e-001
 -2.6498618e+000
  2.4230799e+000
 -2.3367559e+000
  2.3057531e+000
 -1.9416231e-001
 -1.1891445e+000
  8.1597065e-001
  2.9267941e+000
 -2.7871796e+000
 -3.8235949e+000
  1.4741347e+000
 -1.0351421e-002
 -8.2763044e-001
  8.7498912e-001
  2.2810667e+000
 -3.3123375e+000
  1.9538278e+000
 -2.1872517e-001
 -3.3320729e-001
 -1.0594626e+000
  1.7665885e+000
 -4.5607984e-001
  3.4598272e-001
  8.4108518e-001
 -1.0989029e+000
  8.1320257e-001
 -1.2748381e+000
  2.0482554e+000
 -1.3557589e+000
  2.8104656e+000
 -2.2888498e+000
  6.0485328e-001
 -2.2676724e+000
 -4.3549938e-002
  1.8835588e+000
 -1.3320690e+000
 -5.7760801e-001
  2.5639930e+000
 -1.8134086e+000
 -1.0383711e+000
  1.9320930e+000
  5.1776032e-002
  1.9322105e-001
 -2.0258227e+000
  1.1658883e+000
 -1.1283002e+000
  1.7902735e+000
 -6.2727028e-001
  3.3738820e-001
 -1.2607180e-006
 -1.4232083e-001
  6.1375733e-002
  1.5517152e-001
 -9.4844890e-001
  1.2209191e+000
  2.4376070e-001
  1.8512542e+000
 -1.7923515e+000
 -9.0974915e-001
  1.9748048e-001
  1.1572399e+000
 -8.7553030e-001
  2.7124338e+000
 -2.0896892e+000
 -1.6266722e+000
  2.2399733e+000
  1.6150114e+000
 -3.4779177e+000
  2.5290119e+000
  8.7646809e+000
 -5.5845394e+000
  3.3842685e-002
 -6.3582593e-001
  6.8443478e-001
 -3.5092880e-001
 -2.9992152e-001
  1.3098010e+000
 -7.8836575e-001
  7.6058580e-002
  4.7409103e-001
 -1.4072571e+000
  5.4495875e+000
 -3.8501318e+000
  4.9105165e-001
 -3.0989426e+000
  9.0735941e-001
  1.4073796e+000
 -1.5927260e+000
 -6.7359452e-001
 -1.6436502e-002
  1.3819063e+000
  1.2744715e+000
 -1.2768120e+000
  1.2796722e+000
  4.1635803e-001
  1.0019051e-001
 -2.9023481e+000
 -2.2824847e-001
  3.8429233e+000
 -3.1158975e+000
  3.5106796e+000
 -7.5597035e-001
 -2.7222758e-001
  9.5071275e-001
 -2.0720948e+000
 -1.2529314e+000
  4.2042876e+000
  6.3047942e-001
 -3.6070524e+000
  1.6476932e+000
  1.2595608e-001
 -8.4764640e-001
 -4.3084091e-001
 -1.9650136e+000
  2.6068604e+000
  1.0750429e+000
  1.1701286e+000
  8.1199941e-001
  1.7347584e+000
 -1.1620963e+000
  1.1140337e+000
  1.3376394e+000
  4.0102735e-001
 -1.8565633e+000
 -6.0124616e-001
  3.7251211e+000
 -3.1050632e+000
 -4.3435222e-001
 -4.7522338e-002
  6.9456272e-001
  1.7662553e+000
 -2.1146203e-001
  5.0151579e-001
  6.0362569e-001
 -4.0691716e-001
 -2.6212592e-001
  1.4949460e+000
 -2.5518843e+000
  1.0110640e+000
  3.6814066e+000
 -3.2824659e+000
  6.6000335e-001
  1.6587126e+000
  1.3309283e-001
 -2.0109341e+000
 -6.3478891e-001
  1.7739563e+000
 -1.3095151e+000
  1.5373743e+000
 -5.5564934e-001
  3.2708401e+000
 -1.4849747e+000
 -3.8886461e-002
  5.2141081e-001
 -5.2036877e+000
 -5.2939898e+000
 -3.6640902e-001
  4.6207057e-001
  1.7764370e+000
  6.4313170e-001
 -1.7832008e+000
  8.3326941e-001
  5.2087347e-001
  1.2252089e-001
 -1.7810175e+000
  1.2877094e+000
 -1.0017353e+000
  1.1358908e-001
  3.9817214e-001
 -9.9227548e-001
  1.7892526e+000
  1.8000073e-001
 -2.1940551e+000
  4.3480056e-001
 -2.5959627e-001
  3.8787376e-001
  8.6986096e-002
 -6.9279953e-001
 -5.2459859e-002
 -1.4967279e-001
  3.4254037e+000
 -2.4861647e+000
  1.0076660e+000
 -1.4696403e+000
 -1.0431347e+000
  1.3450429e+000
  3.0912096e-001
  3.3076705e-001
 -1.8941949e+000
  3.1539156e-001
  4.6862823e+000
 -4.0700112e+000
  1.5740807e+000
  1.1855532e-001
 -2.2959673e+000
  1.8921029e+000
 -1.4554070e+000
  1.5946959e-001
 -1.4573434e-001
 -4.1150320e-001
  5.7172164e-001
  1.6325371e-001
  8.2924903e-001
 -1.9823305e-002
 -8.3046308e-001
  1.4669781e+000
  7.8918206e-001
 -3.7666240e-001
  1.7539195e+000
 -3.8249363e-001
 -3.0143297e+000
  2.1291713e+000
 -1.4194920e+000
 -4.4150999e-001
 -3.7623215e-001
  3.3239689e+000
  4.9796793e-002
 -3.5608322e+000
  1.2336619e+000
  1.5813672e-001
 -1.8541718e-001
 -7.8595431e-002
  1.5915412e-001
  2.5799257e+000
 -1.1251390e+000
  1.6066508e+000
 -5.6390084e-001
 -5.2418366e-001
 -3.9467532e-002
  8.7653602e+000
 -5.2770951e+000
 -1.4465975e+000
  1.3900944e+000
 -9.5297015e-001
  5.6175075e-001
 -1.8195204e+000
  1.1648108e+000
 -1.0503932e+000
  1.2184795e+000
 -1.1800927e+000
  7.4874147e-001
 -4.8990085e-001
  1.1854348e+000
 -5.1280238e-002
 -6.2276134e-001
  1.3300148e+000
 -5.9941022e-001
  1.3305934e+000
 -2.3021813e+000
  9.8195186e-001
 -5.2712268e-003
  3.4062964e-001
 -8.7038735e-001
  6.0536801e-001
 -1.8614099e-001
 -5.8337152e-001
 -9.6437823e-001
  1.0545951e+000
  2.2842334e-001
  1.0718826e+000
 -8.4909047e-001
  2.4702061e-001
  1.2282118e-001
  4.2733024e-001
 -5.5016041e-001
  4.3267931e-001
  9.6407819e-001
 -9.1152119e-001
  4.6207008e-001
  9.6312527e-001
 -1.9499015e+000
 -7.6336079e-001
 -7.7971074e-001
  4.3601979e+000
 -3.6458638e+000
  2.5518094e+000
 -1.9434166e+000
  7.2923676e-001
  8.1068926e-001
  1.4260027e+000
 -2.8940921e+000
 -4.9313439e-002
 -8.6542680e-002
  1.2595373e+000
  5.3281449e-001
 -1.1289383e+000
 -7.9297065e-001
 -5.9977862e-002
  2.5992970e-001
 -9.1010150e-001
  1.8896557e+000
  2.4665738e-001
 -3.4789665e-001
  3.0739902e+000
 -4.0879252e+000
  7.7774213e-001
  1.4529295e+000
  5.6779205e-001
 -2.6847867e+000
  2.9243565e+000
 -2.4369776e+000
  9.5311893e-001
  7.5344649e-001
  3.8478356e-001
 -3.9518530e+000
  3.1954530e+000
 -2.0985062e+000
  7.3099679e-001
  6.6851001e-001
 -2.0490026e+000
 -1.5123958e-002
  2.2859972e+000
 -1.6120829e+000
 -2.7214267e-001
  2.6427153e+000
  6.4017760e-002
  1.4556608e+000
  5.1281635e-001
 -3.4470715e+000
  8.0253695e-001
  9.0422377e-001
 -5.4212284e-001
  2.5113342e+000
 -4.6020111e+000
  4.2448260e+000
 -2.5112047e+000
  3.8829675e-001
  1.5288768e+000
 -2.1565036e+000
  2.4022752e+000
 -3.7187672e+000
  1.9908844e+000
  8.2337939e-001
  1.0744428e+000
 -8.1571643e-001
 -5.2204912e-001
 -1.4554318e-001
  1.3590973e+000
 -8.1712774e-001
  1.2846876e+000
  1.0767828e+000
 -1.8418238e+000
 -8.6293713e-002
  1.4885256e+000
 -1.9685332e+000
  4.6961108e-001
  8.0736429e-001
 -1.4466215e+000
  1.1159560e+000
  1.0316052e+000
  1.0319890e+000
 -2.2889754e-001
  2.0941831e+000
 -2.2442785e+000
 -2.1803868e+000
 -5.6480829e-001
  1.4053534e+000
  2.4150523e-001
  2.9936653e-001
 -8.0284955e-001
  1.8239930e+000
 -2.3960799e+000
 -9.2599703e-001
  7.3847945e-001
  9.6241415e-001
 -2.1024658e+000
  1.1803566e+000
  7.6013644e-001
 -1.0985529e-001
 -1.0851486e+000
  9.0036462e-002
  5.5045860e-001
  2.1159835e+000
 -4.9051580e+000
  8.7955774e+000
 -5.1795298e+000
 -1.8903721e-001
  9.1455618e-001
 -1.8068090e+000
 -3.4745267e-001
 -7.0541585e-001
  1.5197772e+000
 -1.2273760e+000
  1.6568162e+000
  2.4908365e+000
  1.3819276e+000
  2.3064748e-001
 -2.8936020e+000
 -6.6053758e-001
 -1.3382097e-001
  2.4779171e+000
  2.0299218e-001
 -3.1343857e+000
  2.7794875e+000
 -2.6805081e+000
  8.2277314e-001
  2.4143928e+000
 -2.2111147e+000
  6.6887694e-001
 -1.0869082e+000
  6.2602860e-001
  1.6626339e+000
 -3.3855045e+000
  4.4400754e+000
 -1.5309399e+000
  1.1223694e-001
  2.7660636e-001
  5.0293379e-001
 -3.5122227e+000
  2.3966418e+000
 -1.2137231e+000
  1.8423773e+000
  5.2750316e-001
 -2.4745108e+000
  1.0847908e+000
  7.3595384e-002
  5.1806248e-001
  9.8304830e-001
 -4.8249417e-001
 -4.9071046e-001
  5.7532596e-001
  2.4442568e+000
 -1.6669592e+000
  1.7568975e-001
  1.9562772e+000
 -3.9692550e+000
  5.0239456e-001
 -1.1588189e+000
 -1.0721331e+000
  4.0111487e+000
  2.6561381e-001
 -1.7030931e+000
 -4.3153696e+000
  7.9550286e+000
 -4.0044717e+000
 -7.8546708e-001
 -1.2369291e+000
  2.0397341e-001
 -5.9064134e-001
  3.8425480e-001
  8.1377878e-001
 -8.4334599e-001
  8.7627342e-001
  6.4006631e-001
 -7.5545405e-001
  9.0642846e-001
  3.1971492e-001
 -7.4912464e-001
 -1.1175027e-001
 -4.6645893e-001
  6.7082489e-001
 -5.7669947e-001
  2.2011530e+000
  2.0161895e-001
 -1.0464530e+000
 -5.7921988e-001
 -1.7380219e+000
  3.6553114e+000
 -3.0947459e+000
  3.2608870e-001
 -3.8059852e-001
  1.1448200e+000
 -1.0358289e+000
  1.1498180e+000
  1.7093128e-001
 -1.8115231e-001
 -1.1348490e+000
  2.1196119e+000
 -1.7493028e+000
  4.1863055e+000
 -3.0207710e+000
  3.4063505e-001
  3.7154511e-001
  7.4788463e+000
 -5.3916233e+000
  5.2758097e-001
 -6.4153261e-001
  2.0960037e+000
  4.4721688e-001
 -2.5206714e+000
  6.3704852e-001
  7.0076250e-001
  2.4518242e+000
 -1.1918945e+000
 -1.0125983e+000
 -1.0764671e+000
  1.4746505e+000
 -1.1301126e+000
  2.0815057e+000
 -2.4639630e+000
  1.7705194e+000
 -1.4062897e-002
  1.7660061e+000
 -2.3856796e+000
  8.3499645e-001
 -1.1206747e+000
  7.3894294e-001
  2.4249342e+000
 -2.3348419e+000
  4.7490867e+000
 -1.0469519e+000
 -6.2762710e+000
  1.9559241e+000
 -3.4682389e+000
  1.1254791e+000
  1.8871374e+000
 -2.3230417e-001
  8.7042805e-001
 -3.0308919e+000
 -4.8481673e-001
  1.9116113e+000
 -2.0611684e+000
  8.4765669e-001
 -1.4933350e-001
  1.8985210e+000
 -1.0801164e-002
  2.1248863e-001
  1.2078866e+000
 -3.1451375e+000
  1.6457773e+000
 -1.7386461e+000
  5.3242395e+000
  1.1180786e-001
 -3.0153036e+000
  1.4220410e+000
  1.7319590e-001
 -4.8603724e-001
 -8.6026094e-001
 -1.8303383e+000
  2.3744699e+000
  2.2356877e-001
  1.0198583e+000
 -2.0155620e+000
  2.4653070e+000
 -2.8154541e+000
  1.8113497e+000
  2.1275431e+000
 -1.0893529e+000
 -2.2757951e+000
  1.4792841e+000
  7.2354847e-001
  1.6747108e-001
  1.6448346e+000
 -5.2345559e+000
  1.9515633e+000
  1.9602095e+000
 -1.7273122e+000
  7.7758726e-002
  6.8999445e-001
 -1.8662749e+000
  3.2187103e+000
 -6.3558450e-001
