  8.8967532e+000
 -6.2258732e+000
 -9.4333840e-001
  3.6220752e+000
 -6.2636651e-001
 -6.6047831e-001
  5.0569602e-001
 -8.0567849e-001
  2.0620718e+000
 -3.9258870e+000
  2.5288364e-001
 -3.0857370e-001
 -3.9118048e-001
  2.2570464e+000
 -8.9682069e-001
  7.3179267e-001
 -1.2749155e+000
 -1.0963042e+000
  2.3268976e+000
 -9.7940320e-001
 -1.4110935e-001
  7.1601570e-001
  6.5343150e-002
 -1.9617068e-001
  1.8313712e-001
  1.4125459e+000
 -7.9374093e-001
 -1.4443488e+000
  3.3775727e+000
 -1.3246843e+000
 -6.4608076e-001
 -2.3399526e+000
  1.5741298e+000
  2.6715689e+000
 -1.1355102e+000
 -3.3867798e-001
  9.7609798e-001
 -8.6976424e-001
 -1.6167483e-001
  2.9244866e+000
 -2.1334838e+000
 -3.5902545e-001
 -3.4262115e-001
 -1.1106766e-001
  2.1766549e-001
 -1.5163571e+000
  2.3491311e+000
 -8.6122780e-003
  2.2540172e+000
 -5.2764359e+000
  2.2232898e+000
 -1.4331551e+000
 -1.3496155e+000
  4.8592240e+000
 -1.6720189e+000
  3.7836587e-001
 -2.6309182e+000
 -9.8176811e-001
  2.2205058e+000
 -2.1771505e+000
  1.8321424e+000
 -2.7270822e+000
  3.0253534e+000
 -1.8260459e+000
 -2.2282873e-001
  2.1603924e+000
 -8.1981642e-001
 -7.7830948e-001
 -1.3564643e-001
  2.0523383e+000
 -1.9312583e+000
 -8.2605282e-001
  5.2609666e-001
  5.8645123e-002
  3.7832905e+000
 -1.9011064e+000
 -7.6101798e-001
 -7.2809656e-001
  5.5520376e-001
 -4.2831078e-001
 -1.2805775e-001
  2.0374606e+000
 -2.5918726e-001
  1.0715689e-001
 -6.0065830e-002
 -1.2025180e+000
  2.0027752e-001
  1.0395033e+000
 -8.3485267e-002
  4.7358846e-001
 -1.0798289e+000
  2.0170379e+000
 -1.5794859e+000
 -4.4346764e-001
  1.7215685e-001
 -1.1832799e+000
  2.1085501e+000
  1.3263230e+000
  1.3841663e+000
 -1.7337918e+000
 -1.0331815e+000
 -1.6927766e+000
  3.2079594e+000
 -1.3841438e+000
 -3.9767177e-001
  2.2987717e-001
  1.5806885e+000
 -1.9006396e+000
  1.4544262e+000
  1.6816284e+000
 -2.8315443e-001
 -3.5312184e+000
 -6.1774864e-001
  2.3991636e-001
 -2.7006974e-001
  1.0407166e+000
  1.9550356e-001
  8.5055553e-001
 -2.8154170e+000
  1.3569639e+000
  7.9122635e-001
 -2.0058860e+000
 -6.3183588e-001
  4.9318014e+000
  1.2472854e+000
 -5.3976222e+000
  2.9003847e+000
  2.2097159e-001
 -2.7659507e-001
 -1.8738863e+000
  1.3291817e+000
 -1.5864723e+000
  3.3624854e-001
  1.6545113e+000
 -3.1612123e+000
 -3.1860060e-001
  1.2268760e+000
  2.9798494e+000
 -1.3277090e+000
 -4.3959411e-001
  1.7720214e-001
  2.3692414e-001
 -2.2097584e+000
  1.7631441e+000
 -6.3384401e-001
  2.7226694e-001
  8.9577795e-001
 -1.5643086e+000
  7.6107244e-001
 -7.1801321e-001
  1.6595386e-001
  2.1401144e+000
 -2.8689649e+000
 -1.3795708e-001
  1.3918477e+000
 -4.0522133e-001
  2.9910003e-001
  5.0292914e-001
  1.2258369e-001
 -1.7732821e+000
  3.1535071e+000
 -2.2552114e+000
  1.6574490e+000
 -3.7649874e-001
 -1.2964165e+000
  2.0656949e+000
 -1.1075619e+000
 -2.8548274e-001
 -3.2766991e-001
 -2.4043886e+000
 -2.9761008e-001
 -1.0388226e+000
 -2.5043675e+000
 -9.1705496e-001
  9.6545444e-001
  2.3048416e+000
 -1.6863768e+000
  9.5262744e-001
  9.2684656e-001
 -2.2515851e+000
  6.7560504e-001
  6.4558672e-001
 -1.1744582e+000
 -5.2015590e-001
  1.5361504e+000
 -4.1883381e-001
 -2.2762348e-001
  1.0509542e+000
 -3.7948753e-001
 -3.0980785e-001
 -1.0621303e+000
  3.1627154e+000
 -2.3747739e+000
 -3.5520744e-001
  2.9797923e-001
  1.5490514e+000
  5.3648670e-001
  1.9693675e-001
 -2.7178498e-001
 -2.3261950e+000
 -2.7375824e-001
  1.6403495e+000
 -7.5740796e-002
 -5.9229662e-001
  9.2322217e-001
 -1.5956587e+000
  3.1216578e+000
  1.1180350e+000
 -1.5344718e+000
  4.8441150e-001
 -1.7205095e+000
  3.0465431e+000
 -6.8503270e-001
 -2.0658637e+000
  1.9079113e+000
 -6.3245883e-001
  6.9376486e-001
 -5.2578369e-001
  2.3912880e+000
 -1.7330006e+000
  4.7982773e-002
 -7.1975584e-001
  2.3448797e+000
 -8.0211823e-001
 -3.0390998e+000
  2.9606838e+000
  3.1278797e-002
 -2.5841779e+000
  1.7746349e+000
  3.6496267e+000
 -3.5493254e+000
 -1.4688053e+000
  2.2581051e+000
  3.0070262e-001
 -3.8214642e-002
 -3.2957862e+000
  5.3646090e+000
 -7.0920198e-001
 -1.7821999e+000
  4.5377016e+000
  8.3859085e-001
 -1.0401307e+000
  9.7410221e-001
 -6.0016405e-003
  3.1090368e-001
  1.8563979e+000
 -2.3630953e+000
  2.3751608e+000
 -2.3870690e+000
  4.0953954e-001
  3.4085265e+000
 -2.2777771e+000
 -3.3139848e+000
  2.4334490e+000
  5.4819630e-001
 -1.8871785e+000
  5.5773828e+000
 -2.8623368e+000
 -2.1563296e+000
  1.5237511e+000
 -1.5016765e+000
  2.6957431e+000
 -9.2434064e-001
 -2.2979180e-001
  3.1404857e+000
 -3.2296423e+000
  2.1297609e+000
 -2.5116008e+000
  4.3203645e+000
 -2.7083454e+000
  3.2688080e-001
  1.3655565e+000
 -1.8362092e+000
 -1.1821264e+000
  1.1217262e+000
 -1.6463409e-001
  8.0816963e-001
  1.6837032e+000
 -1.2708371e+000
  4.5155216e-001
  1.1365868e+000
 -1.2797680e+000
  6.3268805e-001
 -1.3659919e+000
 -9.3450765e-001
  1.7707993e+000
 -1.1787581e+000
  4.5721949e-001
  3.2782853e+000
 -3.3871701e-001
 -1.2764409e+000
 -4.3084111e-001
  4.5135171e-001
  1.0098702e+000
 -1.2910572e+000
  7.9747328e-003
  6.1061604e-001
 -7.9865623e-001
  1.8852763e+000
 -6.9748975e-001
 -1.6352450e+000
  3.0476399e-001
  1.3883870e+000
 -2.4513105e+000
  6.2395339e-001
  8.3953340e-001
  3.4142559e-001
  3.0177275e+000
 -2.5837035e+000
  2.0948854e+000
  4.0749530e-001
 -1.0000314e+000
 -1.0461396e+000
  3.4926071e-002
  9.9056409e-001
 -2.3901718e-001
 -7.0240513e-001
  3.3004578e+000
 -3.3862999e+000
  9.2689976e-001
 -1.6156572e-001
  3.1861378e-001
 -2.9006264e-001
  1.0605633e+000
 -1.8761114e+000
 -1.2603604e-001
 -6.5654832e-001
 -7.8770119e-001
  2.8212897e+000
  9.8951106e-001
 -1.3381634e+000
 -2.1808130e+000
  6.9106780e-001
 -6.1686057e-001
  6.2912116e-001
  2.3970342e-001
 -5.1623353e-001
 -9.6384282e-001
  1.8491764e+000
 -2.2172863e-001
  2.3274486e+000
 -2.9159355e+000
  9.4826297e-001
 -7.4635922e-001
  1.7951732e+000
 -9.1665934e-001
  1.5889668e+000
 -1.8272332e+000
  3.2436326e+000
 -1.7183773e+000
 -5.9896211e-001
 -3.4252566e-003
 -6.3905017e-001
  1.9252718e+000
 -3.9945758e+000
  2.8639084e+000
 -9.8588200e-001
 -8.3993936e-001
  2.0074294e+000
 -6.7206035e-001
 -4.7228701e-001
  1.1109547e+000
 -6.0775494e-001
  1.7952470e+000
 -1.1127858e+000
  1.1574898e+000
 -1.6630988e+000
 -1.3351737e+000
  4.1444450e-001
  2.1525728e+000
 -2.2107942e+000
 -9.8340958e-001
  4.8972863e+000
 -2.4080611e+000
 -8.0601942e-001
  4.1283037e-002
  6.1688390e-001
 -6.3519386e-002
  3.6520465e-001
  1.6524204e-001
  1.9009985e-001
  4.7203793e-001
 -9.6954106e-001
  5.2610146e+000
 -8.8510106e+000
  6.6979312e-001
  9.2022867e-001
 -1.0104748e+000
  1.4606904e+000
 -1.1363557e+000
 -3.1221704e+000
 -3.1647989e-001
  2.6880976e+000
 -5.6495304e-001
  1.0716805e+001
 -1.3284168e+000
 -9.4982188e+000
 -6.8673887e-001
  1.5713968e+000
 -1.8085141e+000
  4.4705926e-001
  5.4297564e-001
 -1.7053711e+000
  1.6083827e+000
  1.0352110e+000
  3.4274082e+000
 -2.9259213e+000
  1.0969168e+000
 -1.1666177e+000
  1.6037597e+000
 -1.8455635e+000
 -4.9527711e-001
 -2.4266552e+000
  1.2205742e-001
  1.3077444e+000
 -3.9186379e-002
 -8.6541335e-001
 -9.5440531e-001
  2.2383893e+000
 -4.5496781e-002
 -1.0648260e+000
  8.6139938e-001
  5.1681076e-001
 -1.2620654e+000
  7.9311563e-001
 -5.6487154e-001
 -1.5904512e+000
  6.1116050e+000
 -4.4264703e+000
  4.4908679e+000
 -3.6643667e+000
  1.8765817e-001
 -5.3258408e-001
 -8.2467300e-001
  2.1303210e+000
 -2.8928885e-002
  9.3808012e-001
 -2.6679121e+000
  5.8198238e+000
 -3.3004605e+000
 -1.3848177e+000
  2.5811513e+000
 -3.6994543e+000
  1.9516597e+000
 -7.8216755e-001
  1.2447914e+000
 -2.7032504e+000
  4.2988502e+000
 -2.5958262e+000
  6.4350509e-001
 -4.5199873e-001
 -1.4196806e+000
  1.4671123e+000
  1.4316806e-001
 -2.6980008e+000
  1.3367868e+000
  2.1724319e-001
 -1.2853154e+000
 -1.2859793e-001
  9.3362032e+000
 -6.3894083e+000
  9.1057470e-001
 -2.8115684e+000
  1.6026686e-001
  1.0180048e+000
 -9.0885423e-001
 -4.2426407e-001
  1.5932958e+000
 -5.9657987e-001
 -1.3285641e+000
  2.7515572e+000
 -5.8660277e-001
 -2.0921603e+000
  2.4222893e-001
  1.8485522e+000
 -9.7855046e-001
 -5.7541203e-001
  3.4754161e+000
 -8.6634434e-001
 -5.6077539e-001
  1.0075089e+000
  9.2470019e-001
 -1.9945140e+000
 -8.2995379e-001
  1.8106768e+000
 -1.0383073e+000
  4.9091014e-001
 -1.6171252e+000
 -5.6752585e-002
  1.7154702e+000
 -3.7809140e-001
 -2.4895446e-001
  1.9432221e+000
  2.7358192e-001
 -2.6147336e+000
  2.9947882e-001
  4.5064032e-001
 -3.6863653e-001
  1.3547118e+000
 -1.3653144e+000
 -1.5021367e+000
  5.2562630e-001
  4.7704729e-001
 -1.0026736e+000
  7.0946004e-002
  2.0877376e+000
 -1.5957853e+000
 -4.0028659e-001
  2.6076204e+000
 -1.8643476e+000
  5.4660159e-001
  6.0965092e-001
 -1.1488023e+000
  2.9693447e+000
 -2.6595641e+000
  3.4999079e+000
 -2.6541809e+000
 -2.1774960e+000
  6.4821072e-001
  5.0867428e-001
  3.0398895e+000
 -3.3116543e+000
  1.9838115e+000
 -1.9505822e+000
  1.6232351e+000
 -1.1290500e+000
 -1.5662364e-002
  1.6767869e+000
 -2.0159001e-001
 -9.0560906e-001
  2.9467755e+000
 -2.1309512e+000
 -2.5822260e+000
  1.8594628e+000
  2.9349432e-001
 -3.9046152e-001
  2.3209827e-001
 -1.2887867e-001
  2.6309769e+000
 -4.5537108e+000
  4.8441661e+000
 -3.1010078e+000
  2.9425341e+000
 -9.8811292e-001
 -1.0951948e+000
  9.8682885e-001
 -1.2071123e+000
 -5.1188205e-001
  1.0517234e+000
  1.0908421e+000
  8.6317297e-001
 -3.8298965e-001
 -2.3297835e+000
 -1.6668038e-001
  9.8293713e-001
 -7.2627581e-002
  7.8402910e-001
 -1.4956972e+000
  4.1568064e+000
 -4.4460158e+000
  4.0321888e-002
  1.9487375e+000
  5.3299487e-001
 -1.0074185e+000
  5.6735558e+000
 -6.4274037e+000
  4.1484168e+000
 -5.4123444e+000
  1.0620065e+000
 -5.9489367e-001
  2.3661062e+000
 -2.4747152e+000
  2.5894045e-001
  1.5224035e+000
 -9.2348867e-001
  2.0069233e-002
 -1.0690300e+000
  1.8877844e+000
 -4.3274027e-001
 -7.8298906e-001
  1.3188246e+000
 -1.7528076e+000
  2.0794346e+000
 -2.0022180e+000
  9.2260280e-001
  1.0879681e+000
  1.0929144e+000
 -2.2351696e+000
 -1.2785705e+000
 -2.3484546e-001
  5.7284694e-001
  9.2762518e-001
  1.1373009e-001
  3.9348740e+000
 -2.6776650e+000
 -1.9026427e+000
  4.9597596e-001
 -1.3065212e+000
  2.2209507e+000
  7.5424127e-002
 -8.3916135e-002
 -1.8710250e+000
 -3.9947293e-001
  3.2109531e+000
 -1.0764220e+000
 -8.3534717e-001
  1.5930711e+000
 -4.6985650e-001
 -1.3515523e+000
 -3.8704645e-001
  1.8741238e+000
 -5.6602738e-001
 -3.2167192e-001
  5.3713369e-001
  5.2191280e-005
 -2.1808056e+000
  1.0362391e+000
  2.5773523e+000
 -1.3487844e+000
 -3.6665506e-002
 -4.8227579e-001
  1.1380491e+000
 -4.4215250e-001
 -1.2091979e+000
  1.3808425e+000
  2.6815247e+000
 -3.3563861e+000
 -1.1687967e+000
  8.5722702e-001
  1.3887967e+000
 -2.7447804e-001
  2.4087880e+000
  2.2476562e-001
 -6.4426217e-002
 -1.2364886e+000
  1.1278851e+000
  1.2286633e-001
  3.9364210e-001
 -1.1872796e+000
  1.2091301e+000
 -1.1078070e+000
  2.5953818e+000
 -3.0640834e+000
  2.6655059e+000
 -1.1382738e+000
  1.2800961e+000
 -1.4372444e+000
  8.5244745e-001
 -2.6578284e-001
 -6.1330385e-001
  2.5943323e-001
 -9.1359845e-001
  1.2387051e+000
  3.0744896e-001
  1.6274591e-001
  3.8628024e-001
  3.9194138e-001
 -5.4262200e-001
  1.9366062e-001
  2.8283900e-001
 -1.3918608e+000
 -1.3710589e+000
  3.3851052e+000
 -6.1699180e-001
 -1.4489867e+000
  9.9686306e-001
 -1.9817229e+000
  1.9903269e+000
 -1.3330725e+000
  9.6509602e-001
 -3.6275452e-002
 -2.1819843e-001
 -1.5305037e+000
  1.3127869e+000
 -1.7638741e-001
  6.6391726e-001
 -2.4102153e-001
  2.0572700e+000
 -1.7559173e+000
 -1.5411410e+000
  4.5598966e+000
 -3.9004072e+000
  2.2472954e+000
  7.4614326e-001
 -2.8059350e+000
  1.9679972e+000
  2.2975256e-001
 -3.0259744e+000
  3.6574576e+000
 -1.3813837e+000
 -1.2954879e+000
  5.2693382e-001
  1.1841958e-001
 -5.3980241e-001
 -1.3882647e-001
  1.4762086e+000
 -1.4901711e+000
  5.4454826e-001
  2.2525959e-001
  2.1549959e+000
 -2.5917231e+000
  1.9336632e+000
 -1.0959873e+000
 -2.1503874e-001
  9.0077482e-002
  3.8900474e-001
 -7.6237950e-002
 -7.7026355e-001
  1.7114293e-001
  1.0526468e+000
 -9.5900614e-001
  1.1895434e+000
 -1.4198875e+000
  1.5900413e-001
  6.1145877e-001
 -9.5438548e-001
  5.9435253e-001
  9.3802171e+000
 -7.4676795e+000
  1.8203567e+000
  3.9130257e-001
  9.3659356e-001
 -3.5925608e+000
  2.0582854e+000
  7.0597796e-001
 -2.5650095e+000
  1.7006154e+000
 -1.2629396e-001
  3.8332930e+000
 -3.6442817e+000
 -4.6588917e-002
  1.3101137e-001
 -9.3708066e-001
  1.7604367e+000
  1.7117349e+000
  1.4316070e+000
 -5.1506327e+000
  1.3805303e+000
 -2.0216153e-001
  2.2844344e+000
 -1.6699837e+000
 -1.5022726e+000
  2.0167676e+000
 -9.0795793e-001
  4.5973424e-001
 -5.9608068e-002
 -6.3872402e-001
  1.1061620e-001
  1.0747558e+000
 -2.0597104e+000
  5.6242485e-001
 -7.7098515e-001
  9.3661162e-001
 -1.7990370e+000
 -1.8200494e-001
  4.9480564e-002
  1.0437922e+000
  2.5353241e+000
 -5.4005533e-001
 -1.0897958e+000
 -1.7077408e-001
  7.7363231e-001
  8.9201077e-002
 -2.0222875e+000
  2.3982681e-001
  1.3266561e+000
  6.3927888e-001
  5.3898879e-001
 -1.4912060e+000
  5.9532476e-001
  1.8327325e-001
 -1.2703086e+000
  2.1009897e+000
  5.2543535e+000
 -6.5306913e+000
 -4.7668545e-001
 -2.4651886e-001
  1.0994610e-001
  5.9254039e-001
 -3.1131165e-001
  1.6074110e+000
 -1.1276461e-001
  1.4553870e+000
 -2.6656069e+000
 -1.5652419e+000
 -3.2254740e-001
  2.8093716e+000
 -2.7384978e+000
  2.7637970e+000
 -1.7639333e+000
  1.2952747e+000
 -1.3507795e+000
 -9.8165005e-001
  4.3669850e+000
 -1.3557120e+000
  1.4369434e-001
 -5.7592549e-001
 -4.6438692e-001
  2.4329786e+000
 -3.3169668e+000
  1.6096518e+000
 -1.9765757e+000
  4.5170554e-001
 -7.1088699e-001
  2.2012444e+000
 -1.5063097e+000
  1.6606133e+000
 -1.0287632e-001
 -9.3426216e-001
  1.1061403e+000
 -8.8862039e-001
  6.1329103e-001
  2.3911719e+000
  3.6725579e-001
 -1.8406258e+000
  5.4076692e-001
 -2.6819672e-001
  1.7209552e+000
 -8.4833756e-001
  1.8218411e+000
 -1.7209240e+000
 -1.0063350e+000
  1.8252782e+000
 -1.4150497e+000
 -3.0082496e-001
  1.4036774e+000
 -8.7977024e-001
  4.9028992e-001
 -1.2617726e+000
  1.4477295e-001
  7.3311889e-001
  2.0907537e+000
 -2.6362731e-001
  2.8622234e-001
 -1.3609187e+000
  3.6981279e-001
  3.0924475e-001
  3.3415991e-001
  2.1816273e+000
 -2.3821969e+000
 -4.4543893e-001
  1.9840982e+000
 -3.8906936e+000
  1.9933467e+000
  4.1448022e-001
 -1.4882272e+000
  1.3677200e+000
 -1.1023806e+000
  1.6234348e+000
 -2.2991889e+000
  1.8466861e+000
  1.7965925e+000
 -1.5635983e+000
 -1.5485223e-001
  1.0932429e+000
 -1.9257672e+000
 -1.4642304e+000
  1.1397059e+000
 -7.5166592e-001
  4.9547076e-001
 -1.4195549e-001
 -9.1343995e-001
 -3.6337575e-001
  6.1932937e-001
 -5.6708051e-001
  2.0562920e+000
 -2.7430584e+000
  2.5076027e+000
 -2.7268283e+000
  1.2122295e+000
  4.9508466e-001
 -1.5346389e+000
  1.5577296e+000
 -1.8497953e+000
  2.1126904e+000
 -3.0195289e+000
  1.6950790e+000
 -7.4155341e-001
  2.9810355e+000
 -2.5584959e+000
  1.2757513e+000
 -1.8304172e+000
  8.7395242e-001
  5.2804322e-001
 -3.8452035e-001
 -4.3513791e-001
  7.0973979e-001
 -1.1165729e+000
 -1.0733188e-001
  6.9921503e-001
 -2.3828319e-001
  7.0437912e-002
  2.2180389e-001
 -2.7456704e+000
  6.0871783e-001
  2.2295971e+000
  8.4720553e-002
 -1.1280069e+000
  3.7517763e-001
 -1.4782451e+000
  1.7119869e+000
 -4.7533941e-002
  1.0585738e+000
 -1.5998916e+000
  2.6700145e+000
  5.6274550e-001
 -4.7077265e-001
 -1.5646990e+000
 -2.0247525e-001
 -1.2288573e+000
  1.2696272e+000
 -1.0522355e+000
 -3.2520269e+000
  3.0772390e-001
 -4.5931242e-002
  1.8557219e+000
  3.8139366e-001
 -1.7105141e+000
  3.0212110e+000
 -2.3637994e+000
  2.0000932e+000
 -8.9845416e-001
 -1.7077513e+000
 -9.1228043e-002
  1.0827471e+000
  8.6365460e-001
 -3.1126382e+000
  3.2920277e+000
  2.5075320e-001
 -3.8881246e+000
  1.3030151e+000
  1.6453861e+000
 -1.1763578e+000
  8.5174024e-002
  8.9022648e-001
 -1.9463613e-001
 -1.9921398e+000
  1.4057623e+000
 -3.3611020e-001
  4.8267723e-001
 -2.8824541e-001
  8.2185209e-001
  7.8980080e-001
 -2.8077597e+000
  8.1399950e+000
 -4.8814677e+000
 -5.9019446e-001
  1.4016672e+000
  4.2866647e-001
  6.0592053e-001
 -1.9845890e+000
  2.5317965e-002
 -1.2743556e+000
  1.2155445e+000
 -9.9791676e-001
  4.0839473e+000
 -3.7346273e+000
  1.4693935e+000
 -9.6760713e-001
  1.7515201e+000
  1.7389100e+000
 -1.3048920e+000
 -9.8086282e-001
 -2.3995192e+000
 -3.6753540e-001
  1.3495146e+000
 -1.3168297e+000
  3.9941179e+000
  5.4205878e-001
 -3.5496319e+000
  1.8515224e+000
 -2.5206405e+000
  1.6963832e+000
 -8.0495501e-001
 -1.1325810e+000
  3.4441625e+000
 -1.1690432e+000
  1.1562294e+000
 -1.2744779e+000
 -1.1264583e+000
  1.2858649e+000
 -6.3745930e-001
  9.0443050e-001
  1.9620975e+000
  1.4160545e+000
 -3.3605635e+000
  1.3922421e+000
 -2.4865306e+000
  1.3126294e+000
  1.8849352e+000
  1.1149839e+000
 -1.5977514e+000
