  1.0568321e+001
 -4.9662318e+000
 -5.4110085e-001
 -2.4737194e-001
 -1.1702159e-001
 -2.1878897e+000
  2.1368314e+000
 -2.5583141e+000
  3.3164520e+000
  1.6040228e+000
 -2.8395680e+000
 -2.6369870e+000
  4.9806182e+000
 -5.2913905e+000
  7.7628272e-002
 -2.5238887e-001
  1.7970849e+000
  3.3185572e+000
 -4.6557962e+000
  2.6220734e+000
  1.4540921e+000
 -1.4488863e+000
 -8.6748808e-001
  2.4751721e+000
 -2.5852208e+000
  8.3940427e-001
  3.9955931e+000
 -6.2284587e+000
  9.5519066e-001
 -5.6738884e-001
 -5.2027654e-001
  1.8980625e+000
 -1.5403453e+000
  1.6215837e+000
  2.7354198e+000
 -3.2287757e+000
 -6.4926234e-001
  9.4084628e-001
  1.2551193e+000
  2.1779148e-001
 -1.6674374e+000
  6.8888135e+000
 -4.6420549e+000
  1.9497033e+000
 -2.6776625e+000
  1.1448078e-001
  3.1481672e-001
 -1.0603623e+000
 -3.0599541e+000
  1.7823817e+000
  2.5491158e+000
 -1.4894151e+000
  7.5504760e+000
 -8.5521002e+000
  2.8380509e+000
 -8.1886040e-001
 -1.1496928e+000
  1.4575922e+000
  1.2670259e+000
 -2.8008638e+000
  1.0552788e+000
 -1.5653330e+000
  2.5266795e+000
  3.4097579e+000
 -4.5474941e+000
  1.3760590e-001
  1.0897993e+000
  4.4220772e+000
 -4.5689991e+000
  2.5106951e+000
 -4.6982840e+000
  4.9139114e+000
 -1.4857654e+000
 -2.0702363e+000
  1.1885670e+000
 -1.5158934e+000
  4.8092468e+000
 -4.8066096e+000
  6.3039181e-001
  2.1181613e+000
 -3.8172613e+000
  5.4577708e-001
  1.5215131e+000
  1.5470544e-001
  3.0548587e+000
 -2.2645013e+000
 -7.7833560e-001
  3.0622243e+000
 -5.6851750e+000
  3.7808439e+000
  2.0029752e+000
 -2.0520232e+000
 -2.1527628e-001
 -4.0430878e-001
  8.5220878e-001
  4.0410157e-001
  8.7938731e-001
 -2.7669458e+000
  2.4123526e+000
  4.6769154e-001
 -2.8813011e+000
 -7.8004948e-001
  6.8165401e-001
  1.8413439e+000
  4.0234133e-001
 -2.2191790e+000
 -3.4556356e-001
  1.2309476e+000
 -2.4200749e+000
  4.9392752e+000
 -1.8933453e+000
  2.1746176e+000
 -3.3443470e+000
 -1.2869824e+000
  5.4543208e-001
  1.5787178e+000
 -2.0453700e-001
  4.8650727e+000
 -1.9730581e+000
 -5.6628826e+000
  4.0393679e+000
 -5.0228326e+000
  2.4828855e+000
 -2.0855569e+000
  1.5278204e+000
 -1.2090363e+000
  1.6313107e+000
 -3.0844566e+000
  1.5344835e+000
  3.3285299e+000
 -3.7824836e+000
  9.4715318e-001
  1.4427410e+000
 -2.0347166e+000
  8.2191786e-001
  1.6613180e+000
 -1.4474301e+000
  4.2450254e+000
 -3.9904880e+000
 -2.1853414e-001
 -7.6170965e-001
  5.6162588e-002
  3.8106928e-001
  3.5032551e+000
 -1.1693879e+000
 -3.9899440e+000
 -7.0816608e-003
  1.3973873e+000
  5.3171031e-002
  1.9734563e+000
 -9.0569247e-001
 -2.1755555e-001
 -8.5651155e-001
  9.1551971e+000
  3.9705420e+000
 -2.7579700e+000
  9.3896461e-001
  2.6288371e+000
  2.8575221e+000
 -4.0872195e+000
 -6.6503648e-001
 -1.9693700e+000
  2.9805527e+000
  3.0931884e+000
  3.6274463e+000
 -2.4889545e+000
 -9.5602727e-001
 -3.5603089e-001
 -1.8919960e+000
  3.9771034e+000
 -2.2971461e+000
 -1.6348825e+000
  2.5019415e+000
  1.0177837e+000
 -1.5572872e+000
 -9.3747181e-001
  3.2354543e+000
 -7.3046252e-001
  1.0470820e+000
 -3.4478321e+000
  1.3022372e+000
 -2.9633348e+000
 -6.4627189e-001
  2.8894442e+000
  2.5415124e+000
 -1.7433575e+000
 -1.0759162e+000
 -3.3459185e-002
  1.7198471e+000
 -2.6221828e+000
  1.5525104e+000
 -9.7996049e-002
  1.1574651e+000
 -2.0449806e+000
  2.7089791e+000
 -3.3590373e+000
  2.0670405e+000
 -2.0892897e+000
  1.0564587e+000
 -4.0639954e-001
  3.5493336e+000
 -2.1079406e+000
 -1.1568238e+000
  4.1592953e-001
  3.1791088e+000
  3.9552627e-001
 -4.2648652e+000
  1.9142803e+000
 -2.7666003e-002
  3.6001978e+000
 -4.1068891e+000
  7.8600170e-001
  2.8452729e+000
 -2.6083771e+000
 -9.8982943e-001
 -1.1276761e-001
  1.4037670e+000
 -1.8210083e-003
  2.3093479e+000
 -8.9468679e-001
  3.4910160e+000
 -5.7971016e+000
  1.3407884e+000
 -7.9835049e-001
  7.2569519e-001
  5.1760104e-001
  1.2613730e+000
  1.4692675e+000
 -3.9662120e+000
  3.2431229e+000
 -8.4973807e-001
 -4.2018629e+000
  4.5980158e+000
 -3.6949894e+000
  6.4927276e-001
  2.3021893e+000
 -1.4653056e+000
  8.4740626e-001
  1.4596501e+000
 -3.4758034e+000
 -3.2330080e-001
  2.0300061e+000
 -1.4404472e+000
  1.5994247e+000
 -2.0140318e+000
  1.8774799e+000
 -7.0911608e-001
 -9.7216789e-001
  1.7185032e+000
 -1.8087129e+000
  1.0727307e+000
 -1.6719739e+000
  1.7815323e+000
  1.7346962e+000
  2.4132590e+000
  6.0075257e+000
 -3.6564368e+000
 -8.4462920e-001
  8.0870247e-001
  2.8424998e+000
 -3.4738954e+000
  1.8208629e+000
 -2.8318762e-001
 -7.7480972e-001
 -5.4926113e-001
 -1.4390525e+000
  1.7534109e+000
  1.0097153e+000
 -1.1386637e+000
  4.1204726e+000
 -2.1474407e+000
 -3.7346918e+000
  1.5292273e+000
 -4.5186116e-001
  1.2183432e+000
 -1.9086515e+000
 -3.1842702e+000
 -1.4679853e+000
  9.4519489e-001
 -4.2216496e-001
  1.2257950e+000
 -2.5360837e+000
  2.1110170e+000
  2.8541744e+000
  3.4768654e-001
 -3.6587314e+000
  2.7707152e-001
  4.5119299e-001
  3.5953397e+000
 -2.0175974e+000
 -2.4063974e+000
 -1.1497925e-001
 -8.9059546e-001
  4.9351744e+000
 -1.8894215e+000
 -2.9488635e+000
  3.4427716e+000
 -1.0821335e+000
  3.6755628e+000
 -1.5413860e+000
  7.2068575e-001
  1.3226588e+000
 -4.6448056e+000
  1.6578336e+000
  4.4568925e+000
 -2.1281944e+000
 -1.4727665e+000
  1.7861788e+000
 -2.3041247e+000
 -2.0043918e+000
  1.3629422e+000
  9.5390495e-001
  2.8841202e+000
 -3.1318765e+000
 -2.9971273e-001
 -1.7781264e+000
  1.5506989e+000
  3.0328290e+000
 -3.4778487e+000
  5.3816543e-001
  5.0695000e-001
  1.2472805e+000
  6.3554981e-001
 -5.7511886e-001
 -3.9506768e+000
 -7.5501113e-001
  3.3198091e+000
 -4.2828807e-001
  7.3115544e-001
  1.4753476e-001
 -2.2202265e+000
  3.0766282e+000
 -2.4682137e+000
  2.7392229e+000
 -2.4476419e+000
  1.2752349e+000
 -2.5542140e+000
  2.0985821e+000
  9.8328856e-001
 -2.0889906e+000
  6.0693983e-002
  5.6313978e-001
  1.4147128e+000
  2.5061587e+000
 -5.0423062e+000
  2.3257971e+000
 -2.6183198e+000
  1.9553523e+000
 -1.3586753e+000
  5.3061921e-001
 -2.9300864e-001
 -2.7370217e+000
  2.6830109e+000
 -2.1349790e-001
  4.8712709e-001
 -7.8862312e-002
  8.0997878e-001
 -1.5796814e-001
 -2.0770945e+000
  3.7659577e-001
  4.6489529e-001
  3.0151314e+000
  6.9886383e+000
 -9.8202272e+000
 -1.3690267e-001
  1.0219064e+000
 -2.6393397e+000
  2.7321758e+000
 -1.6121852e+000
  1.6460696e+000
  2.8703369e-002
  7.0122030e-001
 -9.0188082e-001
 -5.4431916e-001
 -8.7465046e-001
 -5.5940535e-001
  1.2752973e+000
  1.6516274e+000
  3.2922195e-002
 -1.2728596e+000
 -1.3032795e+000
  1.8550399e+000
 -2.6258311e+000
  3.7635150e+000
 -2.6608204e+000
  6.6904565e+000
 -5.5362131e+000
 -8.4291618e-002
 -2.2896696e-001
  1.7444752e-001
  8.7874759e-001
 -2.0832407e+000
  1.2894881e+000
  3.5673369e-001
 -1.2999711e+000
  4.9758355e+000
 -4.2218100e+000
  1.4221310e+000
 -6.2199091e-001
 -1.5513975e+000
  4.0166998e-001
 -5.5426500e-001
 -1.8522194e+000
  4.4299719e+000
 -3.2102843e+000
  1.3590274e+000
  1.4108340e+000
 -2.3053939e+000
  5.9308847e-001
 -5.6936366e-001
 -2.3237248e+000
 -1.0104994e+000
  2.2149621e+000
 -1.7641549e+000
  2.8768563e+000
 -2.3235667e+000
 -1.2009002e+000
  1.6632599e+000
 -1.5537778e+000
  2.2347355e+000
 -7.0665695e-001
  1.1718563e+000
  1.2579416e+000
 -6.1295926e-001
  3.3927923e-001
 -5.5930623e-001
 -3.2398023e-001
 -1.9165171e+000
 -4.2184090e+000
  2.5181543e+000
 -9.7203865e-001
 -7.3333249e-001
  1.1636753e+000
 -4.1846312e-001
 -4.0329416e-001
 -2.7507082e-001
  1.6305091e+000
 -2.8409835e-001
  2.8996570e-001
 -2.6541671e-001
 -8.1665326e-001
  3.5855557e+000
 -1.2532616e+000
  5.0962980e+000
 -3.5939090e+000
  1.0687608e+001
 -3.1681860e+000
 -3.7400830e+000
  8.7410194e-001
 -3.7413011e+000
  2.9383811e+000
 -1.3748201e+000
  1.9766372e+000
 -3.2225006e+000
  2.6761707e+000
 -4.7390861e-001
 -2.5086273e+000
  1.2648067e-001
  1.7645991e+000
  7.9400780e-001
 -3.5837466e-001
 -7.6998463e-001
 -1.3003255e+000
  2.3472490e+000
 -3.2217486e-001
  1.6060902e+000
 -1.5987789e+000
  5.1838230e-001
  2.3090689e+000
 -2.2754034e+000
  2.0564892e+000
 -1.4781484e+000
 -2.3825446e+000
  3.6599076e+000
  2.3780127e+000
 -4.4455604e+000
  1.5926496e+000
 -1.9779532e+000
 -1.5316140e-001
  1.8906209e+000
 -2.0821912e+000
  1.6193845e+000
 -3.5433559e-001
  2.7740924e+000
 -2.3346700e+000
 -1.0617198e+000
  1.0163636e+000
 -1.9033860e+000
  5.7615501e-001
  1.6335902e-001
  1.8656616e+000
 -2.1693338e+000
  4.9003547e+000
 -5.9443530e+000
 -7.4423495e-001
  6.1640465e+000
 -4.0980281e+000
 -4.3485571e-001
 -1.4167392e+000
  1.3482082e+000
  8.2759412e-002
 -2.3094129e+000
  1.7259958e+000
  2.6990922e+000
 -1.1864673e+000
  3.9367596e+000
 -3.8196636e+000
  1.8681923e+000
  1.4218058e-001
  1.9174919e-001
  2.9368646e+000
 -1.2248092e+000
  8.6212970e-001
  7.4910520e-001
  2.0559120e+000
 -3.9397504e+000
  9.9936583e-001
  7.9598683e-002
 -5.2529730e-001
  6.9575050e-001
  1.2694828e+000
 -2.4585029e+000
  2.1956304e+000
 -1.7004254e+000
 -2.5185273e+000
  2.1959170e+000
 -2.4578608e+000
 -1.9276309e+000
  7.5899408e-003
  1.0242648e+000
  3.6204653e-001
 -1.3278655e+000
  1.9829650e+000
 -1.7926170e+000
  1.5697407e+000
 -1.0138084e+000
  9.9861715e-001
  1.3403420e-001
 -2.5290422e+000
  2.8371727e+000
 -1.2281560e+000
 -7.6037284e-001
  1.1078986e+000
  1.5374748e+000
 -1.4504314e+000
  8.3669278e-001
 -8.6884368e-001
 -7.4784529e-001
  3.1267909e+000
 -2.1869413e+000
  1.5856048e+000
 -7.1331118e-001
  5.6268887e+000
 -5.1734581e+000
 -4.5474643e-001
  6.9134438e-001
 -9.2576221e-001
 -4.8230269e-001
 -1.0018494e+000
  2.4689721e-001
  2.8069365e+000
 -1.3675993e+000
 -8.7472943e-001
  3.0339415e+000
 -3.0226139e+000
  2.6682919e-001
  2.0603450e+000
 -3.0625374e+000
  2.7710768e+000
 -2.9671881e+000
 -1.2379085e+000
  1.9201943e-001
 -2.5157102e-001
  3.5289660e+000
  1.1557159e+000
 -2.2273495e+000
 -8.3675944e-001
  1.6216168e-002
 -3.0641472e-001
  1.3699099e+000
 -2.5290956e+000
 -6.7550678e-002
  3.0460470e+000
 -1.3014974e+000
  4.2607786e+000
 -2.3163549e+000
 -5.9456739e-001
 -8.2469799e-001
 -5.5931528e-001
  9.7913663e-001
 -1.1396476e+000
  1.7113394e+000
 -1.7155348e+000
  1.7973276e+000
 -1.9324811e+000
  1.1497665e+000
 -8.3478361e-001
  9.7040805e-001
  4.7012103e-001
 -2.0824443e+000
  4.1553034e-001
  2.0004470e-001
  9.6683756e-001
  1.0349017e+000
 -1.1462457e+000
  2.0748695e-001
  8.5514439e-001
 -1.5737140e+000
 -5.1956200e-001
  7.0058783e-001
  5.2500053e-002
  4.2021373e+000
 -1.5739864e+000
  4.1597799e-001
  6.8302180e-001
  5.9905317e-001
  2.0452796e+000
  1.5952759e+000
 -1.3627122e+000
 -9.1437075e-001
 -8.9491774e-001
 -3.5370021e-002
  7.9843015e-001
 -4.2407949e-001
  1.6840834e+000
  1.2512633e+000
  1.4302124e+000
 -1.7081548e+000
 -1.1586324e+000
 -6.6141125e-001
 -1.6787605e+000
  2.6419899e-001
  2.4936684e+000
 -1.7135665e+000
  3.3943329e+000
 -1.2248991e+000
  1.2864700e+000
 -1.8127622e+000
  1.5201723e+000
  3.1247068e+000
 -2.4294438e+000
 -1.6177138e+000
 -5.6762577e-001
  4.7196481e+000
 -6.5277846e+000
  4.3359909e+000
 -2.5241528e-001
 -1.9905695e+000
 -1.6144252e+000
  3.5793253e+000
 -1.5419593e+000
  4.3442300e+000
 -2.4055267e+000
 -1.7905716e+000
  8.6902797e-001
 -6.7752817e-001
 -1.6080553e+000
  3.8390723e+000
 -2.9663973e+000
  1.4042611e+000
 -6.8175893e-001
 -3.4266995e-001
 -1.9896462e-001
  1.7423254e+000
 -1.0488395e+000
 -1.9420338e-001
 -1.3438611e+000
  1.0628554e+000
  1.7825720e+000
 -1.9836263e+000
  3.0312053e-001
  4.8882290e+000
 -2.7692937e+000
 -9.8620796e-001
  1.9038477e+000
  9.2878727e-001
 -2.8056694e+000
  9.5823067e-001
 -1.3708453e+000
  3.4514138e+000
  3.2017286e-001
 -1.4248910e+000
  2.9681834e+000
 -4.6146057e+000
  1.3727530e-001
  1.6279294e+000
 -2.7854821e+000
  2.3768367e+000
 -1.7730570e+000
 -2.5056463e-001
  2.5102133e-002
 -1.2211383e+000
  8.2758759e-001
  4.3675965e-002
  9.9766346e-001
  3.6071672e+000
 -5.1330491e+000
  9.4060058e+000
 -2.8159678e+000
 -1.1990733e+000
 -1.8234445e+000
 -4.5938476e-001
 -2.0258701e+000
  2.5330503e+000
 -5.7923349e-001
 -7.2190831e-001
 -1.4375334e+000
  8.9677541e-001
  3.4915249e-001
  3.3052951e+000
 -4.0985011e+000
  6.7655312e-001
 -9.4111580e-001
  2.0181861e+000
  1.3444071e+000
 -1.2745368e+000
  1.4415546e+000
 -1.2153722e-001
 -1.8045398e+000
  1.1924953e+000
 -8.2629364e-001
  1.0472535e+000
 -1.4523971e+000
  2.9259497e-001
 -1.4739193e+000
  1.9933869e+000
  1.2519558e-001
 -5.1532215e-001
 -2.1076640e+000
  1.5779585e+000
  3.2816662e-001
 -1.3635138e+000
  1.4425474e+000
 -5.6052866e-001
  2.0644909e-001
 -1.4229332e-001
  9.1993152e-001
 -1.2594161e+000
  2.4517595e+000
 -9.2199166e-001
 -1.0789362e+000
  2.6953859e+000
 -2.5037678e+000
  1.3070807e+000
  7.3165379e-001
 -3.0351121e-001
 -1.2650115e+000
 -1.0360906e+000
  1.0957102e+000
  1.5820071e-001
 -2.1331369e+000
  2.0332589e+000
 -8.8831124e-001
  1.0748546e+000
 -1.4082028e+000
  4.0150992e+000
 -2.8089901e+000
 -6.9424848e-001
  6.3354819e+000
 -4.5033117e+000
 -1.2148755e-001
  2.3780303e+000
  1.9338577e-002
 -1.3694120e+000
 -1.1619986e+000
  1.0400641e+000
 -2.4225798e+000
  3.9620159e+000
  1.2667595e+000
  1.6182527e-001
 -2.4119938e+000
 -2.3579864e+000
  9.3275083e-001
  2.5647038e+000
  8.2583448e-001
 -4.2660161e+000
  1.8215971e+000
 -4.2726667e-001
  1.3442661e+000
 -3.4464689e+000
 -5.3145215e-001
  2.7317884e+000
  5.4057987e+000
 -4.6510651e+000
  3.5585902e-002
 -1.5608763e+000
  5.1216933e+000
 -4.8203926e+000
 -5.2560025e-001
  5.0708725e-001
  2.3091865e+000
 -3.5955945e+000
  3.5190737e+000
 -2.2738236e+000
  1.4471366e+000
  1.9212395e+000
 -2.6872467e+000
  2.0274182e+000
 -2.4814847e+000
  6.6393121e-001
  4.6246123e+000
 -5.9135586e+000
  1.2278601e+000
 -7.6944596e-001
  4.5390755e+000
 -4.9077250e+000
 -1.1977471e+000
  4.5113600e+000
 -9.7761685e-001
  1.5016093e+000
  2.5734115e+000
 -2.6450499e+000
 -3.5564091e+000
  2.1569641e+000
 -2.8282168e+000
  1.8481154e+000
  1.8301444e-001
 -6.8087918e-001
  2.9832113e-001
  1.7215246e-001
 -2.6116116e+000
 -4.6656051e-001
  4.9049298e-001
  3.7410237e+000
 -5.1899923e-001
  5.2334931e-001
 -5.0329327e+000
  2.3468226e+000
 -8.5389815e-001
 -1.6032647e-001
  2.0353688e+000
 -2.0333390e+000
  1.0073423e+000
  2.8636463e-001
 -1.1354093e+000
 -1.1235028e+000
 -2.9447599e-001
  9.2447699e-001
  3.8591633e+000
 -5.3791691e+000
  7.2616296e-001
  2.7796871e-001
  1.6664276e+000
 -1.4432173e+000
 -8.4864864e-001
  6.4002550e+000
 -6.2429392e+000
  1.3166573e+000
  2.5358006e+000
 -4.4005943e+000
  5.2706801e+000
 -2.5872883e+000
  3.6291091e-001
 -1.5656141e+000
 -8.0234588e-001
  2.3448123e+000
 -1.1487887e+000
 -1.5630949e-001
 -1.8526285e-001
  1.4209143e+000
  1.1545455e-001
 -1.6234703e+000
  9.8908754e-001
  1.2684767e+000
  2.0426035e+000
 -3.1706830e+000
 -8.3085459e-001
  4.7359563e+000
 -1.3891780e+000
 -1.5715597e+000
  1.6615119e+000
 -2.2289834e+000
  1.2260658e+000
  9.7890143e-001
 -3.8929421e-001
 -5.6711813e-001
 -2.0029470e+000
  8.6945359e-001
 -3.6171370e+000
 -1.1344697e+000
  3.5351018e+000
 -2.7671263e+000
  1.0381250e+000
 -1.8663373e+000
 -3.3166675e-001
  2.4052045e+000
  7.9809692e-001
 -1.1939322e+000
  3.7414899e-001
  2.1190121e+000
 -1.3823219e+000
  6.5963165e-002
 -8.6284736e-001
  1.8356614e+000
 -3.9224501e+000
  2.5471719e+000
  2.3668957e+000
 -2.6727543e+000
  7.1041861e-001
  9.5017046e-001
  5.6574305e-001
 -4.1252968e+000
 -1.9311139e+000
  8.6915611e+000
 -5.1487939e+000
 -3.2237910e-001
  3.1149104e-002
  1.7612268e+000
 -2.8865241e+000
  6.8608943e-001
  7.3933178e-002
  2.7299224e-001
 -2.8839991e-001
 -1.0409637e+000
 -1.1367124e+000
  2.4744696e+000
  3.7384170e+000
 -3.3358422e+000
 -1.8408961e-001
 -9.9663656e-001
  2.2499214e+000
 -2.5494184e+000
 -4.1739639e-001
  1.1800092e+000
  3.3851742e+000
 -2.7782498e+000
  1.8157528e-001
 -2.8448704e+000
  1.5084273e+000
  1.0804844e+000
  8.0709228e-002
 -2.4218298e+000
  6.2132128e+000
 -5.0243565e+000
  2.2229500e+000
 -2.8958416e+000
  2.0343615e+000
 -1.6417954e+000
 -1.3928361e+000
  9.7666244e-001
  2.8021036e+000
 -2.0424802e-001
 -1.6879840e+000
  8.2585791e+000
 -5.0938341e+000
 -1.9580091e+000
  2.7877765e+000
  2.0553658e+000
 -2.4784656e+000
 -4.8326499e-001
 -5.9651675e-001
  1.7704616e+000
 -1.7806759e+000
 -2.3347468e+000
  4.9694930e+000
  1.1289258e+000
 -6.2402556e-001
 -1.9561715e+000
  9.4808422e-001
  2.1745579e+000
 -1.8054990e-001
 -2.5209336e+000
  6.5097755e-001
  4.6551726e-001
 -1.6551692e+000
 -2.5057512e+000
  3.0035088e+000
 -1.3135489e+000
  3.2018037e+000
  1.5328021e+001
 -9.3418368e+000
 -9.7595511e-001
 -3.9592776e+000
  4.9751330e+000
 -4.5582642e+000
 -1.5583602e-001
  2.0560117e+000
  4.9802219e-001
 -8.4269264e-001
  9.5769077e-001
  3.0239389e+000
 -2.7170531e+000
 -8.1594355e-001
 -6.1255508e-001
  1.6653833e+000
  1.2773075e+000
 -3.2969799e+000
  3.7423334e-002
  1.2603149e+000
  8.7143927e-001
 -1.6993967e+000
 -3.3908534e-001
  2.6330692e+000
 -2.3826180e+000
  2.6893554e-001
  4.6501186e-001
  6.4655939e-001
 -5.7667467e-001
  1.3325596e+000
 -1.3117386e+000
  2.3105302e+000
  7.7589128e-001
 -3.8758638e+000
  7.0227285e-001
  4.2403090e+000
 -4.9485781e+000
 -2.2070989e+000
 -1.3618713e+000
  3.3421746e-001
  1.0374807e+000
  3.5298726e+000
 -4.3598655e+000
  9.5784451e-001
  2.3665463e+000
 -3.2410610e+000
  2.9080406e+000
  1.8496561e+000
 -4.4450016e+000
  1.4684075e+000
 -6.1366926e-001
  3.8366106e+000
  4.9277977e-002
 -1.5234844e+000
 -9.5631130e-001
  6.2833698e+000
 -9.0202349e+000
  9.3534592e+000
 -5.1331791e+000
 -2.3934823e+000
  4.5847342e+000
 -3.6063579e+000
 -7.2515950e-002
 -8.4117632e-001
 -2.6204732e+000
  4.4406520e+000
  1.5872447e+000
  2.9948566e+000
 -2.6619349e+000
 -4.7695577e+000
  2.4584626e+000
 -1.6282625e-001
  5.8262581e+000
 -5.7917342e+000
