  1.8865434e+002
 -1.8185018e+002
 -1.0316335e+000
 -4.4686800e+000
  3.8071379e+000
  4.4827956e+000
 -4.5348702e+000
 -3.9267377e+000
  2.1624502e+000
  3.0400029e+000
 -4.5461558e+000
  7.1497805e+000
  9.5413531e-001
 -7.1643749e+000
  4.8299111e-001
  1.0057472e+000
 -2.0385805e+000
 -1.2365659e+000
  3.4209017e+000
  1.7303918e+000
 -2.5832171e+000
  1.7097140e+000
  3.3852184e-002
  6.0935145e-001
  4.6826428e-001
 -2.4648354e+000
 -6.9836787e-001
 -7.0107783e-001
  3.9068798e+000
 -3.5882805e+000
  3.7852713e-001
 -2.3034172e-001
 -1.2454538e+000
  2.8190347e+000
  1.3974924e+000
 -2.1982581e-001
  2.9488520e+000
 -6.7407070e+000
  2.1003368e-001
  2.3670358e+000
 -1.5976625e+000
  1.7992043e+000
 -2.0184237e+000
  2.8374572e+000
 -3.1111076e+000
 -1.8415528e-001
  1.0482221e+000
 -6.2450025e-001
 -1.1373945e-001
 -1.2424167e+000
  2.5645881e+000
  1.4665087e-001
  2.1403107e+000
 -2.2846076e-001
 -2.4543338e+000
  1.4084282e-002
 -1.3192961e+000
  2.3776398e+000
 -3.7096818e-001
  9.7237214e-001
 -2.1581176e-001
 -1.2688411e+000
  3.3778059e+000
 -8.2403863e-001
  1.9390558e+000
 -3.6716432e+000
  1.2549409e+000
  1.5042522e+000
 -1.0748915e+000
 -1.9932047e+000
  2.4179967e-001
  1.0644118e+000
  1.0297379e+000
 -2.5688651e+000
  1.1345840e+000
  1.0749005e+000
  3.6203157e+000
 -2.6153176e+000
 -1.0761421e+000
  8.4992740e-001
  1.5999537e+000
 -3.2187655e+000
  1.2851084e-001
  1.4134229e+000
 -2.1457565e+000
  1.6278149e+000
 -7.7794317e-001
 -6.1038085e-001
  6.4592323e-001
 -4.1730118e-001
  2.5903826e-001
  1.1307155e-001
  1.9456908e-001
 -4.7533036e-001
 -3.5540492e-001
 -6.0281446e-002
  8.2507723e-001
 -1.5672597e+000
 -2.7325496e-001
  1.3263900e+000
 -4.6989644e-001
  1.5408593e+000
  1.2331867e+000
 -1.2476904e+000
 -1.3457172e+000
 -3.9355649e-001
  7.2793462e-001
  8.7155005e-001
 -1.5188896e+000
  3.3255915e+000
 -2.3538572e+000
 -1.0551706e+000
 -3.1160580e-001
  2.2812707e+000
 -3.2858616e-001
  2.5815640e-001
  3.7937339e-001
 -2.0368710e+000
  2.7505244e+000
 -1.2437797e+000
  2.0279956e+000
 -4.1074851e+000
  3.9804492e-001
 -1.3166621e+000
  1.3011218e+000
  6.4506027e-001
  1.6849287e+000
 -2.3655389e+000
  6.8047218e-001
 -9.0196751e-001
  4.2660213e+000
 -2.2640762e+000
  1.2144593e-001
 -1.1046845e+000
 -2.1217891e+000
  8.8891662e-001
  4.8080276e-001
 -1.3266199e+000
 -1.9721210e-001
  4.3767458e+000
 -1.7233992e+000
  1.3185768e+000
 -1.3185768e+000
 -1.0866789e+000
 -1.4145291e+000
 -4.9315657e-001
  2.1813496e+000
 -2.0007972e+000
 -6.9763871e-001
  3.6797704e+000
 -3.2214916e+000
  1.6624485e+000
 -5.4272441e-001
 -4.4212447e-001
  3.4106759e-001
 -1.2214223e+000
  1.7933408e+000
 -3.7897742e+000
  9.9616603e-001
  1.4143388e+000
 -1.6194456e-001
  1.3748507e+000
 -1.8466288e+000
  4.8399821e-001
  4.3453270e+000
 -3.3390606e+000
 -1.8762597e-001
  2.9986098e+000
 -3.4834668e+000
  4.5381944e-001
  3.7819611e-001
 -1.2564097e-002
  6.7083191e-001
 -8.1574919e-001
  4.3423460e+000
 -3.5845250e+000
  4.7471524e+000
 -2.6496710e+000
  4.2300487e-001
 -4.9164453e-002
  3.6060107e+000
  1.7785145e+000
 -2.7404636e+000
  9.3015951e-001
 -3.6213953e-001
  5.0368415e-001
  5.2951546e-001
 -1.0384665e+000
 -4.9119854e+000
  5.0387579e+000
 -1.5427743e+000
  1.2675481e+000
 -4.7533059e+000
  2.4877753e+000
  1.2477002e+000
 -1.3532026e+000
 -4.1167253e-001
  1.7187981e+000
 -1.2976778e+000
 -8.5455830e-002
  7.1574787e-001
 -1.9282202e+000
 -2.0363955e-001
  1.6221923e+000
  3.4852041e+000
 -1.3000833e+000
 -2.9908219e+000
 -1.0093912e+000
  9.6656946e-001
  2.9328458e+000
 -3.3635702e+000
  8.5984104e-001
  7.9833558e-001
 -2.2215027e+000
  3.6189894e-001
  5.7437839e-001
 -8.6523136e-001
  9.7052512e-001
  6.2705988e-001
 -2.3405010e-001
 -1.7105092e+000
  5.5731107e-001
  3.1060243e-001
  1.4104298e+000
 -1.4653355e-001
  4.4051366e+000
 -3.8420504e+000
  2.8792561e-002
  3.5975125e+000
 -4.6496813e+000
  1.9678729e+000
 -7.8363398e-001
 -2.2630437e+000
  3.4812523e+000
 -4.0620797e+000
 -1.1427410e-001
  6.6077217e-001
  5.3775562e-001
 -2.5313568e+000
  2.4633068e+000
  9.7673339e-001
 -2.1007588e+000
  2.6392151e+000
 -1.1370275e+000
  2.1806373e+000
 -3.9262851e+000
  2.6284169e+000
 -1.8177999e+000
 -1.2302590e+000
  7.9700681e-001
  1.2689755e+000
 -1.9813600e+000
  5.5656639e-001
 -6.3093271e-001
  2.0957838e+000
 -1.7470070e+000
  1.7059648e-001
  1.8973996e-001
  3.9594668e-001
 -4.4343152e-001
 -2.0792981e+000
  1.7340735e+000
 -1.4555230e+000
 -1.0525954e+000
  6.1029188e-001
 -1.8268178e+000
  2.1396060e-002
  9.8940437e-001
  4.0040640e+000
 -1.7509890e+000
 -2.7810675e+000
  2.4791456e+000
  1.3342429e+000
 -2.1367486e+000
 -1.6560080e+000
  3.8801273e+000
 -2.5413907e+000
  6.0473698e-001
  9.1312859e-001
 -2.8453621e+000
  3.6624188e+000
 -4.1822395e+000
  2.5498029e+000
  5.4166657e-001
 -2.3041697e+000
 -9.2020699e-001
  4.4275724e-001
  1.4403710e+000
 -3.1785963e-001
 -1.0585445e+000
  2.4164184e+000
  1.4290982e+000
 -9.3223897e-001
 -2.2572275e+000
  2.0423169e+000
 -4.2166760e-001
 -1.7347217e+000
  2.0454842e+000
 -1.4427893e+000
  1.9054193e+000
 -1.2180730e+000
 -5.8419643e-001
 -1.2795489e+000
 -8.3454180e-002
  1.1674679e-001
  2.2745342e+000
 -2.1904386e+000
  3.0248250e-001
 -3.9255851e-001
  1.1843626e+000
  1.6599856e-001
 -2.1862115e-001
  1.4401800e+000
 -1.6468621e+000
 -5.7724706e-001
  2.5229416e+000
 -2.1969828e+000
  2.7643291e+000
  6.3371808e+000
 -9.7481294e+000
  4.5830530e+000
 -4.3547201e+000
 -4.3751605e-001
  2.0524847e+000
 -1.9121442e+000
  4.2929447e-001
  2.2990893e+000
 -4.0363197e-001
  1.3737649e+000
 -2.6566421e+000
 -1.0599013e-001
 -1.6213734e+000
  1.8450815e+000
 -1.2074770e+000
  2.4272104e+000
  2.9632349e-001
 -3.1747288e+000
 -1.8768099e+000
  2.3562787e+000
 -7.8656192e-001
 -1.0647099e+000
  4.9273041e-001
  3.4771409e+000
 -2.3731985e+000
 -8.6344378e-001
  5.4964433e-001
  2.1082945e-002
 -2.9911800e-001
 -1.1146436e+000
  1.7139502e+000
  2.2911161e-001
  7.5569884e-002
  6.5812617e-001
  4.8459523e-001
 -4.8044451e+000
  3.4849371e+000
 -3.3856953e-001
  1.2220437e+000
 -3.2510977e+000
 -7.8054288e-001
  3.1460352e+000
 -2.1957039e+000
  1.1686677e+000
 -3.4186124e-001
  2.5046760e+000
 -1.2903260e+000
 -1.0555004e+000
 -3.0526247e+000
  5.8394416e+000
 -5.0699863e+000
  1.3570621e+000
  6.8583701e-001
  3.9843539e+000
 -1.2473282e+000
 -1.9355627e-001
  1.2833235e+000
 -1.0665226e+000
 -2.1859996e+000
  1.8714937e-001
  1.6105921e-001
  2.0409114e-001
  6.5908732e-001
 -1.3217313e+000
  1.5243593e+000
 -2.0706511e+000
  2.1932882e+000
 -1.5830159e+000
  7.7842315e-001
  6.4712831e-001
 -4.7816319e-001
 -7.2560234e-001
  9.8836082e-001
  5.7155176e-001
  9.7712089e-001
 -1.0347827e+000
 -1.6276268e+000
  4.1585674e-001
  3.8796324e-001
  9.3394598e-001
 -6.7978955e-001
  1.1679583e+000
 -2.8354892e-002
 -1.8009794e+000
  1.7470608e+000
 -5.7460625e-001
 -3.3351107e-001
  1.1422147e+000
 -7.0494411e-001
  1.3630775e+000
  3.3266725e+000
 -5.2531253e+000
  2.2489971e-001
  2.6189763e+000
 -3.8239142e+000
  2.0899599e-001
  1.4419893e+000
 -1.6759448e-001
 -8.2155950e-001
  1.0623509e+000
  2.5405208e+000
  1.1175984e+000
  3.8032728e+000
 -9.0123474e+000
  1.2043250e+000
 -1.6774236e+000
 -3.3533315e+000
  3.4323517e+000
 -2.3846758e+000
 -1.4579890e-001
  2.5695559e+000
 -2.0810848e+000
  3.9495994e-001
 -1.1491405e-001
 -1.6639381e+000
  4.7442807e-001
  1.3221227e+000
  9.3930372e-001
 -1.1585271e+000
  3.4152941e+000
 -1.1267942e+000
 -1.1082977e+000
  3.6476108e+000
 -5.5108923e+000
  1.7171910e+000
 -5.7486165e-001
  4.2980707e+000
 -5.6184059e+000
  3.8202929e+000
 -7.6546527e-001
  1.8142783e+000
 -7.8921552e-001
  1.3201599e-001
  2.8720399e+000
 -4.8939442e+000
 -9.2721057e-001
  2.2320216e+000
 -1.1152679e+000
 -2.4532898e+000
  1.7548808e+002
 -1.7126542e+002
  3.3269049e-001
 -3.1473428e+000
  2.5862910e+000
 -2.8243019e-001
 -2.8845326e+000
  3.1286784e+000
 -5.0031619e-001
  1.4543361e+000
 -2.2391606e+000
  1.5727925e-001
 -6.1041384e-001
  7.6838961e-001
 -1.2913808e+000
  3.1395413e+000
 -3.2742983e+000
  5.0342263e-001
  1.0116554e+000
 -3.5331027e-001
  1.6180492e+000
 -2.2370330e+000
  7.6742712e-001
  6.0434775e-001
  1.8858290e-001
 -1.0185646e+000
  1.2785016e+000
  2.7955339e+000
 -3.8097133e+000
  7.7226860e-001
  5.3041327e-001
 -2.1080300e+000
  1.8605660e+000
 -7.5916608e-001
  3.0516293e-001
  6.7924385e-001
 -2.2980886e-001
  1.5347014e-001
 -1.1565873e+000
  2.0434241e+000
 -3.2194057e+000
 -3.2734950e-002
  4.9159500e-001
  3.9498447e-001
  7.0241066e-001
 -2.2149735e-001
  3.1743665e-001
 -1.1030528e+000
  2.7847121e+000
 -2.2101691e+000
  2.6096178e-001
  1.7401744e+000
 -2.1452372e+000
  2.4734331e-001
  8.9755823e-002
  4.6911401e-001
 -3.4162512e+000
 -1.8273591e-001
  2.5659350e+000
  6.7928200e-001
  4.1688795e+000
 -5.7777129e+000
  1.0804018e+000
 -8.9517763e-001
 -7.9226595e-001
 -9.7593585e-002
 -3.6229491e-001
  3.5287754e+000
 -3.9517545e+000
 -3.9829490e-001
  4.5920361e+000
  2.8529259e-002
 -2.0436707e+000
 -1.8008011e+000
  2.1734518e+000
  2.1480654e+000
  1.7974425e+000
 -4.8984113e+000
 -2.4623835e-001
  1.1797900e+000
 -6.1085617e-001
  5.3072414e-001
 -1.1806732e+000
  1.1077116e+000
 -1.4894632e+000
  8.1510776e-001
  3.4603429e-001
 -2.3107589e+000
  9.0385760e-001
 -1.4470909e+000
 -6.7998776e-001
 -5.9566739e-001
  2.3549422e+000
 -1.9800236e+000
  1.1104451e-001
 -3.0253547e-001
  5.0186013e-001
 -8.8919227e-001
  1.0642800e+000
 -1.3075064e+000
  7.6922780e-001
 -5.5569967e-002
  2.5960417e+000
 -2.1462478e+000
  9.4782295e-001
 -2.9030607e-002
 -1.2076908e+000
  1.8508929e+000
 -2.2009869e+000
  1.7061566e+000
  1.7248346e+000
 -1.2364336e+000
 -8.2826666e-001
  7.2089820e-001
 -1.6036575e+000
  1.5357117e+000
 -3.1513765e+000
 -1.6518272e+000
  1.9677930e+000
  1.6787617e+000
 -3.5785457e+000
  1.6456757e+000
 -5.4754298e-002
  5.9597135e-001
  1.4875884e+000
 -2.7769574e+000
 -1.2715746e-001
  1.1396596e+000
  2.4872255e+000
 -2.4149511e+000
  1.9538328e+000
  3.4309899e+000
 -7.4640297e+000
  3.4330360e+000
 -2.3383836e+000
  1.0680323e+000
  1.7581295e-001
 -2.3434705e+000
  3.1418657e-001
  4.0401268e+000
 -2.2535366e+000
 -6.8260284e-001
 -8.4041755e-001
  1.4784201e-001
  3.6212746e+000
  8.3585189e-001
 -3.5325887e+000
 -1.7053943e-001
 -2.1254652e-002
  1.0254443e+000
  2.0361249e+000
 -3.0932351e+000
  2.7742661e+000
 -1.7811822e+000
 -1.9537541e+000
  1.1117863e+000
 -4.9546835e-001
 -6.2547606e-001
 -1.3351606e+000
 -3.2333067e-001
 -6.0418702e-001
  1.4154383e+000
 -9.4255759e-001
  4.4667690e-001
 -1.2051148e+000
  3.6354517e+000
 -3.2110140e+000
  2.3622409e+000
 -2.3075195e+000
  5.9704392e-001
  6.5401128e-001
 -1.7530514e+000
  1.8374581e+000
  1.9501152e+000
  5.3007684e-001
 -1.8328557e+000
 -2.7900019e-001
 -1.1224563e+000
  3.9645574e-001
  1.0207903e+000
 -1.2918430e+000
  1.4341953e+000
 -1.0603858e+000
  2.4698967e+000
 -4.1650982e+000
  4.2221429e-001
  2.0529689e+000
  1.5091233e-001
 -1.4819340e+000
 -1.0524613e+000
  3.6852372e+000
 -2.6284184e+000
  1.1409289e+000
 -1.5930789e+000
  1.6206573e+000
  3.5517957e+000
 -3.9774497e+000
 -2.2306194e-001
  5.0613076e-001
 -2.0105555e+000
  2.1899430e+000
 -2.9886158e+000
  3.9595641e+000
  3.8018735e+000
 -5.1212093e+000
  2.2017624e+000
 -3.6771823e+000
  6.8222202e+000
 -7.1905210e+000
  3.3274902e+000
  4.2319891e-001
  9.1527225e-001
 -2.0024822e+000
  1.0507158e+001
 -1.2224802e+001
  7.7396630e-001
 -9.3068414e-001
  1.8923455e+002
 -1.8610654e+002
  1.4260389e+000
 -6.5767181e-001
  7.2372898e-001
 -1.3787248e+000
 -1.2344619e+000
  1.1459440e+000
 -4.6149833e-001
  1.5111298e+000
 -2.7400950e+000
  2.7694542e+000
 -2.5269832e-001
 -2.0509933e+000
  3.7006255e-001
  3.4097127e+000
 -2.1281891e+000
 -1.3288582e+000
 -1.1302988e+000
  2.8349267e+000
 -1.7254201e+000
  9.7773611e-003
  8.7970164e-001
 -1.2240536e+000
  7.5065346e-001
  7.3122497e-001
 -1.0319348e+000
  3.0481051e+000
 -1.9808348e-001
 -1.0641278e+000
 -2.1855612e+000
  2.5130080e+000
 -2.8682992e+000
  2.5703281e+000
 -1.5881636e+000
  7.8797238e-003
  1.1765924e+000
 -1.5950778e+000
  1.4400022e+000
 -1.4667820e+000
 -4.3886737e-001
  2.8602259e+000
 -7.2557948e-001
 -6.0872903e-001
  1.4644309e+000
  4.4965701e-001
  5.8673913e-001
 -3.5976433e+000
 -1.0355138e+000
  4.2852915e+000
 -4.1790841e+000
  2.0423202e+000
  2.1804750e+000
 -3.1207844e+000
  2.6346937e+000
 -2.9775850e+000
  1.2733253e+000
 -1.5505265e+000
  2.4044160e+000
 -1.2730336e+000
 -9.9553404e-001
  1.3140939e+000
 -1.3140949e+000
  5.4192431e-001
 -2.0136653e-001
  1.1208381e+000
 -1.6916011e+000
 -1.0299357e-001
  1.3382877e+000
  4.4766881e-001
 -1.9694849e+000
  2.0697581e+000
  1.0033547e+000
 -2.1291102e+000
  1.0804722e+000
  9.6674821e-001
 -1.3051560e+000
 -6.2177918e-001
  7.7739413e-001
 -7.0386077e-001
  8.9097248e-001
 -5.5442558e-001
  2.8676519e+000
  1.5310855e+000
 -1.3327654e+000
 -6.5759682e-001
  7.7847025e-001
 -1.6975015e-001
  3.2102858e-001
  1.3316787e+000
 -1.2798958e+000
 -3.0156377e-001
  4.0038093e-001
 -2.3037236e+000
  3.5745273e+000
 -2.4241973e+000
  1.6667975e+000
 -1.0407680e+000
  2.1731047e-001
  7.2836470e-001
  4.7699517e-001
 -9.9239024e-001
 -1.5149129e+000
 -1.2423904e+000
  7.3651313e-001
  3.2555599e+000
 -3.7182050e+000
  3.8223620e+000
  1.2958012e+000
 -1.7622972e+000
 -2.0666512e+000
  1.9658894e+000
 -1.6619827e+000
  2.0277221e+000
 -1.6357793e+000
 -2.0207924e+000
  9.0532404e-001
  1.9382628e+000
 -3.1079177e+000
  5.5901190e+000
 -2.8006800e+000
 -4.1022615e+000
 -4.1092329e-001
 -8.7731558e-001
  5.4131572e+000
 -1.3089367e+000
 -1.1619754e+000
  1.7169020e+000
 -1.3512939e+000
 -1.3035862e+000
  4.0653023e+000
 -2.6946874e+000
  2.8705952e-001
 -5.9863162e-001
  2.7484610e+000
 -1.0814788e+000
  3.3797513e+000
  7.4239319e-001
 -1.1973157e+000
 -2.4633589e+000
  8.4756541e-001
 -4.6500951e+000
 -9.5476031e-002
 -1.0254825e+000
  2.9588022e+000
 -4.7649020e+000
  1.1987766e+000
  3.5384197e+000
 -4.0440162e+000
  3.1254025e+000
 -5.2801798e+000
  1.9121185e+002
 -1.8539552e+002
 -8.0622672e-003
 -2.7406663e-001
 -2.6359797e+000
  4.4905394e+000
 -6.3734785e+000
  4.3061064e+000
  1.6583011e+000
 -6.3978834e+000
  3.9512388e+000
 -2.8130457e+000
  1.6260823e+000
 -2.0041069e+000
  1.4300301e+000
 -5.7616748e-001
  2.7073540e-001
  9.9897033e-001
 -1.7455437e+000
  3.3674862e+000
 -1.5531193e+000
 -2.1096495e-001
 -5.7187142e-003
 -1.2876853e+000
  1.3453506e+000
  5.6750235e-002
  3.3879999e-001
 -4.8319458e-001
  2.5254868e-001
 -1.7916504e-001
  1.2513911e+000
  1.8285250e+000
 -2.4539594e+000
 -9.2600850e-001
  6.0164845e-001
 -1.2626916e+000
  2.5426486e+000
 -1.2525192e+000
  2.7273064e+000
 -1.3080420e-001
 -3.8998955e+000
  4.5137486e-001
  1.1935809e+000
 -1.2104769e+000
 -7.8491419e-001
  8.7994977e-001
  1.0645196e+000
  1.1996326e+000
 -2.4203597e+000
  1.7493082e+000
 -1.9046924e+000
 -3.9707437e-001
  1.4919022e-001
 -4.9122740e-001
 -1.0043954e+000
  1.9531842e+000
 -6.6853839e-001
 -1.1815149e+000
  2.5671168e-001
  3.0878043e-001
 -4.1896359e-001
  6.3397039e-001
  1.2797596e+000
 -2.3887526e+000
  2.1237888e+000
 -1.4625095e+000
  2.1609800e-001
 -1.5186651e-001
 -7.1673870e-001
  2.1438355e+000
 -9.8354666e-001
  6.5903836e-001
  7.3411279e-001
  8.2389890e-002
 -2.3638235e+000
  1.5821558e-001
  2.7936522e+000
 -3.6205667e+000
  3.4901260e+000
  1.0933110e+000
 -2.4611262e-001
  6.5782627e+000
  5.1878371e-001
  3.7186411e+000
 -1.9029884e+000
  5.1375568e-001
  2.0492158e+000
 -1.0875312e+000
  2.8549543e-001
 -1.7033939e+000
  5.7395973e-001
  1.6205908e+000
 -1.8135640e+000
 -3.2411171e-002
  2.2831483e+000
 -1.5052443e-001
 -2.1002127e+000
  1.6262527e+000
 -1.1854883e-001
  4.9269363e-001
 -1.4891511e+000
  1.0216306e-001
  2.0268270e-001
  1.9338670e+000
 -1.9275922e+000
 -4.3713365e-001
  3.6794635e+000
 -1.3229776e+000
 -3.3154868e-001
  1.3958625e-001
 -3.2698390e-001
  2.8638725e+000
 -5.1476910e+000
 -7.8639668e-001
 -2.3670492e+000
  2.3495145e+000
 -3.6507842e+000
 -3.3775134e-001
 -8.0904192e-002
 -1.2654915e+000
 -3.0886967e-001
  9.0809850e-001
 -7.2848870e-001
  2.3074658e-001
  1.8687068e+000
 -1.6510435e+000
 -8.7731146e-001
 -1.6542632e+000
  1.0579185e+000
  1.0688975e+000
 -1.9778221e+000
  1.8250915e+002
 -1.7844376e+002
 -1.9768991e+000
  4.5270660e+000
 -7.4003994e-001
  3.0562408e-001
 -1.4355981e+000
 -3.1452306e+000
  1.7131917e+000
 -3.1809448e-001
  2.4490389e+000
 -2.0405035e-001
 -1.9372412e+000
 -8.5441437e-003
 -9.0788179e-001
 -1.7038194e-001
  3.1809558e+000
 -3.4787376e+000
  2.0931092e+000
 -3.4915776e+000
  3.3273679e+000
 -8.4465203e-001
 -1.8036072e+000
  2.5132706e+000
  3.3697934e-001
  2.2515117e+000
 -1.5566057e+000
 -1.1266977e+000
 -3.3376627e-001
 -3.1389993e-001
 -7.5816860e-001
  3.5394205e+000
 -1.5838540e+000
 -1.7014533e+000
  1.6683021e+000
  2.1432700e+000
 -4.1756125e+000
  5.4819063e-001
  1.4278573e+000
  3.4224000e-001
  2.8071155e+000
 -2.6751629e+000
  3.8430496e+000
 -2.5114541e+000
 -1.0041918e+000
 -2.1459603e+000
  7.9632699e+000
 -2.0161596e+000
 -2.3767726e+000
  5.4903320e-001
  2.2066215e+000
 -1.7460873e+000
 -1.3927197e-001
  9.2343226e-001
 -4.9295232e-001
 -3.0346583e-001
 -2.7954221e+000
  3.4659148e+000
 -6.2108681e-001
  1.0920936e+000
  1.9693205e+000
  2.2834245e+000
 -3.0240689e+000
  4.0724025e+000
 -1.1844468e+000
 -2.9460517e+000
 -9.7443693e-001
  3.0534525e+000
 -1.7565332e+000
  4.3540923e+000
 -3.2626562e+000
  1.7326468e-001
  2.9646127e+000
  2.4110719e-002
 -8.6851342e-001
 -3.6176225e+000
  5.0514225e+000
 -3.7347413e+000
  7.3124639e-001
  7.2512915e+000
 -6.9227060e+000
 -5.4225948e-002
 -5.3626585e-001
 -3.8636003e-001
  2.9180651e+000
 -1.6081518e+000
  5.3177138e-001
  2.1108888e+000
 -3.1596380e-002
  7.9302576e-001
 -1.9650642e+000
  1.7989284e+002
 -1.7716555e+002
  6.9319324e-001
  7.8286091e-001
  1.8299481e+000
 -4.3410130e+000
  1.5057191e-001
  6.5886694e-001
  1.7610169e+000
 -3.0289980e+000
 -1.0737360e+000
  4.3847228e+000
 -1.0094561e+000
  1.2995015e+000
 -2.5033876e-001
 -2.8981300e+000
  1.4983215e+000
 -1.0583801e+000
 -2.4940804e-001
  3.6426056e-001
  1.8835273e+000
 -1.8025512e+000
  1.8250272e+000
 -1.0494693e+000
  1.4357828e+000
 -2.6406634e+000
 -1.4861223e-001
  1.4963114e+000
 -2.3721478e-001
  1.3066424e+000
 -2.2261765e+000
  3.0364105e+000
 -3.5601064e+000
  5.7355485e+000
 -5.7512058e+000
  2.8740469e-001
  2.7349499e+000
 -1.4695749e+000
  9.6466252e-001
  4.4387942e-001
  4.1332796e-001
 -3.1633714e+000
  3.9071763e-001
  5.6580200e-001
 -1.0704571e+000
 -4.2246273e-001
  7.9301277e-001
  1.1070943e+000
 -2.0928193e+000
 -1.9337780e-001
  3.9200367e+000
 -5.5118513e+000
  2.4043801e+000
  1.2323742e+000
  1.0416039e+000
 -1.6902625e+000
 -1.3379934e+000
 -5.3005172e-001
  2.0205788e+000
 -9.7594001e-001
  4.9041389e+000
 -4.7586706e+000
 -1.0163007e+000
  9.4399046e-001
 -2.9263706e-001
  9.0371037e-001
 -8.2527510e-001
  1.3988777e+000
 -4.2495178e-001
  5.7652503e-001
 -1.9563170e+000
  3.3666463e-001
  2.1740823e+000
 -1.2675943e+000
  3.8901186e-001
 -1.2917948e+000
  3.0121008e+000
  1.8362748e+002
 -1.8053871e+002
  4.3869246e-001
 -7.6624894e-001
 -6.1731518e-001
 -1.8857226e-001
 -3.8714240e-001
  8.7266958e-001
 -1.2884194e+000
  1.8162527e+002
 -1.7811510e+002
  3.3922742e-002
 -1.4981465e+000
