  6.3454270e+000
 -3.1777780e+000
  2.8541870e+000
 -2.2022426e+000
 -5.7019413e-001
 -7.4796869e-002
 -8.5317901e-001
  1.2551236e+000
 -1.6311391e+000
 -8.3522954e-001
  4.4226503e+000
 -2.5687589e+000
 -2.2715535e-001
 -1.5387424e-001
  1.1787415e+000
 -3.1261729e+000
  2.9236196e+000
 -2.1492283e+000
  4.1200359e-001
  6.6898135e-001
  8.1340485e-001
 -5.4944877e-001
 -1.1456011e-001
  1.5732613e+000
 -1.1358164e+000
 -2.6549892e-001
 -1.8604328e+000
  2.1235933e+000
 -2.2058320e+000
  2.2750859e+000
  8.5463040e-001
 -1.8212029e+000
 -4.6758935e-001
 -1.2564473e-001
 -4.6864840e-001
  2.8276316e+000
  8.8262486e-002
 -1.7923113e+000
  8.5725920e-001
 -6.8460170e-001
  2.2282716e+000
 -4.0354012e+000
  1.5965346e+000
  8.0501969e-001
  2.4801081e+000
 -2.9870594e+000
 -1.0093773e-001
 -1.4638563e+000
  2.3930213e+000
  2.2781615e+000
 -2.7355352e+000
  2.0421752e-001
  5.5405024e-001
  2.7658084e-001
 -8.2100983e-001
 -4.1460424e-001
  5.5661368e-001
  1.5425848e+000
 -2.6855886e+000
  3.9504467e+000
 -2.0533815e+000
 -1.9352468e+000
  2.9185322e+000
  3.6156512e+000
 -5.5756191e+000
 -2.7679423e-001
  3.5371852e+000
 -2.6981893e+000
  9.8023515e-001
 -2.2049837e+000
  9.0859268e-003
  3.7477168e+000
  3.1023773e-001
 -1.9121802e+000
  3.1181429e+000
 -1.4135014e+000
 -5.0343442e-002
  1.0108050e+000
 -2.6195659e+000
 -1.1103117e+000
  3.9698495e+000
 -2.6191972e+000
 -1.0187881e+000
  1.9055351e+000
  8.4058218e-001
 -6.2660871e-001
 -8.2447696e-001
  3.1907967e+000
 -3.6751264e+000
  1.0920033e+000
 -2.2425404e+000
 -8.1592948e-001
  6.5162799e+000
 -3.4485777e+000
 -3.2221721e+000
  3.3748701e+000
  2.5413700e+000
 -7.2855160e-001
 -1.9011504e+000
 -2.5884781e+000
 -1.9963201e-001
  1.5603478e+000
  6.1213755e-001
  7.4884813e-001
 -9.5203909e-001
  7.6774090e-001
 -2.3487867e+000
  2.2749309e+000
  4.6573783e-001
  9.7769742e-001
 -2.2627700e-001
  9.2185476e-001
 -7.1485785e-001
 -2.5071868e+000
  1.6995931e-001
  1.4709538e+000
 -8.5754544e-001
  2.9837173e-001
  1.3947853e-001
 -4.6663572e-001
  2.0587466e+000
  9.7939790e-002
  6.5795919e-001
  5.3041299e-001
 -3.0954060e+000
 -4.6408222e-001
  3.5619167e+000
  1.2137920e+000
 -4.0638393e+000
  2.3809582e-001
 -3.9599351e-002
 -2.0694597e+000
  5.9505626e-002
  2.2890433e-001
  5.7923832e-001
 -9.4303472e-001
 -1.9970986e-001
  2.3777710e+000
  1.9616500e-001
  1.1719888e+000
 -2.0425983e+000
  4.8985492e-001
 -8.9130247e-001
 -1.0965660e+000
 -8.4188941e-001
  1.3158427e+000
 -1.3283397e+000
  1.5583265e+000
  4.9949163e+000
 -4.0436134e+000
  5.3096893e-001
 -2.0241627e-001
  6.4589366e-001
  2.0860379e+000
 -1.6821368e+000
 -6.4041610e-001
 -9.7423631e-001
  6.1222256e-001
 -1.0035459e+000
  3.9199501e+000
 -2.9014742e+000
  1.8302559e+000
 -1.7709342e+000
 -1.0617638e-001
 -6.4720098e-001
  1.0165881e+000
 -8.3215221e-001
  4.1594276e-001
 -3.0204627e-001
  4.7141680e-001
  3.1364577e+000
  4.0571011e-001
 -2.6089935e+000
  1.8585820e+000
 -3.2321187e+000
  3.6950479e+000
 -9.7187430e-001
 -3.3783588e-001
 -1.1183168e+000
  1.6454170e+000
  1.5521656e-002
 -4.7692751e-001
  2.6002138e+000
 -1.9731882e+000
  7.7960310e-001
  6.3716625e-001
 -3.5132418e-001
 -1.2790016e-001
 -1.0176574e+000
  5.2713935e+000
 -3.7736083e+000
 -2.4707539e-001
  2.7423697e-001
 -5.3417337e-001
  1.3391048e+000
  1.1940951e+000
 -1.8846757e+000
 -1.5313023e-001
  3.5931615e+000
 -5.9546297e+000
  7.4805300e+000
 -6.5197488e+000
  1.0342649e+000
  2.6659011e-001
 -4.9109843e-001
  4.0570940e-002
  3.3671258e+000
 -2.8255607e+000
 -7.8988053e-001
  3.5678579e+000
 -1.6747092e+000
  2.2093790e+000
  1.7429365e+000
 -3.7492532e+000
 -7.8559882e-001
  3.2641211e+000
 -2.1022457e+000
 -9.3270836e-001
  1.8204536e-001
  3.2801623e+000
 -6.0647256e+000
  3.4124026e+000
 -7.3898600e-001
 -1.6563952e+000
  1.3183608e+000
  8.4419165e-001
  1.4586964e+000
 -2.1135141e+000
 -3.3121460e-001
 -3.4626115e-001
  5.1779225e-001
  1.0682753e+000
 -1.3426276e+000
 -1.0828155e+000
  3.5458758e+000
  7.0126350e-001
 -1.6018494e+000
 -7.6299205e-001
  3.2728050e+000
 -4.0296276e+000
 -2.5979419e+000
  1.7287426e+000
 -1.9194717e-001
  1.2632056e+000
 -4.3724331e-001
  1.1906690e+000
  1.1242649e+000
 -2.4556140e+000
 -8.9152843e-001
  4.6255898e+000
 -2.8255454e+000
  2.1810783e+000
 -3.4354904e+000
 -6.8200925e-001
  8.3582974e-001
  7.1101030e-001
 -1.1440526e+000
  1.3467151e+000
 -1.0853840e+000
  2.1632988e+000
 -2.4685360e+000
 -7.8835848e-001
  2.2348942e+000
 -1.5725935e+000
  2.0993211e+000
 -1.8241133e+000
  1.8404336e+000
 -2.4747970e+000
  1.1514354e+000
  1.5464640e+000
 -1.1414513e+000
  7.1167619e-001
  2.9168445e+000
 -3.0415426e+000
  3.2115197e+000
  2.2700986e-001
 -2.2528202e+000
 -4.2600400e-001
  2.2300827e+000
  2.0942282e-002
 -1.2623490e+000
  4.3489513e+000
 -4.0722458e+000
  7.9881188e-001
 -1.4956841e+000
  9.4031107e-001
  2.2800449e+000
 -2.9209960e+000
  1.7207899e-001
 -3.4229924e-001
  1.6681671e+000
  1.9176122e+000
 -1.9176137e+000
  3.0010319e-001
 -1.9190374e-001
  3.1851119e-001
  2.4604292e-001
 -9.8834579e-001
  1.6007745e+000
  2.2913068e+000
 -1.6528153e+000
 -4.0555407e+000
  1.0588431e+000
  3.6998616e+000
 -1.2676163e+000
  2.9921793e-001
 -6.5669271e-001
  1.2342010e+000
 -7.4384095e-001
  2.1425091e-001
 -2.5724390e+000
  8.8178391e-001
 -5.6185997e-001
 -1.8195970e-001
 -1.0258763e+000
  3.9312418e+000
 -1.4140168e+000
 -4.8594073e-001
  5.0633142e+000
 -4.0295548e+000
  2.4565676e+000
 -1.9871262e+000
  1.6737535e+000
 -2.6259520e+000
 -1.7456754e-001
  3.6728132e-001
 -2.2715174e+000
  4.1864731e-001
  4.1808150e-002
  2.1318889e+000
 -9.3714675e-002
 -9.2591616e-001
 -4.2126810e-001
 -1.6827273e+000
  6.5342440e-001
  2.1691370e-001
 -2.6604174e-001
  8.2140165e-001
 -9.3699044e-001
  9.0989957e-001
 -1.9468777e+000
 -4.2503847e-001
  2.0533943e+000
 -6.8999656e-001
  1.0508092e+000
 -1.2551806e+000
  1.5901319e+000
  6.0524162e-001
 -1.8485886e+000
 -1.4289762e+000
  1.0262396e+000
  2.4855174e-001
 -2.6032027e-002
 -2.7094454e-001
  1.5529270e+000
  3.7088229e-001
 -8.2053502e-001
 -6.1327798e-001
  9.3271789e-001
 -1.2800351e-001
  3.4660804e-001
 -2.4002947e-001
  1.7215455e+000
 -1.6889672e+000
  9.8462919e-001
 -3.6066156e-001
 -4.4371348e-001
  9.1343217e-001
  7.0863675e-001
 -2.3117870e+000
  2.2554743e+000
 -2.3585732e+000
  4.5438977e-001
 -1.2960920e+000
  2.0436408e+000
  5.4979951e-001
 -1.0989707e+000
 -1.3870522e-001
  5.2699780e-001
  2.4694258e-003
 -7.5554724e-001
  2.3677050e+000
 -2.8253807e+000
  9.4564722e-001
  1.1138286e+000
 -2.0934664e+000
  1.4933298e+000
 -1.3384541e+000
  1.2218099e+000
 -1.4365423e+000
  6.6165842e-001
  9.4625304e-001
  1.8907389e-001
 -1.6086561e+000
  1.4047605e+000
 -2.6960943e+000
  3.6180838e+000
 -1.8489942e+000
  3.3444031e-001
 -6.6519821e-002
 -4.1516683e-001
 -9.8760258e-001
  1.9551093e+000
  6.8433967e-001
 -1.3923917e+000
 -9.4987085e-002
  3.7571836e-001
  1.0202093e-003
  1.3915103e+000
 -6.7491189e-001
  3.7866802e-001
 -2.2612579e+000
  3.7267811e-001
  4.0035121e-001
  1.9315123e+000
 -2.2743404e+000
  1.1550751e+000
 -3.8998349e-001
 -6.2107843e-002
  2.4761060e+000
 -1.2309411e+000
  1.3465984e+000
 -2.7235363e+000
  2.0568498e+000
 -8.9374207e-001
 -9.9622799e-001
 -2.3331701e-001
  2.4530161e-001
  5.3910592e-001
 -3.2284463e-001
  3.2910251e-001
  4.6625202e-001
  5.6048170e-001
 -2.4408455e+000
  2.6501005e+000
 -1.5715203e+000
 -8.9361240e-001
 -1.2216405e+000
  6.3074535e-001
  2.9086645e+000
 -4.6211950e-002
 -1.3268574e+000
  1.1629554e+000
  7.3406052e-001
 -4.3458308e+000
  3.0463116e+000
 -1.1670191e+000
  1.5193674e+000
  3.2641167e-001
 -8.0426004e-001
  1.3499212e+000
  1.5127000e+000
 -1.2937910e+000
 -1.3348294e+000
 -2.3076749e+000
  7.2244100e-001
  1.5575728e+000
 -1.1720011e+000
  6.8687984e-001
 -1.0564569e+000
 -1.8568413e-001
  1.9861565e+000
  3.6182156e-001
  2.0176945e+000
 -1.9885897e+000
 -1.5256493e+000
 -4.8749413e-001
  1.8594460e+000
 -1.3916614e+000
 -6.0710314e-001
  2.7054891e+000
 -1.8053698e+000
  1.0214029e+000
  1.4582530e+000
  2.4651252e+000
 -2.0498265e+000
 -3.6776082e-001
 -9.0158889e-001
 -1.9162678e+000
 -6.1022672e-001
  7.5431712e-001
  2.0859771e+000
 -5.6242105e-001
 -8.0058851e-001
  1.7709335e+000
  1.0647753e+000
 -1.4937171e+000
  2.7485978e+000
 -3.7727036e+000
  3.2867011e+000
 -4.0957760e+000
  4.4630830e-001
  1.9356466e+000
  2.9369412e-001
 -8.8837917e-004
 -2.6578546e+000
  2.3436968e+000
  8.9719869e-001
  4.8635027e-001
  1.7545916e+000
  8.5413606e-001
 -3.4087986e+000
  5.6907142e-001
  4.4891520e+000
 -3.3203926e+000
 -2.3663795e+000
  3.2642443e+000
 -2.2745930e+000
  4.4246529e+000
 -5.8618469e+000
  3.4895568e+000
 -1.1732693e+000
  1.1601945e+000
 -2.3953765e+000
  1.7959371e+000
  5.3384516e+000
 -6.8551440e+000
  2.5611524e+000
  1.1768429e+000
 -1.6797136e+000
  1.1448017e+000
 -2.4334947e+000
 -4.0266842e-001
  1.3857156e-001
 -8.7385237e-002
 -7.9295057e-001
  3.0384641e+000
  1.2966595e+000
 -3.1565400e+000
  1.5023946e+000
 -1.4894568e+000
  2.4602222e-001
  3.1586598e-001
  6.0133965e-001
  7.3454046e-001
 -1.5475898e+000
  3.5776953e-001
  1.8664970e+000
 -1.4440511e+000
  1.7284442e+000
  3.3817466e-001
  6.9731615e-001
 -1.3152594e+000
  1.0220987e+000
  2.0169979e+000
 -3.1436166e+000
  1.1634152e+001
 -1.0286613e+000
  5.9271871e-001
 -2.5290649e+000
 -8.0152423e-002
 -1.9126268e+000
  1.0623092e+000
 -1.3301162e+000
  1.8644530e+000
 -7.7534014e-003
 -9.6385917e-001
  1.5441511e+000
  2.1339343e+000
 -2.4809073e+000
  3.2162153e-001
 -1.0956089e+000
  6.6189319e-001
  1.6087542e+000
 -1.7252516e+000
  2.2208719e-001
  3.7345804e-001
 -7.8726705e-001
 -3.3801400e-001
  9.9406869e-001
 -4.5070937e-001
 -7.7611032e-003
 -2.6176131e-001
  7.1809291e-002
  1.8412561e+000
 -3.4841404e-001
 -8.8272248e-001
  2.3083430e+000
 -4.0365854e-001
  2.3827364e+000
 -2.8263963e+000
  1.6850943e+000
 -1.7105982e+000
  1.9217860e+000
 -4.0570183e+000
  2.0557998e+000
  2.4945020e+000
  4.0362818e-001
  1.1055253e+000
 -1.3965179e+000
  1.0674780e-001
  5.6370899e-001
  5.5741941e-001
  1.4636760e-001
  1.2880953e+000
 -3.1696405e+000
  1.1109283e+000
  1.0296701e+000
 -1.9696386e+000
 -8.5376177e-001
  6.9384624e+000
 -2.3879680e+000
 -9.0735023e-001
 -9.7642341e-001
 -1.7632820e+000
  1.5435993e+000
 -1.2812766e+000
 -6.3689484e-001
  2.5737773e+000
 -6.3100490e-001
  6.2014356e-002
 -3.0811971e-001
  6.6299493e-001
 -1.4561534e+000
  9.5387670e-001
 -4.6617391e-001
 -3.2167267e-001
  6.5141773e-001
 -1.2033891e-002
  1.6560264e+000
 -1.5658771e+000
 -1.3100489e+000
  1.4169004e+000
 -6.3732167e-001
  1.2328869e-001
  1.1301096e+000
 -8.3903389e-001
  1.2601273e+000
 -1.1696156e+000
  2.1805215e-001
  1.3727407e-001
 -9.0904416e-001
  3.4135531e+000
 -2.6417830e+000
 -1.3718205e-001
  6.7518496e-002
 -2.7408818e-002
  2.3667558e-001
 -1.2271706e+000
  1.8815343e+000
 -1.5313069e+000
  3.0610015e+000
 -2.6600199e+000
 -7.1063986e-001
  1.5335533e+000
 -1.1313939e+000
 -5.4011761e-001
  5.4056214e-001
  6.4260892e-001
  4.9676077e-002
  9.6470164e-001
 -1.4966926e+000
  2.3291081e-001
 -9.2440777e-001
  1.6522815e+000
  1.2682231e+000
 -2.6728169e+000
 -3.6460606e-001
  6.5809744e-001
  2.2840799e-002
  2.9720066e+000
 -2.1088196e+000
 -8.8340858e-001
  1.3253845e+000
  1.4356423e+000
 -1.8225752e+000
  8.3609445e-001
 -1.0726632e+000
  1.8485794e+000
  3.2272130e+000
 -4.3469611e+000
  2.7690359e+000
  5.8068286e-001
  3.7695600e-001
 -9.5725801e-002
 -3.2094993e+000
  1.9171313e+000
  2.2393304e+000
 -2.8262351e+000
  2.4365375e-003
  1.7315294e+000
 -6.1235058e-001
 -7.1416890e-001
 -7.2844049e-001
  3.4651294e-001
  1.4915221e+000
  1.1023143e-001
 -1.3898792e+000
  2.0650817e+000
 -1.0266427e-001
 -2.7323041e+000
  7.7980865e+000
  8.3795217e-001
 -1.3129219e+000
  1.6085616e+000
 -1.0188448e+000
 -2.6963106e-001
  7.1585104e-001
 -3.5097174e-001
  2.1919458e+000
 -1.6244915e+000
 -3.5411182e-001
 -2.4147749e-001
  1.6889331e-001
 -1.1638241e+000
  1.1718139e+000
 -9.9191156e-001
 -8.4754573e-001
  2.2768705e-001
  1.9033844e+000
 -1.5054677e+000
  2.3758381e+000
 -1.3945111e+000
  1.0129383e+000
 -2.3383908e+000
  2.8638057e-001
  7.0697083e-001
  4.2358609e-002
  3.1799790e-001
  6.5115859e-001
 -5.2280450e-001
  1.4332418e+000
 -2.0037043e+000
  1.0685444e+000
 -2.7863712e+000
  1.0610282e+000
 -1.0513333e+000
  7.9410629e-001
 -7.6231192e-001
  9.1790355e-001
 -3.3423493e-001
 -3.5210471e-001
 -5.2728958e-001
  1.6039856e+000
 -7.2816399e-001
 -5.3807658e-001
 -1.4140258e+000
  2.4019125e+000
 -4.1803473e-001
 -3.7818802e-001
  7.8021834e-001
 -8.7064707e-001
 -1.1544840e-002
  1.2040132e+000
 -2.2829926e+000
  1.6625337e+000
 -6.7149464e-001
  3.8585794e-001
  4.2169312e-001
  1.5387534e+000
 -1.5407534e+000
  5.0922849e-002
  2.2778450e+000
 -1.1468828e+000
  1.1375479e+000
 -4.8726401e+000
  2.3537961e+000
 -1.4165065e-001
 -1.1320601e+000
 -9.0346174e-001
  1.0737554e+000
 -8.3855376e-001
  6.1397405e-001
 -8.1989569e-001
 -2.8804404e-002
 -9.4544610e-001
  1.4299251e+000
 -3.1655668e-001
 -2.6180066e-001
 -3.2367911e-001
 -2.2796927e-001
  1.5512038e+000
 -1.1702260e-002
 -2.5528006e+000
  9.6942030e-001
 -7.2724345e-001
  5.4735029e-001
  1.1513938e+000
  5.3163315e-002
 -2.5255005e+000
  1.0600099e-001
  1.7035469e+000
 -2.3768466e+000
  3.0474187e+000
 -1.0583296e+000
  1.4365823e+000
  7.5731970e-001
 -1.2693835e+000
 -1.4706898e+000
 -8.4382609e-002
  2.3094240e+000
  1.3484103e+000
 -4.0635949e+000
  1.8160883e+000
  2.3396577e+000
 -3.5369858e+000
  2.7192998e+000
 -1.4994168e+000
  5.1633020e-001
  2.3199214e-001
 -1.0874862e+000
  6.3910651e-001
  3.0526960e+000
 -2.1069276e+000
  3.1874340e+000
 -3.7504571e+000
  2.6086889e+000
 -5.4349608e+000
  3.1015723e+000
 -1.9274582e+000
  9.2468993e-001
  2.8928667e-001
 -2.0281720e+000
  8.3810549e-001
 -9.7704283e-001
 -4.2524675e-001
  9.7870964e-001
 -7.7422523e-001
  3.8521480e-001
  1.9888384e+000
 -6.4066553e-001
 -4.7749778e-001
 -1.3950634e+000
  3.5389073e+000
 -1.8485834e+000
 -1.2637502e+000
  4.7757694e-001
  1.7132811e+000
 -1.2190406e+000
 -9.9652851e-002
 -3.7281732e-001
  9.1197013e-001
  2.3092329e-001
 -8.4602114e-001
  7.7720426e-001
 -4.8027810e-001
 -7.3615527e-002
  2.6042366e-001
 -1.5765283e-001
  9.2714597e-001
 -1.6004059e+000
  9.9834911e-002
  1.3425477e+000
 -1.8148051e-001
  1.2440461e+000
 -4.3075276e-001
 -1.5500741e+000
  1.2891038e+000
 -1.1810926e+000
 -6.6964905e-001
  2.2504268e-001
  1.2571542e+000
  2.0300399e+000
 -2.4016221e+000
 -7.2871477e-001
  8.2309209e-001
 -6.0804853e-001
  7.8103505e-001
  2.1571175e+000
 -4.5526480e+000
  1.4800539e+000
  1.1798222e+000
 -7.6593369e-001
 -5.3747690e-001
  1.7377996e+000
 -3.4186871e+000
  1.1064143e+000
  1.0000574e+000
 -1.6972214e+000
  6.0497899e-001
  9.5750733e-001
  7.6325769e-002
  1.2016012e-003
 -1.1007182e-001
  9.1718637e-001
  1.1556157e+000
  1.3429155e+000
 -2.2900939e+000
 -1.1947748e+000
  6.4610884e-001
 -9.3241183e-001
  6.9561047e-002
  2.2151245e-001
  1.0237223e+000
  9.8849898e-001
 -2.0271846e+000
 -1.1989894e-001
  2.0928203e+000
 -7.8621673e-001
 -1.4389817e+000
  1.8129358e+000
  2.5357926e-001
 -3.1964520e+000
  7.2390212e-002
  7.7035806e+000
 -3.5744523e+000
 -4.9704894e-001
 -3.8054120e-001
  1.1966076e+000
 -1.1311591e+000
 -2.5042751e+000
  3.7473220e+000
 -2.3931242e+000
  6.5684700e-001
 -4.6483679e-001
  1.8669299e+000
 -1.0997497e+000
 -5.3872813e-001
 -1.6338509e+000
  6.3348819e-001
  3.1225555e+000
 -5.0350854e-001
 -1.0508530e+000
 -3.4520389e-001
  5.9774510e-002
  1.0434988e+000
  1.6086635e-001
 -7.6063709e-001
 -5.7991370e-001
  1.5496928e+000
 -4.1700155e-001
  9.5032570e-001
  2.1367455e+000
 -3.1777256e+000
 -3.1925571e-001
  2.1291995e+000
 -1.6953648e-001
 -1.0208301e+000
  1.3152233e+000
 -1.6640257e+000
 -1.8462884e+000
  9.4271660e-002
  2.9803236e+000
 -3.2756833e+000
  5.6855190e+000
 -1.7058756e+000
  2.2194550e+000
  1.5928163e+000
 -6.4774360e+000
  1.9981525e-001
 -1.7789379e-001
  1.8785883e+000
 -1.3788796e+000
  7.6276663e-001
  1.1910500e+000
 -1.3024650e+000
  1.5371525e+000
 -1.1342200e-001
 -2.0684351e-001
  1.9112325e-001
  1.0862890e+000
 -1.7654483e+000
  3.8021129e-001
  1.1649845e+000
 -2.4495437e+000
  2.0267718e+000
  4.8364139e-001
 -2.2450976e+000
  6.6767495e-001
  4.0902214e+000
 -3.9218920e+000
 -1.6095917e+000
 -1.3133810e+000
  7.0238661e-001
  2.3791835e+000
  5.0640317e-001
 -3.3630144e+000
  1.7065530e+000
  8.7720651e-001
 -2.7444302e+000
  1.3288189e+000
  1.5160388e-001
  1.6296507e+000
 -2.8096324e+000
  4.6792892e+000
 -5.1097620e+000
  1.8350340e+000
 -1.8390248e+000
  7.0275016e-001
  1.6503409e+000
 -4.4230895e-001
 -1.8427708e+000
 -3.5275908e-001
  3.9178637e+000
 -4.3759076e+000
  3.7707679e+000
 -1.6301955e+000
 -1.9421492e+000
  1.8243889e+000
  1.6991139e+000
 -2.3913853e+000
  1.8122756e+000
 -2.9475642e+000
  3.1063664e+000
 -2.3429314e+000
  1.0550946e+000
 -1.4841900e+000
  1.9128572e+000
  5.7705872e-001
 -1.9878628e+000
  2.2189324e+000
 -1.6365840e+000
  2.5260213e-001
 -8.3495249e-001
 -1.3631650e+000
  4.1921548e+000
 -2.7117906e-001
 -1.4223221e+000
 -1.0492196e+000
  3.5749251e+000
 -2.3576014e+000
  1.6074351e+000
  1.7230183e+000
 -1.2837413e+000
 -1.1006189e+000
 -5.5140125e-001
 -2.7989970e-001
  8.2455291e-001
  1.8982052e+000
 -3.0072109e+000
  2.7263459e+000
 -1.7138938e+000
  6.6922755e-001
 -2.7358860e-002
  5.5350385e-001
 -8.0089964e-001
  9.3711399e-002
  1.2925282e+000
  6.6856165e-001
  2.7720845e+000
 -1.4099144e+000
 -2.0850982e+000
  1.3679763e+000
  1.5251123e+000
 -2.1087196e+000
 -2.7672972e-001
  1.5870870e+000
  1.1949645e+000
 -1.8915491e+000
  3.1675831e-001
 -9.3734570e-001
  4.8809275e+000
 -4.9109411e+000
  3.0818024e+000
 -8.1929400e-001
  1.6459148e-002
 -3.3283545e+000
  2.6362487e-001
  2.8766494e+000
 -3.9037283e-001
  1.0940475e+000
 -1.4503224e+000
 -3.3417801e-001
 -1.7210744e+000
 -7.8099184e-002
  2.0028702e+000
 -7.3384815e-001
  1.5060170e+000
 -1.9490534e+000
 -5.5048944e-001
  3.2591845e+000
  1.2622982e+000
 -1.8716016e+000
 -1.3365983e+000
  6.7678233e-001
 -1.4076602e-001
  1.6153461e+000
 -1.0615688e+000
  7.6527491e-001
 -1.9566584e+000
  4.1333810e+000
 -3.0504116e+000
  8.3351478e-001
  9.0888384e-002
 -1.5849104e+000
  1.4060859e+000
  1.8589461e+000
 -1.7407307e+000
 -1.6798926e+000
 -7.6534837e-001
 -8.5253172e-003
 -3.6687895e-001
 -2.4261549e-001
  2.0683897e-001
  1.9287837e+000
 -1.8036249e+000
 -3.4131049e-001
  8.0991418e-001
  5.6402783e-001
 -3.0895824e-002
  3.2427993e+000
 -1.2059446e+000
 -2.3158093e+000
 -3.9640231e-001
  5.2361839e-001
  3.5263235e+000
 -3.6792944e+000
 -9.5773923e-002
  5.9112663e-001
  1.0878503e+000
  2.1219517e+000
 -1.8674551e+000
  1.0075135e+000
 -2.5680844e+000
  8.9351795e-001
 -2.2243517e+000
  2.4585918e+000
 -6.7823636e-001
 -8.0728979e-001
  1.4935505e+000
  1.6377497e-001
 -3.1915654e+000
  3.7629920e+000
 -2.9882200e+000
  3.1577451e-001
 -9.4390453e-001
 -1.9282742e-001
  9.4433104e+000
 -6.8831346e+000
  9.8479249e-001
  5.2051060e+000
 -6.2740089e+000
 -1.6310210e+000
  9.8888512e-001
  1.0362796e+000
  2.0219894e+000
 -3.9129779e-001
 -2.4646050e+000
  6.6488213e-002
  2.2888673e+000
 -8.4227094e-001
 -3.3233319e-001
  5.1058301e-002
  4.3348714e-001
  2.6351832e+000
 -4.7341537e+000
  1.3711635e+000
  1.2934619e+000
  3.2372110e-001
 -1.8235682e+000
  8.2616345e-001
 -2.9894858e-001
  9.4790806e-001
 -2.0184496e+000
  2.1103814e+000
 -4.6967932e-001
  3.8002430e+000
 -5.1207352e+000
  2.4377749e+000
 -2.2874287e+000
  7.3682181e-001
  1.0655891e+000
  9.0266968e-001
  1.2845754e+000
 -1.7433275e+000
 -2.2589057e+000
  2.3095539e+000
  5.2247575e+000
 -1.9411096e+000
  8.3325359e-001
 -7.1465275e-001
 -1.3813543e+000
  4.0394937e+000
 -4.3240182e+000
  2.9834400e-001
  2.4110821e+000
 -2.1384759e+000
  2.3048577e+000
 -4.3833701e-001
  4.2524993e-001
 -1.7347687e+000
 -3.7744581e-001
  1.5545534e+000
 -2.3647278e+000
  5.6865833e-001
 -3.6654866e-001
  2.2517330e+000
 -6.8344294e-001
  1.4322341e-001
  1.6676633e+000
 -1.3765721e+000
  2.6959410e-001
 -1.0532980e+000
  3.0869681e-001
  1.5016760e+000
  2.3581142e+000
 -3.1711697e+000
 -3.7642772e+000
  1.4486467e+000
 -1.1746749e+000
 -1.3189400e+000
 -4.2228586e-001
  2.7389459e+000
  1.9801108e+000
 -1.7478308e+000
 -1.8498464e+000
  1.5263684e+000
 -1.3585501e+000
 -9.8809456e-002
  9.8292094e-001
  1.2735506e+000
  3.5554596e-001
 -1.5407094e+000
 -9.4758039e-001
 -2.6773134e-001
  2.7637299e+000
 -3.6592641e+000
  4.6524295e+000
 -3.4973089e+000
  1.7817630e+000
  1.4696577e-001
  2.1369566e+000
 -6.6324208e+000
  1.8556959e+000
 -1.8158482e-001
 -8.7206638e-001
  1.6847783e+000
  1.0911158e-001
 -3.5228421e-001
 -1.7020326e+000
  1.2163567e+000
 -8.4729201e-002
  5.1395372e+000
 -4.2947272e+000
  1.3027217e+000
 -3.2177265e+000
  8.1072361e-001
 -1.4055821e+000
  3.3777289e+000
 -2.3197195e+000
  3.0861804e+000
 -3.0905251e+000
  1.5586869e+000
 -5.4555395e-001
  7.4101719e+000
 -2.9383825e+000
 -1.8110940e+000
  1.7284845e+000
 -8.2656848e-001
 -1.2051339e+000
  2.4118516e+000
 -2.8825329e+000
  2.4832038e+000
  1.3554694e+000
 -8.6558258e-001
 -6.7742344e-001
  9.7141864e-001
 -2.9432278e+000
  2.1826841e+000
  4.6720584e-001
 -1.5031652e+000
  4.0692896e-001
  1.6320705e+000
  9.6632450e-001
 -2.1173643e-001
 -1.9905322e+000
 -1.1498399e+000
  1.6694066e+000
 -2.3935820e-001
  2.1655634e+000
 -1.8972669e+000
 -2.7807766e+000
 -7.4114920e-001
 -3.3240864e-001
  1.0608189e+000
  2.5670967e+000
 -5.7762184e-001
  2.1797426e+000
 -1.3199757e+000
 -8.1512227e-001
 -4.9231839e+000
  4.9169763e+000
 -1.3395875e+000
  3.1587474e+000
 -2.0291505e+000
 -8.2423334e-001
  5.5581535e-001
 -2.0037988e-001
  3.6304267e+000
 -3.4205192e+000
  2.2597049e-001
  8.9150815e-001
 -9.9562716e-001
  7.2879265e+000
 -3.8213720e+000
 -1.6834953e+000
  9.1681120e-001
 -7.6201072e-001
  1.5797103e+000
 -1.3043130e+000
  6.0913551e-001
  5.4797846e-001
 -1.8969735e+000
  1.2986057e+000
  1.0667643e-001
 -1.9267869e+000
  1.0471313e+000
  2.4022164e+000
 -1.4381852e+000
  7.2706651e-001
  2.2877556e+000
 -2.3129358e+000
 -1.9445100e-001
  2.0731287e+000
 -3.6412527e+000
  7.2883842e+000
 -3.4335950e+000
  3.8187295e-001
 -3.6377474e+000
  1.3525215e+000
  1.9249918e+000
 -1.4337875e+000
  5.7539943e-002
 -1.3898198e+000
  8.2749777e-001
 -6.6781906e-001
  9.6139454e-001
 -2.4651820e+000
  3.5489642e+000
 -1.5305139e+000
  4.1112033e-002
