  9.6843372e+000
 -6.0528499e+000
 -1.7321716e+000
  2.6459283e-001
  6.7579589e+000
 -6.2854075e-001
  3.6303892e+000
 -3.6170138e+000
 -6.7195958e+000
 -2.6524990e-003
  7.6152715e+000
 -3.0961056e+000
 -2.5988648e+000
  8.6561395e+000
 -7.6907928e+000
 -2.3800090e+000
  1.2502357e+000
  2.6079675e+000
 -4.6928949e-001
  2.2285309e+000
 -2.0690121e+000
 -4.5805790e-001
  4.4152914e-001
 -4.9194327e+000
  2.3576680e+000
  4.9846123e+000
 -1.2594175e+000
 -1.4663873e+000
 -3.6366331e+000
  3.3558872e+000
 -9.5649656e-001
  3.3884318e+000
  3.6207818e+000
 -4.6730238e+000
 -1.4083858e+000
  5.2612325e+000
 -4.4466506e+000
  2.9831280e-001
 -3.8241896e-001
 -1.8783441e+000
 -2.6172640e-001
 -6.8667457e-001
  3.8259321e+000
 -1.8696341e+000
  2.0842551e+000
 -2.2011905e+000
  2.5495925e+000
 -4.4532546e+000
  3.2924039e+000
 -4.1027827e+000
 -3.2514801e-001
  3.2816179e-001
  1.8663378e+000
  4.9323510e-001
 -3.1133735e+000
  5.9656433e+000
 -4.9282116e+000
  7.9632163e-001
  1.3483311e+000
 -2.8971842e+000
 -1.6032786e+000
 -8.7817995e-001
 -1.3705196e+000
  7.8809421e-001
  3.3700434e+000
  2.0803408e+000
 -4.5384026e+000
 -2.4185501e+000
 -1.4668732e+000
  1.3510592e+000
 -6.2992731e-001
  1.0764350e-001
 -5.7485995e-001
  1.1175808e+000
 -2.9317920e-001
 -4.4993448e-002
 -1.3131271e+000
 -6.9446270e-001
 -1.6502374e+000
 -7.1670350e-001
  1.1531254e-001
  9.1098370e-001
 -5.9763496e-001
  5.6692051e-001
 -1.2271645e+000
  8.5988072e-001
  1.6302120e+000
 -1.4518814e+000
  1.9411011e-001
  1.5180791e+000
 -1.5891351e+000
  8.7661757e-001
  2.5749226e+000
 -3.2800361e+000
 -2.4540545e+000
  3.4102221e+000
  1.5271624e-001
  6.3720029e-001
 -2.5273024e+000
  1.8477394e-001
  1.1299498e+000
  9.2564364e-001
 -6.3539450e-001
 -8.3645677e-001
  1.6745655e+000
  3.9387187e-001
  2.1628517e+000
 -4.5005363e+000
  4.4401758e-002
  1.7865161e+000
  4.1531858e-001
 -4.1932717e+000
  1.2083724e+000
  2.2081243e+000
  1.0966240e+000
 -3.2166786e+000
 -2.5397666e-001
  2.3535821e+000
  1.0726970e+000
 -1.0405330e+000
 -6.6949410e-001
 -2.3205571e-002
  9.0093091e-001
 -1.4594177e-002
 -1.4694650e+000
 -5.8537088e-003
 -3.1815172e-001
 -8.0068467e-001
  1.3655737e+001
 -1.0439312e+001
  2.5247472e+000
 -4.8474659e+000
 -9.6043526e-001
 -1.1770405e-002
 -2.9539259e-001
 -1.0828341e+000
 -1.3457322e+000
  1.7523281e+000
 -1.6284698e+000
  9.1043217e-002
  1.5810590e+000
 -1.4395099e+000
 -5.3859139e-001
  1.0946843e+000
 -1.6146979e-001
 -1.3568951e-002
 -2.0509607e-001
  1.4182697e+000
 -2.7432983e+000
  2.3913976e+000
  8.1932090e-001
 -1.9013715e+000
  1.4337429e+000
 -9.3867898e-001
 -2.0237127e-001
  7.0340974e-001
  9.0359608e-001
 -2.0673411e-001
 -1.2898477e+000
  1.4716706e+000
 -1.7997302e+000
  5.9361647e-002
  1.3703728e+000
 -1.3416894e-001
  1.3261604e+000
 -6.3670503e-001
 -4.1531159e-001
 -1.6085278e+000
  1.1833337e+000
  7.7047777e-001
  5.1554464e-001
 -1.3550556e+000
  1.7917476e+000
 -3.5243370e+000
 -3.1446767e+000
 -2.4252572e+000
  2.0558309e+000
 -2.0446908e+000
 -4.0790830e-001
 -1.6719076e-001
  2.4369669e-001
  1.7357065e+000
 -2.3991223e+000
  1.3808958e+000
 -8.0922606e-001
  7.1485990e-001
 -9.4216855e-001
  2.2244285e-001
  1.6913999e+000
 -1.6233162e-001
 -1.6357012e+000
  2.3858458e+000
 -2.6000838e+000
  6.6713393e-001
  6.5621113e-001
 -1.4051528e-001
  6.8017797e-001
 -5.5685105e-001
 -1.9566944e+000
  1.8108930e+000
  2.6005047e-003
 -2.4242834e+000
  2.6148842e+000
 -2.1173269e+000
  2.5269264e+000
 -2.3077718e+000
 -4.0105574e-001
  1.6901647e-001
  2.7601174e-001
 -2.8042554e-002
 -4.9439354e-002
 -1.3378313e-001
  4.2232737e-001
  2.9192691e-001
 -4.9210888e-001
 -9.2316873e-001
  1.1089651e+000
  1.4728023e+000
 -2.4240921e+000
  9.4364881e-001
  2.4265202e+000
  2.1264250e+000
  1.1202337e-002
 -2.2077822e+000
 -1.1068650e-001
 -9.6231103e-001
  9.0630571e-002
 -2.3362339e+000
  2.4473606e+000
 -6.4464752e-001
 -1.1765660e+000
  1.1944818e+000
 -8.1509743e-001
  1.1761088e+000
 -2.3738336e+000
  5.0425585e-001
 -3.1885773e-001
  1.2944552e+000
  1.9308078e-001
 -1.0395179e+000
 -1.1410135e+000
  2.1546976e+000
 -1.3476639e+000
  5.0413803e-001
 -5.5277384e-002
  1.3091368e+000
  7.2009466e-001
 -1.1089670e+000
 -1.8897715e+000
 -3.7030962e-001
  2.3089498e+000
 -9.9615281e-001
 -1.2752712e+000
  1.7837566e+000
 -1.2425701e+000
  5.6813935e+000
 -4.4904447e+000
 -3.0830240e-001
 -1.5416611e+000
  2.4564066e+000
 -1.6111655e+000
  3.7343620e+000
 -3.7230297e+000
  7.4045621e-001
  7.8986159e-001
  1.1185482e+001
  2.9161459e+000
 -3.5275504e+000
  6.2921852e-001
  7.3843160e-001
 -1.9704203e+000
  1.0137951e+000
 -1.3048669e+000
  8.2055405e-001
  1.3045226e+000
 -1.9424433e+000
  1.9145125e+000
  6.5233002e-001
 -5.1605088e-001
 -9.0293231e-001
  4.0566141e-001
  8.2278422e-001
 -1.1691425e+000
  1.4607601e+000
 -5.2938163e-001
 -2.7416322e+000
  2.8411383e+000
  1.0609934e-001
 -1.9624250e+000
  1.0608217e-002
  1.3969302e+000
 -2.2607159e+000
  3.5340266e-001
  2.1556724e+000
 -2.1513603e+000
  2.0885683e+000
 -2.0673522e+000
  3.5786238e+000
  1.1665604e+001
 -6.1962342e+000
 -3.5893712e+000
 -6.2999900e-001
  3.6450801e+000
 -2.8297246e+000
 -1.0714119e-001
  1.7259817e+000
 -9.9538665e-001
  1.2908051e-001
 -8.1105153e-001
  3.2675524e+000
 -2.5832551e+000
  9.9898532e-001
 -6.3258997e-001
  2.6340416e-001
 -6.6611128e-001
  4.0401641e-001
 -1.2305064e+000
  8.6047490e-001
  1.3444888e+000
 -9.7034302e-001
 -1.1743550e+000
 -4.9870774e-001
  1.0813426e+000
 -5.5537889e-001
 -3.7556012e-001
  2.0279222e+000
 -1.4674368e-001
 -1.4643854e+000
 -2.6247663e-001
  1.0291726e+000
 -6.4231986e-001
  7.7657803e-001
  6.7151460e-001
 -1.1330120e+000
  4.5373189e-001
  1.5937190e+000
 -1.7871930e+000
 -1.0928025e+000
  1.1966171e+000
  6.5052617e-002
  2.2164141e-001
 -3.8308974e-001
  9.4283880e-001
 -1.3769706e+000
  4.1466160e-001
  9.1920794e-001
 -3.7201546e-001
  2.1542485e+000
 -1.0547111e+000
  1.4757893e-001
 -1.7054701e+000
  9.4016461e-001
  1.2363395e+000
 -1.6521660e+000
 -9.3016554e-001
  1.3958300e-001
  4.3458797e-001
 -7.0680102e-001
  1.1039411e-002
  2.1830508e+000
 -1.4229745e+000
 -3.1331054e-001
  1.4885102e-001
 -7.7564026e-001
  3.1598275e-001
  4.5236514e+000
 -3.9752360e+000
 -7.6377092e-001
  4.2197172e+000
 -1.9331940e+000
  4.4065349e+000
 -4.5606732e+000
  2.6062295e+000
  6.7039835e-001
 -3.8561029e+000
  8.3406627e+000
 -3.0411353e+000
 -3.5904641e+000
  4.7725570e+000
 -2.2912246e+000
 -1.2500506e-001
  1.2653684e+000
 -1.5669952e-001
 -3.6388392e+000
  1.4993143e+000
  8.9190069e-001
  1.1909274e+000
  6.4865064e-001
 -2.3422005e+000
 -5.3437209e-002
 -5.9354971e-001
  4.9533574e-001
  3.8083540e-001
 -5.4203249e-001
  3.1356301e+000
 -1.4926794e+000
 -1.1381566e-001
 -2.4756108e+000
  1.2571637e+000
 -5.5242376e-001
 -4.8994112e-001
  2.6510676e+000
 -2.8207653e-001
 -2.6508303e+000
  8.4934563e-001
  2.4447330e+000
 -3.1207356e+000
  2.5095103e-001
  2.8825473e-001
  3.5166445e-001
 -6.9195676e-002
  1.2039414e-001
 -7.3678910e-001
 -8.2764204e-001
 -2.1606591e-001
  6.2111919e+000
 -3.0191767e+000
  2.6682647e-001
 -1.1008709e+000
 -1.5967820e-002
 -7.8328532e-001
  9.2235370e-001
 -4.1101084e-001
  4.9275534e-002
 -7.7310022e-001
  6.7722052e-001
 -4.7555672e-001
 -3.9193781e-001
  9.5551634e-001
 -9.9638519e-001
  6.5253285e-001
 -6.1166246e-001
  3.6312614e-001
  9.3076062e-001
 -4.3778198e-001
  1.2447461e+000
  1.6202812e-002
 -1.4167467e+000
  2.0967688e-001
 -9.4667235e-001
  1.2152316e+000
  1.2845030e+000
  1.6635128e-001
 -1.1474072e+000
  3.5976247e-001
  1.7984718e+000
 -2.1812499e+000
  2.2047285e-001
 -2.2814911e+000
  1.1064187e+001
 -6.9923697e+000
 -2.5634080e+000
  2.6186951e+000
  3.8492527e-002
 -1.7788634e+000
  1.3645991e+000
  1.1374304e+000
 -1.5710974e+000
 -4.8138564e-001
  1.6875460e+000
 -1.5528007e+000
  1.8268804e-001
  1.1930651e+000
  4.6683728e-001
 -3.9625086e-001
  1.2362326e-001
  1.7208045e-001
 -9.4153162e-001
 -1.6460269e+000
  8.4879719e-001
  5.0842849e+000
 -6.0965289e+000
  2.4038048e+000
 -2.0204078e+000
  1.7778924e+000
 -2.3235484e+000
  1.0195924e+000
  5.3239252e-001
  5.4428649e-001
 -2.5614428e-001
  6.7224715e-001
  9.2916854e-001
  1.0623073e+000
  7.0794085e-001
 -2.6631501e+000
 -9.7454914e-001
  6.7925775e-001
 -2.2544419e-001
  5.8900196e-002
  4.9339664e-001
 -9.0571579e-001
  2.1035631e-001
  7.8012698e-001
 -7.6526014e-001
 -3.6462063e-001
  1.0622894e-001
 -7.6965380e-002
  3.2642511e+000
 -2.8441778e+000
  5.6153674e-001
 -2.1378792e-002
  2.0126851e+000
 -5.3761086e-002
  2.6068904e+000
  2.5573786e-002
 -1.6541302e+000
 -8.7518969e-002
  3.4869286e+000
 -2.0568134e+000
  3.8088596e-001
  2.2353616e-001
 -7.8097335e-001
  1.5114509e+000
 -2.1714140e+000
  1.1237065e+000
  4.7005274e-001
  6.3837120e-002
 -8.8930418e-001
  2.6487737e-001
  6.2761379e-001
 -2.0036072e+000
 -2.3571105e-002
 -6.2886310e-001
  1.0973409e-001
  1.0338514e+000
  1.2682724e+001
 -7.0175844e+000
 -1.7368460e+000
  2.6209974e-001
  1.2920226e+000
  1.8286857e+000
 -3.0196212e+000
 -7.5712197e-001
 -5.5711288e-001
  1.5699079e+000
 -1.1101058e+000
 -2.9073185e-001
  7.5696263e-001
 -4.5420759e-001
 -1.2539384e+000
  2.9222980e+000
 -4.9093222e-001
 -9.2286737e-001
 -1.0488036e+000
  3.1594487e+000
 -2.6471159e+000
  2.6020180e+000
  3.9218975e-001
 -2.0309947e+000
  7.0138219e-001
 -2.9610924e+000
  4.1189768e+000
 -3.1307427e+000
  1.3453380e+000
 -5.6108722e-001
 -5.0018847e-002
  2.2336892e+000
 -3.6521241e+000
  1.4386340e+000
  1.1553462e+000
 -2.2495281e+000
  1.5022618e+000
  4.1279814e-001
 -4.0637758e-001
 -3.8468896e-001
  4.5393673e+000
 -4.1829793e+000
 -2.1243821e-004
  1.1718812e+001
 -7.0328115e+000
 -1.0292669e+000
  6.2805309e-001
 -2.1622171e+000
  1.1244298e+000
  1.0184897e+000
  1.9324444e-001
 -1.7027396e+000
  1.0942065e-001
  3.2190441e-001
  9.2465373e-002
 -6.6817433e-001
  1.7504998e+000
 -1.0073357e+000
  5.1132147e-001
 -1.7398539e+000
  2.8014345e+000
 -3.2413789e+000
  3.9567334e+000
 -3.8988957e+000
  2.4879887e+000
 -6.8715499e-001
 -6.9798860e-001
  3.0187992e-001
 -1.1188608e+000
  1.4511778e+000
  1.4979099e+000
 -2.8771809e+000
  2.7950017e+000
 -1.0566725e+000
  1.4088606e+000
 -2.6490974e+000
 -1.7922529e+000
  5.0785378e-001
 -6.5633088e-001
  9.4308455e-001
  1.5619371e+000
 -8.0032564e-001
 -1.4505793e+000
  9.6753135e-001
 -2.4565164e-001
 -1.2636734e+000
  1.1565386e+000
  3.0933417e+000
 -3.4007003e+000
  2.5208986e+000
 -8.4859751e-001
  2.5828407e-001
 -1.1129333e+000
  4.6273078e-001
  4.3900956e+000
 -5.9829930e+000
  1.1742901e+001
 -6.0690323e+000
 -8.8896513e-001
 -2.8360484e-001
 -3.0242895e-001
  1.4677859e+000
 -1.7555821e+000
