  6.9038458e+000
 -2.2422044e+000
 -1.0580875e+000
 -8.8734321e-001
  9.8214039e-001
 -3.0402476e+000
  3.2156674e+000
 -2.3639535e-001
 -2.9117722e+000
  2.0863351e+000
  6.6347539e-001
 -2.2370606e-001
 -1.9263397e+000
  4.2551258e+000
 -1.9426663e+000
 -5.8507304e-001
 -9.6905683e-001
  4.4691106e+000
 -6.0331138e-001
 -4.7457923e+000
  1.6098325e+000
  1.1892753e+000
 -2.5693210e+000
  5.3518962e-002
  2.3136493e+000
 -1.1364334e+000
  4.2810243e-001
  1.1296358e+000
 -1.7052568e+000
 -1.4223907e-001
  1.0022126e+000
 -1.1813652e+000
  3.2631245e-001
 -7.0545261e-001
  9.5064292e-001
  1.9305563e+000
 -2.1793435e+000
 -7.6851505e-001
  1.8163672e+000
 -5.5839431e-001
 -1.0793339e+000
  9.5160343e-001
 -9.9377919e-001
  2.4216020e+000
 -2.3498833e-001
 -2.3752148e+000
  4.3287407e+000
 -3.9898240e+000
  8.5647439e-001
  4.8323393e-001
 -3.3515633e-002
  4.1395973e-001
 -6.0260615e-002
 -1.9369252e+000
  1.4611260e+000
 -7.4432465e-001
  7.3996410e-001
 -3.3627267e-001
  1.3424955e-001
 -1.3489226e+000
  2.7842467e+000
 -4.8592180e-001
 -2.1316585e+000
  2.9673922e+000
 -3.6007979e-001
 -4.6952689e-002
  1.3416201e+000
 -1.2315118e-001
 -2.6381035e+000
 -3.6782360e-001
  4.4067605e-002
  3.4531332e+000
 -3.8999263e+000
  2.6507206e+000
  4.1395367e+000
 -5.5202198e+000
 -1.2972671e+000
 -8.3286751e-001
  8.9105969e-001
  9.2104529e-003
  1.2298645e+000
  3.1553829e+000
 -4.7990123e+000
  3.9894433e+000
 -1.1884244e+000
 -3.3070449e+000
  3.5165712e+000
 -1.6480591e+000
  7.6005029e-001
  1.3813527e+000
 -3.3605479e+000
  5.8214561e-001
 -2.4136088e+000
  2.8261509e+000
 -2.5080992e+000
  8.3414552e-001
  7.6140692e-001
  1.3130329e-001
  3.6015117e-001
 -2.0579555e+000
  1.3841297e+000
  1.2438164e+000
 -5.4798637e-001
 -1.3617747e+000
  1.4733954e+000
 -1.5340268e+000
  1.1741971e+000
 -1.6831369e+000
  1.5135842e+000
 -1.5808796e+000
 -8.1311591e-002
  1.5559924e+000
 -1.3603150e+000
  7.8392237e+000
 -6.8178956e+000
  2.0822535e+000
 -4.1386480e+000
  2.5295823e+000
  1.0096968e+000
 -8.3901103e-001
 -2.9435523e-002
  6.6744334e-001
 -4.4607204e+000
 -4.3171135e-002
  8.8057082e-001
 -1.1963064e+000
  3.7511479e+000
 -3.0079680e+000
  2.0103296e+000
 -5.9133682e-001
  8.1929869e-001
 -1.8154468e+000
  3.0909882e+000
 -2.0485221e+000
 -1.3351272e+000
  1.5188263e+000
  1.3875871e+000
 -2.0883511e+000
  2.4619194e+000
 -4.0744238e+000
  3.2446859e-001
  4.5098850e+000
 -9.4844555e-001
 -4.1700813e-002
  3.5204804e+000
 -4.4032114e+000
 -1.1303309e+000
  1.5970061e+000
 -1.8625477e-001
  4.6834088e-001
  6.9233284e-001
 -1.1138797e+000
  1.0908121e+000
 -4.6225243e-001
  7.1727066e-001
 -3.9782336e-001
 -3.8309405e-001
 -2.7099629e-001
 -4.9743997e-002
 -1.9017226e+000
  2.3467502e+000
 -1.1088449e+000
  5.9243607e+000
 -3.8845928e+000
  9.6720197e+000
 -7.3370868e+000
 -7.7819931e-001
  9.0375761e-001
 -1.5305847e+000
  6.3130348e-002
 -6.6009156e-001
 -2.8346471e-001
 -1.5515814e+000
  6.3939730e-001
 -4.7759041e-001
  1.4085527e-001
  2.8332488e+000
 -1.8598950e+000
 -5.4951759e-001
  2.5782611e+000
 -2.1777340e+000
 -6.7669704e-002
  1.8402922e+000
 -1.9789008e+000
  1.9476552e+000
 -2.2616125e-001
 -1.5596248e+000
  7.7296482e-001
 -9.2399471e-001
  1.3103510e-001
  6.0036220e-002
  7.8611350e-001
 -4.1408871e+000
  3.9999400e-001
  6.1964767e+000
 -5.2132286e+000
  2.4125629e-002
  5.9039889e-001
 -1.0840233e-001
 -2.6996698e-001
  2.2693273e+000
 -9.1258398e-001
 -1.4710529e+000
 -3.1420778e-001
  1.6790586e+000
  1.1233550e+000
 -1.2551359e+000
 -2.9083626e-001
 -1.0535529e+000
  5.6869821e+000
 -4.8067691e+000
  1.5904520e+000
  6.0830254e+000
  6.0630830e-001
 -8.7348257e+000
  3.4294271e+000
 -2.9128112e+000
  2.1467809e+000
 -2.1397466e+000
  1.8663783e+000
  6.3079248e-002
  4.0286636e+000
 -2.2108137e+000
 -3.3513619e-001
  1.4245717e+000
  4.7671930e-001
  4.6330957e+000
 -3.5721033e+000
  8.8707426e+000
  2.0423286e+000
 -1.1119360e+001
  3.3778255e+000
 -2.2446955e+000
  3.0387714e+000
 -1.6636263e+000
 -4.8351723e-001
 -2.1590190e-001
 -1.7690962e+000
  2.0189037e+000
  1.7290100e-001
  6.5902387e-002
  7.9961021e-001
 -6.2260129e-001
  8.0730944e-001
  5.9463755e+000
 -1.4332977e+001
 -7.2701561e-001
  7.7106998e-001
  4.6962580e+000
 -4.5080615e+000
  2.7088651e+000
 -4.1702882e+000
  1.6977210e+000
  5.8011825e+000
 -4.6389561e+000
  5.1313312e+000
 -3.9311309e+000
  2.7038630e+000
 -1.1418253e+000
  1.2224937e+000
 -2.2142018e+000
  1.2835479e+000
  1.5676204e+000
 -2.1965140e+000
  7.0938894e-001
  4.3661427e-002
 -5.9697596e-001
 -1.1068226e-001
 -5.0803224e-001
  1.6461360e-001
  9.2983933e-001
 -7.3472555e-001
  2.5898712e-001
 -9.2774927e-001
 -1.0437116e+000
  2.1969260e+000
 -2.9414001e-002
  1.9789676e+000
 -9.4172806e-001
 -8.2434631e-001
  3.8529525e-001
 -3.9472724e-001
  1.0934077e-001
  8.6142215e-002
 -1.5588688e+000
  1.7796857e+000
  2.1523318e-001
 -1.7821523e+000
  1.2284398e+000
 -1.2081854e+000
 -9.1297035e-001
  2.6282916e+000
 -1.8070022e+000
  2.0789584e-001
  2.1959926e-001
  2.2819058e+000
 -1.8078087e+000
  3.1095768e-001
 -4.2631670e-001
 -4.5920659e-001
 -1.6769146e-002
 -4.3525119e-001
  2.1639969e+000
 -1.7524032e+000
  9.0950452e-001
 -1.0843379e+000
  6.1568702e-001
 -1.0044247e+000
  1.1280795e-001
  5.5270034e-001
 -8.5694112e-002
 -4.9233179e-001
  6.7616418e-001
 -2.3537217e-001
 -1.1423500e+000
 -6.8407722e-001
  3.5900642e-001
  1.6758544e+000
 -9.8249112e-001
  2.8071980e+000
 -2.6997814e+000
  3.7856133e-001
  2.0104944e+000
 -1.5721586e+000
 -4.6710399e-001
  1.5763499e+000
 -1.0958557e+000
 -7.8270094e-001
 -3.7990276e-002
 -2.7200672e-001
  1.3657692e+000
  8.2663194e-001
 -9.1317913e-001
 -1.1958744e+000
  2.6845389e+000
 -4.3356868e+000
  2.3251021e+000
  1.1005948e+000
 -1.4188286e+000
 -8.5537044e-001
 -3.6369666e-001
  2.0318214e+000
  1.1455471e+000
 -4.7368615e-001
 -1.1129896e-001
 -1.0730650e-001
  1.0407422e+000
 -1.4714554e-001
 -8.0080484e-001
  1.6931255e+000
 -3.3947538e+000
  9.7925285e-001
  1.9581910e+000
  2.5806288e-001
  1.4136000e+000
 -3.5911480e+000
  1.5319586e+000
 -1.7980708e+000
 -1.0406204e+000
  1.1322792e+000
  8.7924856e-001
 -4.6870643e-001
 -3.4764668e-001
  2.6431539e-001
 -4.8860247e-001
 -8.6815268e-002
 -1.9617077e+000
  6.8866962e+000
 -3.1798873e+000
 -2.1928452e+000
  1.1591055e+000
  5.2253554e-001
 -5.4850425e-001
 -1.4108290e+000
  1.0831507e+000
 -5.7071949e-001
  1.6837637e+000
  4.0767514e-001
 -3.6594883e+000
  1.7341511e+000
  9.0641728e-001
  7.7196703e-001
 -2.1099081e-001
 -7.1194428e-001
 -2.4524682e-001
  1.8306369e+000
 -1.3961213e+000
  1.1906028e-002
  2.0131547e-001
  1.6810788e+000
 -3.8066855e-001
  1.1850904e+000
  1.9785936e-001
 -5.3866982e+000
  5.2692449e-001
  2.4165888e+000
 -6.9701288e-001
 -4.9451333e-001
 -2.3768990e-001
  4.8256301e-001
  3.9272478e-001
 -1.7663464e+000
  2.2863839e+000
  4.4242538e-001
 -3.4533785e+000
  1.2393862e+000
  1.0856498e+000
  6.5464230e-001
  1.2596691e+000
  3.8943540e-001
 -3.2632315e+000
  2.2213441e+000
 -1.6353330e+000
  2.6687255e+000
  2.1276157e-002
  2.0566789e-001
  3.1994448e-003
 -1.9705566e+000
 -1.3952530e+000
  4.0439560e+000
 -1.1756332e+000
 -2.2643128e+000
  1.5841607e+000
 -1.6884462e+000
  1.8663879e+000
 -8.8815857e-001
  1.7264133e+000
 -1.6069626e+000
  3.2852512e+000
 -1.0463632e+000
  1.8068769e+000
  1.7499565e-001
 -1.9214048e+000
  1.3062052e+000
 -6.1255874e-001
  8.0448337e-001
  7.5155973e-002
 -2.0545880e-001
  1.9272897e-001
  3.4193660e+000
 -2.1258386e+000
 -3.2367064e+000
  4.0803656e+000
 -3.1060333e+000
  3.1331480e-001
 -8.4236350e-001
  1.7646149e+000
  8.9046753e-001
  1.7661829e+000
 -2.3339315e+000
  1.9421053e+000
 -3.9378093e+000
  3.1398854e+000
 -6.7531673e-001
  3.5506962e+000
 -2.2077670e+000
 -3.3413594e-001
 -4.3985822e-001
 -1.3238443e+000
  3.9823620e+000
 -3.6856473e+000
 -8.4997102e-002
  4.9730093e-001
  3.6617808e+000
 -1.5044681e+000
 -1.6584489e+000
  1.8532095e+000
 -1.7916405e+000
  2.0498734e+000
  7.2332224e-001
  2.5220904e+000
 -4.4700010e+000
 -3.4250560e+000
  3.5699930e+000
 -1.9549340e+000
  9.8470343e-001
  7.6243177e-001
 -1.2605061e+000
  2.1486041e+000
 -2.5307008e+000
  2.0674944e+000
 -7.8343544e-001
  5.1515735e-002
  2.2661744e+000
 -1.4339422e+000
  6.8247371e-001
  4.4599156e-002
  3.0697272e-001
  5.5553838e-001
 -1.7505602e+000
  3.5331824e+000
 -7.8882023e-002
 -1.3952508e-001
  7.3116155e-001
 -4.1911517e+000
  8.3438023e+000
 -5.4651227e+000
 -7.8253614e-003
  1.0869328e-001
 -9.4807090e-001
  7.0233679e+000
 -6.0421212e+000
  4.1274001e-001
 -2.7996862e+000
  8.1505758e-001
  2.0525298e+000
  5.7364921e-001
 -1.0349169e+000
  4.1483339e-002
 -1.7415896e+000
  3.0685059e-001
  7.5065756e-001
  7.7077962e-002
  1.8488960e+000
 -2.1296089e+000
 -2.8047855e-001
 -3.5490133e-001
  8.0996504e-001
 -8.8177395e-001
  8.5328195e-002
  1.1672999e+000
  8.5887488e-001
 -7.6896961e-001
 -1.4265788e+000
  2.0453736e+000
 -1.7924293e+000
  1.8119620e+000
  1.1899159e+000
 -2.8523140e+000
 -1.6030814e-001
  2.0417472e-001
  2.3194301e+000
 -1.3316876e+000
 -1.3883005e+000
  6.5955985e-001
  9.8275185e-001
  1.6284302e+000
 -1.4762991e+000
 -2.5608113e-001
 -7.6875814e-002
  1.0364397e+000
 -6.5446459e-001
 -4.0924562e-001
  1.4692180e+000
 -1.0496615e-001
 -3.7289210e-001
 -6.4665970e-001
 -8.4533746e-001
 -1.0363756e+000
  4.2842820e+000
 -1.9618603e+000
  4.6488911e-001
 -3.1615616e-001
 -1.5046773e+000
 -1.1925508e+000
  2.0104269e+000
 -4.6517348e-002
  2.0841465e-001
  1.8196282e-001
  3.7015146e-001
  2.1739834e-002
 -1.7598799e+000
  1.9805044e+000
  7.4022463e-001
 -1.1332604e+000
 -3.0574008e-002
 -9.8411661e-001
  1.7244989e+000
 -5.4484019e-001
 -7.2243914e-001
 -8.2109042e-001
  7.1159826e-001
  1.1996479e+000
  1.5831540e+000
 -3.0618788e+000
  1.6365672e-002
  4.7436216e-001
 -6.1751087e-002
  7.9293846e-001
 -1.1129320e+000
  3.0875219e-001
 -5.0185284e-001
  6.7640850e-001
  1.5766658e-001
 -2.7142010e-001
  4.6324249e-001
 -1.5989158e+000
  7.3939045e-001
  7.8160245e-001
  7.5519924e-002
  9.2802364e-001
 -3.3197386e-001
 -6.5337956e-001
  6.1083531e-001
  3.2968516e+000
  1.4419206e+000
  2.5475048e+000
 -6.1679197e+000
  1.8623882e+000
 -3.4301261e-001
 -1.5254514e-001
  5.5010084e-001
  1.7305608e-001
 -1.8350985e+000
  2.9520410e+000
 -2.8673638e+000
  1.6184584e+000
 -1.6953142e+000
  1.8528648e+000
 -1.1650827e+000
 -9.6809732e-001
  3.0417910e+000
 -2.4529797e+000
 -1.8909913e-001
  1.8910970e+000
 -2.0339602e+000
  2.9098437e+000
 -2.7185270e+000
  2.9844041e+000
 -1.2471080e+000
 -3.8499514e-001
  1.0042841e+000
  5.9359214e-001
 -1.2938132e+000
  8.8925304e+000
 -8.0652831e-001
  4.6798050e+000
 -3.2858983e+000
  2.2577105e+000
 -2.7625164e+000
 -1.5007802e+000
  2.7581981e+000
 -3.5454697e-001
  7.7583590e-001
  2.4309630e-001
  1.2062164e+000
 -1.9748813e+000
  8.1738543e-002
  1.1886157e+000
 -2.8512436e+000
  2.1599217e+000
 -1.1738052e+000
  2.0310326e+000
 -1.2078091e+000
  1.9736665e+000
 -4.6836039e-001
 -1.9966868e-001
 -1.2163364e-001
 -1.3414739e+000
  1.2099953e+000
  5.5797536e-001
 -7.5211174e-001
 -5.0572745e-001
  2.4597692e+000
 -3.8756197e+000
  2.6243284e+000
 -6.1497022e-001
  5.2425493e-001
 -3.2780747e+000
  7.0125559e-001
  1.4410198e+000
 -1.0356331e-001
  1.2299520e+000
 -2.6278471e+000
  5.3660328e-001
 -1.0336587e+000
  9.8891507e-001
  1.3739700e+000
  1.2754007e+000
 -3.2522908e+000
  2.3299637e-001
  1.0087960e+000
  2.2725260e+000
 -3.6390998e+000
 -6.7412214e-001
  4.6203313e-001
  4.1515328e-001
  1.1447649e+000
 -3.1126571e-001
 -1.0691934e+000
  9.0380529e+000
 -7.1670896e+000
  1.1561666e-001
 -7.7637338e-001
  5.3793596e-001
  7.5295336e+000
 -6.2680245e+000
 -1.3166963e+000
  3.1865733e+000
 -1.5061930e+000
  3.8411223e-001
 -3.1013995e+000
  2.5551972e+000
  1.6380327e+000
 -2.3519171e+000
  1.2094157e+000
  2.5237709e-001
  5.1652400e-001
 -1.4988169e+000
  2.4169308e+000
 -8.7992458e-001
 -1.2487664e+000
 -1.0951641e+000
  2.7873274e+000
 -2.9270417e+000
  1.7140117e+000
 -6.1136027e-001
  3.5513854e+000
 -1.7964590e+000
  4.5783386e+000
 -1.8983878e+000
 -3.8939968e+000
 -5.3431421e-001
  1.7492607e-001
  1.7744533e+000
 -1.9163925e+000
  2.2697049e+000
 -1.5761140e+000
  2.3916651e+000
 -4.3708820e+000
  2.6155274e+000
 -4.0017274e+000
 -1.1235725e+000
  1.5430763e+000
  1.6936108e+000
 -1.4763880e+000
  2.6581986e+000
 -2.2945430e+000
 -4.5693407e-001
  9.6526026e-001
  2.4462530e+000
 -4.1048558e+000
  3.3330159e-001
  1.6678181e+000
 -1.4107530e+000
 -3.1024712e-001
  2.1183819e+000
 -1.5822659e+000
  1.1629576e-001
  4.4226946e-001
  2.3937736e+000
  1.7304342e+000
  1.0494007e+000
  1.3008893e+000
 -2.3054359e-001
  1.8657552e+000
 -2.5026568e+000
 -2.0511957e+000
  2.7850555e+000
 -1.7295353e-001
 -9.9104542e-001
  1.2342217e-001
  1.1111768e+000
 -1.8890971e+000
  1.1592295e+000
  3.7147388e-001
 -8.9194534e-001
  4.9675198e-001
  1.0681872e+000
 -1.7049592e+000
  9.0723888e-001
  1.6100339e+000
 -2.6726977e+000
  2.5386447e+000
 -2.5514426e+000
  1.7271156e+000
  4.6320632e-001
 -3.2218293e+000
  7.9414967e-001
  2.6163217e+000
 -2.2003271e+000
  1.6184848e+000
 -1.6040999e+000
  8.2793714e-002
 -5.0077340e-001
  4.0008416e+000
 -5.2923536e-001
  8.5971224e+000
 -9.6288300e+000
 -1.3279530e+000
  1.2460562e+000
  1.6217198e+000
 -3.0699984e+000
  2.1241194e+000
 -9.2640281e-001
  7.1283114e+000
 -4.6902424e+000
 -3.1330373e+000
  3.1491684e+000
 -3.7937180e+000
  2.9487281e+000
 -3.0789439e+000
  5.0844233e+000
 -3.5450831e+000
  1.7145658e+000
  3.8051365e+000
 -6.3226506e+000
  4.4997069e+000
  8.3581326e+000
 -4.6224757e+000
 -5.0887535e-001
 -1.0304922e+000
  2.4123110e+000
 -3.1833204e+000
 -8.8863925e-001
 -2.0006998e-001
  9.3535912e+000
  8.3295884e+000
 -4.0600043e+000
 -1.5483156e+000
 -3.0497710e+000
  1.7996007e+000
 -6.3483701e-004
  1.2715708e+000
  1.1613295e+000
 -4.5061156e+000
  7.5847460e+000
 -9.3690214e-001
 -1.6387257e+000
 -2.6140414e+000
  6.0102450e-001
  2.2717333e-001
 -3.7307271e+000
  4.4098106e+000
 -1.3156930e+000
  1.0321070e+000
 -1.8762275e+000
  4.2848915e-001
  5.3587548e-001
  3.9396212e+000
 -3.5636357e+000
 -4.9622243e-001
  1.0347350e+000
 -4.5982644e-002
 -2.2402537e-001
  3.6064450e-001
 -1.4302932e+000
  6.8640926e-001
 -2.9837016e-001
 -2.5961573e-001
  2.3123777e+000
 -1.2581832e+000
  5.0149839e-001
 -1.0377873e+000
  7.9960364e-001
  1.6478075e+000
  2.2275750e+000
 -1.0372910e-001
  4.2795385e-001
  2.3365345e+000
 -1.5429417e+000
 -1.5043787e+000
  1.5706112e+000
  1.0112803e+000
 -1.9742755e-001
 -6.0990219e-001
  1.8068973e+000
  2.6025508e+000
 -3.8116348e+000
  2.6434635e-001
  3.2343373e+000
 -4.8489047e+000
 -6.2159025e-001
 -1.5440541e-001
 -4.6663116e-001
  1.0620054e+000
  1.1113192e+000
 -1.9550560e+000
  8.3763488e-001
 -9.1129368e-002
  8.0528133e-001
 -2.7963890e+000
  1.1680005e+000
  3.5548365e+000
  3.1030885e-002
 -1.5118650e+000
  6.8931734e-001
  4.0768824e+000
 -4.1461698e+000
 -1.1108516e-001
 -2.7156553e-001
  1.8325490e+000
 -5.9766454e-001
  9.9681793e+000
 -7.6325193e+000
 -2.8512275e+000
 -3.3395997e+000
  2.4304279e+000
  8.7658840e-001
 -3.2137870e-001
  1.9410605e+000
 -1.8451201e+000
  7.8889408e+000
 -5.2180608e+000
  1.1399598e+000
 -1.7855499e+000
  2.3293995e-001
 -1.2119981e+000
  4.6734280e+000
 -2.7324714e+000
 -1.8467937e+000
 -1.9229040e-001
  3.0931574e+000
 -8.7410182e-001
 -1.1526615e+000
 -1.2938050e+000
  2.3784990e+000
 -8.4597161e-001
  1.0848617e+000
  6.1247526e-001
 -1.3356925e-001
 -1.8999868e+000
  1.2098663e-001
  2.2000074e+000
  1.4461753e+000
 -1.1650434e+000
  5.8843630e-001
 -1.4039454e+000
 -7.9948716e-001
  1.6586084e+000
 -7.3008688e-002
 -2.7031727e-001
 -5.0839286e-001
 -7.1452120e-001
  2.0155154e+000
  8.5706299e-001
  1.7554263e+000
 -2.4358190e+000
 -1.3839942e+000
  4.3590232e+000
 -5.8504457e+000
  5.4139886e+000
 -3.6564751e+000
 -6.1289338e-001
  3.4350173e-001
  1.0409034e+000
 -2.7160524e+000
  2.3420001e-001
  5.5959624e-003
  1.6940249e+000
 -1.2356418e+000
 -2.1473030e-001
  2.4656861e+000
 -2.1154823e+000
 -1.9133773e-001
 -3.3522409e-001
  1.4820852e+000
 -7.3245023e-001
 -2.0318774e+000
  9.9309865e+000
 -9.6301443e+000
  4.1039894e+000
 -4.7463984e+000
 -3.8506535e-001
  1.2441294e+000
  2.0380134e+000
 -1.1524921e+000
 -9.0837030e-002
 -7.5401775e-001
 -6.4216821e-001
  4.5646967e+000
 -5.2349921e+000
  2.7625493e+000
 -2.7888650e-001
  7.3410824e-001
 -6.1065673e-001
 -9.2503562e-001
  1.3676536e+000
  5.2260454e-001
 -1.3936110e+000
  3.9650315e+000
 -9.8675176e-001
  1.5821802e-001
 -9.4439077e-001
 -2.7415165e+000
  2.7990823e+000
 -2.3182290e+000
  2.2810147e+000
  1.7531121e+000
  1.7083598e+000
 -1.4167629e+000
  4.1294293e+000
 -2.8971950e+000
  1.1788716e+000
 -5.6793857e-002
 -1.4787074e+000
  4.0203292e+000
 -3.1807385e+000
  6.0274761e-001
 -1.1185339e+000
  2.0060385e-002
  8.2217170e-001
  4.5233010e-001
  6.7322649e-002
  1.4718692e-002
 -1.1407485e+000
  1.4218743e+000
 -7.9331712e-002
 -1.1674902e+000
  1.6517537e-001
 -4.2910807e-002
  3.3505379e-001
 -1.1461341e+000
  9.3323596e-001
  2.8342524e+000
 -2.3538567e+000
 -1.4136325e+000
  1.9121529e+000
  3.4558184e-001
 -2.2465179e+000
  1.4448453e+000
 -9.3055745e-001
 -3.5344375e-001
  2.1816324e+000
  4.3100481e-001
 -2.0542874e+000
 -3.7384635e-001
  1.9587643e+000
 -3.5525482e-001
 -4.6429137e-001
 -2.0503925e+000
  7.1643339e-001
  7.8777579e-001
 -1.7447108e-001
 -1.1279197e+000
  2.4890764e+000
 -1.6803712e+000
  1.8742842e+000
 -3.2858333e+000
  1.0362914e+000
  1.1815023e+000
 -1.2442112e+000
  2.1229136e-001
  1.9526636e+000
 -2.3909410e+000
  9.9269002e-001
 -2.6189443e-001
  6.8295116e+000
 -6.4119353e+000
  8.0923978e+000
 -5.2783971e+000
  5.0099552e-001
  6.1847552e-001
 -8.4782757e-001
 -1.0927323e+000
  2.9393295e+000
 -4.9176795e-001
 -2.2976948e+000
  2.4187447e+000
 -1.9973665e+000
  2.2828217e+000
  6.1046699e-001
 -2.2317226e+000
 -2.5175030e-001
  1.3845230e+000
 -1.3723599e+000
 -9.6603050e-003
 -1.0908975e-001
 -2.7268033e-001
  9.5670205e-001
  8.4983213e-001
 -5.7097833e-001
  7.3010361e-001
  5.3434634e-001
 -2.1316571e+000
 -1.9104819e-001
 -1.9059414e-001
  2.0388572e+000
 -2.1547689e-001
  7.4623016e-001
 -2.1341021e+000
  1.8724451e+000
 -1.4329951e+000
 -2.3363909e-001
 -1.1823868e+000
  2.8260515e+000
 -2.1000474e-001
  1.1522801e+000
 -3.7396385e+000
  1.7074375e+000
  1.6437852e+000
 -2.5322455e+000
  5.0311267e-001
  2.9037297e-001
  2.3145403e+000
 -3.0374226e+000
  1.2782377e+000
  1.3537625e+000
  8.8857648e-001
 -2.5190703e+000
  8.3251227e-001
 -6.5650807e-001
  1.9318278e+000
  5.1276610e-001
 -2.6718971e+000
  1.8470896e-001
  1.3187340e+000
  9.3285582e-001
 -1.5746757e+000
  2.4368853e+000
 -7.7751569e-001
  9.3282814e-002
  1.0069655e-001
 -1.1655570e+000
  2.1350214e-001
 -4.4372605e-001
  4.5940241e+000
 -4.6923229e+000
  8.2435046e-001
 -8.1664215e-001
  1.8110825e+000
 -6.3485356e-001
 -3.9462275e-001
 -1.7091762e+000
  1.6522626e+000
  2.8456754e+000
 -3.1111422e+000
 -3.4981540e-001
  6.7124932e-001
 -2.5944148e-001
  2.1185558e-001
 -6.1599851e-001
  2.0536168e-001
  9.1247738e-001
  2.8383869e-001
 -1.8206833e+000
 -3.1253808e-001
  6.6886786e-001
  1.2727719e-001
 -9.7463510e-001
 -2.0976982e+000
  3.4612676e+000
  1.1489784e+000
 -1.4663291e+000
  1.4196042e+000
 -3.2462280e+000
  3.5036586e+000
 -2.3593737e+000
 -5.5179935e-001
  3.0065979e+000
 -3.0434548e+000
 -2.4355009e+000
  1.9864196e-001
  7.9071871e-002
  4.0789465e+000
 -7.2871671e-001
  5.3488171e-001
 -1.8190754e+000
  1.5822672e+000
  6.0244569e-001
  6.2369142e-002
  3.7718689e-001
  1.2468061e+000
 -1.7461368e+000
 -7.4865687e-001
  8.6201354e-002
  4.5438917e+000
 -9.0033290e-001
 -2.3340003e+000
 -6.7744705e-001
  1.7775593e+000
 -1.1285639e+000
 -5.9451037e-001
  7.0160424e-001
 -7.6507077e-001
 -1.5906146e+000
  1.4122099e+000
  8.9837170e-002
  2.8394987e+000
 -2.9745171e-001
 -7.1455449e-001
  5.5093969e-001
 -1.6239241e+000
  2.2170793e+000
  4.8134078e-001
 -2.9229289e+000
  1.0091139e+000
  1.1880678e+000
 -1.7068945e+000
  3.9804591e-001
 -1.2837431e+000
 -8.8555987e-001
  2.5239759e+000
  4.7502920e-001
 -1.9721531e+000
  1.7499535e+000
  7.6926002e-001
  2.0896650e+000
 -2.7408263e+000
 -4.8554304e-001
 -1.3023024e+000
  7.3487703e+000
 -1.9096527e+000
  8.3771374e-001
 -1.6948675e+000
  9.6836144e-001
 -2.2725078e+000
  5.3801168e+000
 -2.1626282e+000
 -1.5850115e+000
 -3.7667043e+000
  8.8325671e-001
  2.6756615e+000
 -2.0703984e+000
  1.4784252e+000
 -1.1056392e+000
  1.0193422e+000
  3.0610397e-002
 -3.4072369e+000
  3.5068162e+000
  7.1886112e-002
 -2.6216096e-001
 -4.0478917e-001
 -1.6750603e+000
  1.8463579e+000
 -1.0930470e+000
  1.1951370e+000
 -3.5617301e-001
 -9.4205545e-001
  2.9297032e+000
 -9.8060884e-001
 -4.8965839e-001
  2.5265457e+000
 -5.5556846e-001
 -4.7120730e-001
 -1.6254784e+000
  1.0693323e+000
 -1.3495475e+000
  1.7901172e+000
 -9.1338140e-001
 -8.9426358e-001
  6.1162394e-001
 -1.0377736e+000
  1.4757395e+000
 -3.2846673e-001
  5.5928200e+000
 -4.8387467e-001
 -3.4346281e+000
 -6.2790836e-001
  3.6043250e+000
 -2.2027596e-002
 -1.7662885e+000
 -2.5243767e-001
  2.0668912e+000
  3.2454761e+000
 -2.7378625e+000
 -1.2353880e+000
 -1.8738389e+000
  1.2998501e+000
 -7.3935979e-001
  7.9871942e-001
 -1.2266137e+000
  1.3694407e+000
 -2.1451518e+000
  1.6990949e+000
  5.5207886e-001
  1.5611447e+000
 -1.5956625e+000
 -1.2042093e+000
 -2.6511695e+000
 -2.2343607e+000
  4.7535257e+000
 -3.2997660e+000
  3.6617209e+000
  2.1390340e-001
 -1.3148752e-001
 -2.0066736e+000
 -1.3748371e+000
  7.0253001e-001
 -1.3819131e+000
  2.5812307e+000
 -1.5264160e+000
 -9.2233157e-001
  2.4579801e+000
 -9.1063682e-001
  9.2337433e-001
 -3.0086190e-001
 -1.4482633e+000
  4.6708979e+000
 -2.4587374e+000
  1.2182736e+000
 -3.2537893e+000
  1.7773649e+000
  6.0596503e+000
 -4.5684442e+000
 -1.9350318e+000
 -4.5607692e-001
  4.5057226e-001
 -1.2158113e+000
  6.0628890e-001
 -1.5823932e+000
  2.9753431e+000
 -5.2313474e-001
  1.7041607e+000
 -2.1670575e+000
  1.8549616e+000
 -2.5690946e+000
  1.3905698e+000
 -1.3407068e+000
  1.6331957e+000
 -4.4096096e-001
  7.2806609e-001
 -1.6385377e+000
  7.1266018e-001
 -1.7718679e-001
  1.0128974e+000
 -2.8506918e+000
  5.2537698e+000
 -1.9865851e+000
  6.5696924e-002
 -5.0579833e-001
 -7.0218406e-002
 -3.1725427e-001
  6.4786407e-001
  1.4613010e-001
  2.8804133e-001
 -1.5889358e-001
 -1.7987507e+000
  4.8058882e+000
 -4.0499321e+000
