  9.3451315e+000
 -3.3402493e+000
 -2.1630076e+000
 -1.6788666e+000
  1.6994517e+000
 -1.8741689e+000
  3.9368599e+000
 -3.0768885e+000
 -1.1497345e+000
  1.5271983e+000
  8.8188818e-001
  4.1073861e-001
 -1.1535364e+000
  3.1726213e-001
  9.6346736e-001
 -7.8817346e-001
  2.2039615e+000
 -7.7217225e-001
 -2.7581341e+000
  5.1994657e-006
  1.6211332e+000
  1.4077892e+000
 -4.5618532e+000
 -1.0759951e-001
  8.8000883e-001
  7.0367301e-001
  1.5761207e+000
 -1.7926692e+000
  2.3961611e+000
 -2.2213481e+000
  7.8153360e-001
 -7.8153360e-001
  2.1805434e+000
  3.5681821e-001
 -1.4601393e+000
 -9.4949304e-001
  1.9424204e+000
  3.5573835e+000
 -3.8995485e+000
  3.2531899e-001
  1.5740273e+000
 -1.0252136e+000
 -2.1598988e+000
  2.6331934e+000
 -9.5079814e-001
 -2.2924709e+000
  1.6077882e+000
  3.2031059e+000
 -2.2300973e+000
  4.1231571e-001
  1.1910949e+000
 -2.9135411e+000
 -1.4603125e-001
 -1.4759876e+000
  4.1128161e-001
 -5.2471459e-001
 -1.6298214e-001
 -7.7188988e-001
  1.7939020e+000
  3.6006819e+000
 -5.1545743e+000
  4.7825313e-001
  2.9192971e+000
 -7.7644640e-002
  4.6943256e+000
 -3.7822836e+000
 -5.6646444e-001
 -1.0969575e+000
  4.1364255e-001
  3.6049662e+000
  5.2834540e+000
 -9.6374510e+000
 -4.5960449e-001
  2.5511494e+000
 -2.6576198e+000
  7.9060523e-001
 -6.1458834e-003
  2.6467360e+000
 -2.1175159e+000
  3.0704302e+000
 -1.9522209e+000
  1.9072907e+000
 -7.1397540e-002
  5.8576313e-001
 -2.8692447e+000
  4.7063066e+000
 -2.3356355e+000
 -3.4669067e+000
  8.1274253e-001
  3.0883843e+000
 -2.0110165e+000
  8.5951094e-001
 -9.5111124e-001
 -1.6907815e+000
  4.9980473e+000
 -4.1675410e+000
 -1.8012256e-001
  1.6649455e+000
  6.2389368e-001
 -2.7631038e+000
  2.1212975e+000
 -2.3659322e+000
 -1.1199587e+000
  2.0423606e+000
 -1.0051170e+000
  8.0002730e+000
 -8.1871410e+000
  6.9500843e+000
 -4.6332494e+000
  1.7154797e+000
  6.9584897e+000
 -1.0578595e+001
  1.1744043e+000
 -7.0699181e-001
  4.5101565e+000
  6.0555619e-002
 -2.2841935e+000
  4.0705154e+000
 -6.1784002e+000
  3.3859140e+000
 -2.6382382e+000
 -4.5980951e-001
  1.2680300e+000
  1.4712119e+000
 -1.7882255e-001
 -4.5524960e-001
 -2.4309819e+000
  3.2767126e-001
  7.5939217e-001
  1.5479161e+000
 -4.5601254e-001
  4.7577273e-001
  1.5050172e+000
 -2.1523287e+000
 -1.5984476e+000
  5.1254246e+000
 -3.9534404e+000
 -3.9605384e-003
  4.7053247e-001
 -1.0043192e+000
  2.3793813e+000
 -1.6030054e+000
  4.2499556e+000
 -1.8523014e+000
 -1.9681930e-001
 -4.5218828e-001
 -1.3139029e+000
  1.6279387e+000
 -1.4789285e+000
 -3.5332405e-001
  7.2402849e-001
 -6.2782827e-001
  4.0119304e+000
 -4.0464166e+000
  4.5889846e+000
 -4.3019354e+000
  1.9226478e+000
  4.5530558e-001
 -2.5296195e+000
  2.7503738e+000
 -3.2101778e+000
  1.1904085e+001
 -8.4349115e+000
 -6.6882468e-001
 -1.2093498e+000
  2.7312405e+000
  1.0903617e+000
  4.1493582e+000
 -7.3649655e+000
 -7.2355364e-001
 -1.5000582e+000
 -2.0778917e+000
 -9.8982436e-001
  1.3492871e-001
  1.1920903e+000
  1.8533892e+000
 -1.7202286e+000
  1.2112910e+000
  1.7199019e-002
  7.8104213e-001
 -3.0816213e-001
 -3.7793311e+000
  9.3063491e-001
 -4.2644335e-001
  3.2476411e+000
  1.7007191e+000
 -3.0357502e+000
 -1.5525490e+000
  8.9437436e-001
  6.7512953e-002
  4.9401081e+000
 -3.1200304e+000
 -4.0923468e+000
  2.4584752e+000
  1.7460866e-002
 -1.2113128e+000
  7.3543617e-001
 -1.1969098e+000
  9.1912473e-001
  3.9938461e+000
 -2.9614006e+000
 -1.4227907e-001
 -1.0623028e+000
  4.6562454e-001
 -3.1341283e-001
  2.0161662e-002
  1.0486313e+000
 -4.0781418e-001
 -9.2110710e-001
  6.1726101e-002
  9.9548826e-001
  7.5377493e-001
  8.5025606e-001
 -2.3145749e-001
 -1.0451704e+000
  1.7683044e+000
  6.8108533e-001
 -1.4049837e-001
 -8.8074348e-001
 -3.0304512e-001
  4.2545701e+000
 -1.8900880e+000
 -2.8216498e+000
  8.1126422e-001
  7.4594170e-001
 -6.7514684e-001
  1.6408084e+000
 -8.0522641e-001
  9.0963307e-001
 -1.7741636e+000
 -9.8715000e-002
  2.6703671e+000
 -2.8766339e+000
  5.2427251e-001
  8.1863738e-001
  7.1331419e-001
 -4.0616615e-001
 -1.9448195e+000
  8.6385840e-001
  7.4252727e-001
 -5.8286408e-001
 -8.2063191e-001
 -3.4608748e-001
  1.6254750e+000
  2.0347340e-001
  1.1062497e+000
 -2.5902035e+000
  9.3180940e-001
 -5.0386790e-001
  5.0103334e-001
  2.4610578e+000
 -3.5160056e+000
  9.0756225e-001
 -3.3721536e-001
  1.9228625e-001
  1.4819551e+000
  6.1149631e-001
 -2.6544852e+000
  3.6446387e+000
 -1.4550171e+000
 -3.1616034e+000
  3.1859948e+000
 -3.0875300e+000
  3.9599196e-001
  3.1210088e+000
 -3.0815499e+000
  7.9891770e+000
  2.4212824e+000
 -1.0165377e+000
 -4.4638832e+000
  3.9962939e+000
 -2.0586343e+000
  4.8041761e-001
  1.9713271e+000
 -3.1018831e+000
  9.6715368e-001
  4.7572837e+000
  2.6601084e+000
 -3.0171594e+000
 -5.0360062e+000
  4.8420842e-001
  5.8324771e-001
 -3.5197756e-001
  6.0461502e+000
 -6.2129880e+000
  2.9855335e+000
 -1.5456529e+000
  2.6645516e+000
 -6.0104509e+000
  1.0407668e+000
  1.7425233e+000
 -5.5339182e-001
 -3.8886707e-001
  7.4081939e-001
  2.1007998e+000
 -1.7018951e+000
  8.0496770e-002
 -1.7609295e+000
 -1.4674692e+000
  2.5688176e+000
 -1.9154022e+000
  2.5740310e+000
  7.6623332e-001
 -1.6909966e+000
 -5.3655163e-001
  3.8963474e-001
  1.8089521e+000
  7.8757537e-001
 -5.2019693e+000
  2.8519815e+000
  1.1916039e+000
 -1.4421468e+000
 -4.5981339e-001
 -9.3999417e+000
  2.1226708e+000
 -8.5178072e-002
  5.8856496e-001
 -1.5037120e+000
  3.7160974e-001
 -5.5692496e-001
 -1.3176365e+000
  4.4761425e+000
 -3.4171151e+000
  2.7149840e+000
 -1.8927972e+000
 -5.7103176e-001
  1.8570480e+000
 -2.8952051e+000
  2.6345103e+000
  2.4566531e-001
 -9.6219101e-001
 -9.5531055e-001
  8.3927610e-001
 -2.1455435e-002
  3.3090304e+000
 -3.7258126e+000
  7.8572046e-001
 -1.0931233e+000
  8.5354423e-001
 -2.9224439e-001
  2.5410578e+000
 -3.1308197e+000
  5.5895427e-004
  2.8498167e+000
 -4.8471522e-001
 -4.2055284e+000
  5.0332984e-001
  1.1010802e+000
 -2.2540044e+000
  3.3368051e-001
  4.5180905e-001
 -1.6343755e+000
  2.3880720e+000
 -4.3928467e+000
 -7.3965482e-001
  1.8107936e+000
  1.3588598e+000
 -4.0776832e+000
  1.4192030e+000
 -9.8907760e-001
  5.9269872e-001
  1.0210725e+000
  4.6181249e-002
 -1.1455388e+000
 -5.1874195e-001
  1.0877374e+000
  3.5738769e-001
  1.5299731e-001
 -2.5313225e-001
  7.2251511e-001
 -2.9472609e+000
  3.0670169e+000
  1.5860951e-001
 -2.1856941e+000
  7.4487708e-001
  2.0087801e-001
  7.6351257e-002
  2.0468615e-001
  2.5221563e-001
  6.7478661e-001
 -1.6459761e+000
  3.3189976e-002
 -8.8118967e-002
  7.0509441e-001
  2.4840791e+000
 -1.6112084e+000
  9.7905931e-001
 -2.2561213e+000
  1.3118368e+000
 -2.9027507e+000
  4.6661481e+000
 -1.5641490e+000
  6.5027607e-001
 -2.9362455e+000
  4.3395333e-001
 -1.1212389e+000
  1.2070679e+000
  2.0615677e+000
 -2.7583285e+000
  6.8493446e-001
 -1.4004920e+000
 -1.7240345e+000
  3.2907030e+000
 -6.9510879e-002
 -3.7599696e+000
  2.3280000e-001
 -3.6856852e-001
  7.8173524e-001
  1.1491765e+000
  1.1054052e+000
 -1.5204369e+000
  2.7205224e+000
 -2.8288808e+000
 -2.8628807e-002
  1.4731863e+000
 -1.0522399e+000
  1.2390645e+000
 -2.0817632e-001
  9.0766670e-001
 -3.1146146e+000
 -1.5689643e+000
  1.0027626e+000
 -7.5971548e-001
 -7.7901800e-001
 -2.0457053e+000
  3.8489710e+000
 -2.2461463e+000
 -2.2098761e+000
  2.9424183e+000
 -2.6849050e+000
  7.4903504e+000
 -3.0702498e+000
 -1.8642081e+000
 -3.8285379e-001
  2.3863117e+000
 -1.0194610e+000
 -4.1959422e-001
 -5.9313494e-001
  1.9441758e+000
 -2.2380834e+000
  5.5215271e-001
 -2.0653969e-001
 -5.5045880e-001
  1.9629165e-001
  8.6745267e-001
  9.6400068e-001
  5.0056549e-001
 -1.9254900e+000
  1.5723051e+000
 -2.9446590e+000
  4.9784319e-001
  3.0885662e+000
 -4.5159372e+000
  1.5550790e+000
  5.7528314e-001
 -4.0731384e-001
  1.4858598e+000
 -1.1271961e+000
 -1.4728843e-001
 -7.4687350e-002
 -4.3904208e-001
 -6.5608314e-001
  4.1716266e+000
 -3.9811097e+000
  8.4272858e-001
  1.3003363e+000
 -1.8507289e+000
 -1.1520295e+000
  1.3966844e+000
 -2.7265186e-001
 -3.7512474e-001
  3.3476265e+000
 -1.5403603e-001
  1.1271358e+000
 -1.1240560e+000
 -1.1658839e+000
  2.0458558e+000
 -9.0930385e-001
  2.7587384e+000
 -3.8479235e+000
  3.1681685e+000
 -3.4704008e-002
 -3.5247688e+000
  4.8058001e+000
  8.2184279e+000
 -1.0879029e+001
 -2.0564918e+000
  3.6268115e-001
  1.0444075e+001
 -4.9319701e+000
 -2.4349146e+000
  6.9505044e-001
 -2.8158935e+000
  2.3738930e+000
 -2.0657641e+000
  3.0373141e+000
 -8.9840965e-001
 -2.4505774e-001
 -1.4772498e-001
 -4.1435066e-001
 -1.8529446e+000
  3.6645428e+000
 -1.8645214e+000
  6.1479245e-001
 -9.8857690e-001
  2.1444692e-001
  2.1618652e-001
 -6.7554188e-001
  1.5293086e+000
 -4.8684378e-003
 -7.4416839e-001
  1.8642554e+000
 -8.3708207e-001
  1.1936534e+000
 -1.4325662e+000
  1.2979195e-001
 -2.2826191e+000
  5.3966164e-001
  2.9469853e-001
  2.8808759e-001
 -1.0627851e+000
  2.1702260e+000
 -1.9539918e+000
  3.6911718e+000
 -2.1679579e+000
  2.9264583e-001
  1.3147503e+000
 -8.4396107e-001
 -6.4426212e-001
 -4.3112494e-001
  1.5554233e+000
 -6.3258508e-001
  1.3854800e-001
 -6.6296682e-001
 -2.2828897e+000
  6.2058133e+000
 -6.5159078e+000
  3.4422747e+000
 -1.2857235e+000
 -1.7349059e-001
  9.3745659e-001
 -5.4637195e-001
 -1.5414373e+000
  1.0932658e+000
  4.5169590e-001
 -5.0548480e-001
  1.9105437e+000
 -1.0444622e+000
 -1.1715160e+000
 -6.1926271e-002
  1.7793528e+000
  6.5344598e-001
 -1.4030160e+000
  3.4967379e+000
 -2.2153680e+000
 -6.0463734e-001
  6.9886528e-002
  1.0162775e+000
 -2.2057305e+000
  3.0338566e+000
 -2.8527892e+000
 -4.9963967e-003
  7.0258123e-001
  7.5514308e-001
 -5.2192382e-001
 -1.2958058e-001
  9.3598001e-001
 -9.5068774e-001
 -1.3474444e-001
 -8.6278548e-001
 -7.9924072e-001
  3.6713712e+000
 -3.1975794e-001
 -2.8248428e+000
  3.6240695e-001
  1.8195828e+000
  2.0420125e+000
  2.3060639e+000
  3.5657764e-001
  3.0755789e-001
 -1.4012065e+000
  5.2536484e-001
  5.6660924e-001
 -1.5853933e-001
  6.4597962e-001
 -9.7289169e-001
 -7.7291246e-001
  3.0459160e+000
 -2.1929489e+000
  2.4887879e-001
  7.3835019e-001
  4.1215092e-001
  4.9539587e-001
  2.9442399e+000
 -4.0072151e+000
 -2.8809567e+000
  6.1618250e-001
  1.9785991e+000
  8.3683489e-002
 -2.0778356e-001
 -1.0860101e-001
 -9.8281494e-001
  2.0973261e+000
 -9.6835625e-001
  9.5372052e-001
  9.7085872e-001
 -1.1733058e+000
 -2.0939885e+000
 -4.6514737e-001
  1.4795076e+000
  1.8079782e-001
 -1.3544659e+000
  1.6726049e+000
  4.1497561e-001
 -9.2489765e-001
  6.5041055e-001
  3.4540002e-001
  1.7340993e+000
 -3.0428604e+000
  6.9086719e-002
 -2.3306999e-001
 -5.9168380e-001
  1.3472382e+000
 -6.6907640e-001
 -6.9952058e-001
  1.8209233e+000
 -4.2688560e-001
 -1.2335113e+000
  7.7728673e-001
 -6.5408915e-002
  1.2053715e+000
 -1.4239256e+000
  3.3570106e-001
 -2.3604014e-001
 -4.4359560e-001
  2.1714706e+000
 -1.7844609e+000
  1.1239933e+000
 -1.6441169e+000
 -6.5054455e-001
  8.5300139e-001
  6.4755307e-001
 -1.5611664e+000
  2.1840945e+000
 -1.4458122e+000
  2.2767959e+000
 -1.9181639e+000
 -9.3892094e-001
  3.3353017e+000
 -1.4412074e+000
  2.0173003e+000
 -2.5621697e+000
 -1.8055024e-001
  1.2302722e+000
  5.8410512e-001
 -2.3543028e+000
  6.4513333e-001
 -1.4212389e+000
  3.6016725e-001
  5.6106484e-001
  2.0441101e+000
  2.1893009e+000
 -1.2381015e+000
 -1.9859079e+000
 -1.9214872e+000
  2.5212782e+000
 -1.0826070e+000
  2.6712811e-001
 -7.4242137e-001
  1.3918827e+000
  5.4910175e-002
  4.4883969e-001
 -1.4017053e+000
  9.6511995e-001
 -1.5827977e+000
  2.1902200e-001
  8.0485304e-001
  6.5677171e-001
  2.0527869e+000
 -8.4367224e-001
  5.3167074e-001
  2.5716667e+000
 -8.7223001e-001
 -4.5057621e-001
  7.1344310e-001
  8.1792061e-001
 -1.9849134e+000
  7.8677415e-002
 -5.4479222e-001
  6.1463973e-001
  1.3412115e+000
 -2.3575815e+000
  5.4450497e+000
 -2.8557519e+000
  1.0236273e+000
 -3.4204818e+000
  1.1110571e+000
  2.5312106e+000
 -1.9176880e+000
  1.4832417e+000
  1.4627391e+000
 -2.5562400e+000
  1.1393432e-001
  1.8784678e+000
 -1.4331835e+000
 -1.5411061e+000
  2.0847226e+000
 -6.6960021e-001
  1.0294268e-001
 -1.2184527e+000
 -4.3139224e-001
  2.4830911e+000
  9.3703628e-001
 -2.0398376e+000
 -6.9555442e-001
  3.0395529e+000
 -1.2731348e+000
 -9.1249229e-002
 -1.5257230e+000
  2.7631307e+000
  1.4172484e+000
 -3.4241066e+000
  2.8094385e+000
 -3.6679330e-001
 -1.8965126e-001
 -1.3467640e+000
  2.0374977e-001
 -1.1856957e+000
 -1.3023473e+000
  3.4874241e+000
  1.8119080e+000
 -2.1706129e+000
  9.2931704e-001
 -3.1472887e+000
  4.8392126e-001
  2.4269892e-001
  4.3748615e-001
  2.0792950e+000
 -3.1354515e+000
  2.8159615e-002
 -3.7277099e-003
  6.4719364e-001
  2.1202797e-001
 -7.8593273e-001
 -9.4438026e-001
  7.8410360e-001
  1.9595496e-001
  6.6321799e+000
 -5.0204494e+000
 -1.3628494e+000
  7.0431211e-001
 -1.1005166e+000
  2.8245221e+000
  4.8081130e-001
 -1.6462965e+000
  8.7999428e-001
  7.9097901e-001
 -1.5109438e+000
  2.7462826e+000
 -5.2874808e-001
 -2.7768228e+000
 -4.5081934e-001
 -3.0278316e-001
  1.8017601e+000
 -1.7485112e+000
  2.8706555e+000
 -2.7037433e+000
  1.1063916e+000
  4.4715720e-001
  2.9862140e-001
 -1.6213957e+000
  1.4624348e+000
 -8.3060569e-001
  1.7070951e+000
  2.5112353e+000
 -1.7012387e+000
 -2.3993405e+000
 -1.7805287e-001
  6.5910956e-001
 -1.2524014e+000
  3.5476706e+000
 -3.0400765e+000
  2.5644159e+000
 -8.8839848e-001
  1.0633229e+000
 -3.0450407e+000
  1.2651790e+000
  7.7234781e-002
  4.2390076e-001
  1.5813728e+000
 -2.4983994e+000
  8.0963163e-002
 -1.2574272e-001
  3.4614467e+000
 -2.4935240e+000
 -1.8889648e+000
  1.0592798e+000
 -9.1822615e-001
 -9.1242677e-001
  1.7142142e+000
 -8.9991610e-001
 -1.2799359e+000
  1.1586839e+000
  1.4683025e+000
  1.3129044e+000
 -8.0404729e-001
 -7.6052726e-001
 -1.3679810e+000
  1.6017472e+000
  1.3922333e-001
 -3.7804520e-001
  1.1989669e+000
 -8.1703350e-001
 -3.6599091e-003
  2.0760217e+000
 -2.7603187e+000
  5.3318341e-002
  7.7789991e-001
 -1.7637749e+000
  4.8839737e-001
 -8.1712460e-001
  2.5248795e+000
 -3.7324497e+000
  8.1148231e-001
  9.4884028e-001
 -9.5068249e-001
  5.8602493e-001
 -1.3585470e+000
 -4.3853476e-001
 -5.7318955e-001
  3.6943051e-001
  8.4845908e-001
 -2.8543207e-001
  3.7549548e-001
 -6.6403035e-001
  2.9505500e-001
  1.1047981e+001
 -5.4864627e+000
 -2.1294178e+000
 -7.6650533e-001
 -1.3630973e+000
  2.3867564e+000
 -2.4376546e+000
  2.8584490e+000
 -2.5789033e+000
  4.4583866e+000
 -2.7080097e+000
  1.4319601e+000
 -2.3530369e+000
 -5.0066205e-003
  7.6656365e-001
  2.9003562e-001
  7.5172268e-001
 -2.7293884e-001
 -7.2402442e-001
  5.8620167e-001
 -3.0597124e-001
 -6.2552068e-001
 -9.3794662e-001
  8.4372769e-001
 -2.8560905e-001
  1.4747097e+000
 -6.3886426e-003
  6.2167834e-001
 -1.2715256e+000
 -2.5838743e-001
  1.5253756e+000
 -2.2970514e+000
  2.9033122e+000
 -2.2954975e+000
 -1.7309647e-001
 -7.9600429e-002
  6.1925838e-001
 -8.6045058e-001
  3.2495403e-001
 -7.3110822e-001
  1.3382637e+000
 -7.8735119e-001
  4.0485760e-001
 -4.5785796e-001
  1.4847510e+000
 -1.5272423e+000
 -1.3032847e+000
  8.1882890e-001
  2.4492646e+000
 -1.6471855e+000
  6.6315712e-001
 -1.8040621e+000
 -9.0777231e-002
  9.8349819e-001
  1.0344954e+000
 -1.0764778e+000
  1.3288346e-001
 -2.0362400e-001
 -9.1717026e-001
  4.0329257e+000
 -3.1939650e+000
  1.5092811e+000
 -5.6505132e-001
 -3.9480902e-001
  1.5800302e+000
 -1.2182720e+000
 -1.7095705e+000
  2.8745345e+000
 -1.5267248e+000
 -3.7865541e-001
 -1.6778583e+000
  2.6007607e-001
  1.8118521e-001
 -5.9761581e-001
  2.7751581e-001
  2.8629419e+000
 -2.1629726e+000
 -1.8237119e+000
  2.9752513e-001
  1.8620990e+000
 -1.0479432e-001
 -1.1805549e+000
  6.7942238e-001
  4.8615843e-001
 -1.7553693e+000
 -1.2164459e-001
  2.5396167e+000
 -2.3935350e-001
 -1.4303602e+000
 -6.4324527e-001
  9.3123234e-001
  8.5064409e-001
 -2.3619485e-001
  2.0270979e+000
 -2.2859443e+000
  8.2711970e-002
  1.5729214e+000
 -2.5872500e-001
 -2.5560117e+000
  8.1580150e-001
  1.3970867e+000
  1.1090815e+000
 -1.5073443e+000
 -2.1266890e-002
 -2.2692807e-001
  7.2275329e-001
  3.0890183e-001
 -7.7624712e-002
 -6.9145602e-001
  2.8165977e+000
 -3.5076432e+000
  2.2194811e+000
 -2.4495592e+000
  3.4177123e-001
  5.2642580e-001
  1.2106147e+000
  4.1511692e-002
 -1.2762404e+000
 -1.3211233e+000
  8.1507984e-001
  7.9748867e-001
 -3.6823054e-001
 -7.7192820e-001
  2.2668773e+000
 -3.2877977e+000
  7.4853579e-001
  9.2549272e-001
 -1.7567089e+000
 -4.4925524e-002
  4.7206078e+000
 -2.6204185e+000
  9.2767897e-001
 -1.2259474e+000
  2.2530674e+000
 -3.7735758e+000
  1.4164464e+000
 -1.7203775e-001
 -3.2443902e-001
 -4.8273974e-001
  3.1434834e+000
 -2.3157415e+000
  1.4669379e+000
 -2.4835226e+000
 -4.8780495e-001
  3.2113191e+000
 -1.6317884e+000
  1.1069087e-001
 -2.5044700e+000
  2.6986168e-001
  4.8563927e+000
 -3.6332203e+000
 -7.4476063e-001
 -1.3588014e+000
  1.7386794e+000
 -1.5819132e+000
  1.5970760e+000
 -1.4256960e+000
  3.1568501e+000
 -4.7540614e+000
  9.4142309e-001
  2.9219847e+000
  7.0301047e-001
 -1.6923517e+000
  1.0621452e+000
  4.0906748e+000
 -4.1250858e+000
  1.2510295e+000
 -5.8502093e-001
 -1.3035033e+000
 -6.7883832e-001
  1.9875275e-001
  1.1290765e+000
 -1.3757314e+000
  4.2984442e-001
  5.1818043e-001
 -2.0538448e+000
  3.3272223e+000
 -9.3310484e-001
 -1.6818478e+000
  3.4819805e+000
  4.1176239e-001
 -3.6566016e+000
 -7.4641438e-001
 -5.9241009e-001
  1.7556994e+000
  2.8765768e+000
 -1.9292306e+000
 -2.2737437e+000
  3.1627187e-001
  6.4842096e-001
 -9.2636403e-002
  5.1868595e+000
 -6.5506512e+000
  1.2410589e+000
 -8.6234107e-001
  6.8243448e-001
  4.5746871e-001
 -1.8747964e+000
  4.5169648e+000
  9.0871340e-001
  1.5739848e+000
 -1.9136917e+000
 -1.6693649e+000
 -1.2718188e+000
  1.3646931e-001
  1.1129202e+000
  5.4237664e+000
 -1.1756962e+000
 -3.4839104e-001
 -2.2233736e+000
  3.3486118e+000
 -3.5674187e+000
  6.0662976e+000
 -3.5243984e+000
 -9.9396925e-002
 -1.2381967e+000
  1.1645777e+000
  2.9519737e-001
 -1.8351641e+000
 -1.4426133e+000
  2.5228733e+000
 -6.2306435e-001
  1.9118598e+000
 -8.7827631e-001
  2.9893406e+000
 -4.1575878e+000
  1.3344126e+000
  1.3959020e+000
  7.7901497e-001
 -1.2157207e-001
 -2.6372696e+000
 -1.8348019e+000
  1.8287293e+000
  6.5295881e-001
 -1.1939955e+000
  3.3298524e-001
  1.4513578e+000
 -2.3218356e+000
  1.3712392e+000
 -9.8607620e-001
  1.4870637e+000
  1.4895793e+000
 -1.6307769e+000
 -6.4478062e-001
 -1.1879473e+000
 -4.2542078e-001
  2.9593427e-001
  3.5208833e-001
  1.9358709e+000
 -1.8430740e+000
  2.0132545e+000
 -1.0031121e+000
  1.2083057e+000
 -2.4280066e+000
  2.2054475e-002
  7.4185929e-001
 -6.1758291e-001
  1.1575001e+000
 -2.5355378e+000
  8.9996716e-001
  1.6001134e+000
 -8.2415872e-001
 -4.1758297e-001
 -2.9837375e-001
  6.0529478e-001
  5.4238534e-001
  1.4671923e+000
 -2.7645484e+000
  2.7386745e+000
 -1.7608079e+000
 -5.0910225e-001
 -4.4459477e-001
 -5.4710885e-004
 -3.7014684e-001
  9.8328576e+000
 -6.4491762e+000
 -6.4826555e-001
 -8.5415873e-002
  2.6648942e+000
 -1.2335096e+000
  1.5483224e+000
 -3.5934113e+000
 -1.4769829e-001
  2.0348701e+000
  1.9444277e+000
 -1.4015656e+000
 -9.0371836e-001
 -4.6478876e-001
  1.8978643e+000
  1.6122870e+000
 -1.4974162e+000
 -1.4538257e+000
 -2.0544524e+000
  4.6913608e+000
 -1.9852167e+000
 -8.6787299e-001
