  7.0163888e+000
 -1.4896357e+000
 -9.5872291e-001
  4.9497742e+000
 -5.6418658e+000
 -2.3551164e+000
  4.7994706e+000
 -2.8366031e+000
 -1.7626144e+000
  2.1211767e+000
 -9.6254581e-002
 -2.0478510e+000
  2.0333425e+000
  4.9154418e-001
  4.1503689e-001
 -9.4096364e-001
  1.8974911e+000
  4.4320113e-001
 -3.0032628e+000
  3.1409392e+000
 -2.8016806e+000
  1.9968938e+000
  1.0373936e-001
 -2.5485348e+000
 -2.1449587e-001
 -1.7722472e+000
  4.1344763e+000
  1.8935092e+000
 -3.9645064e+000
 -1.6581957e+000
  7.8693761e+000
 -6.2065227e+000
  1.8845957e+000
  9.5147400e-002
 -5.4398622e-001
 -1.2921724e+000
 -1.7112460e+000
  6.0363956e+000
 -2.2537815e+000
 -6.1263601e-001
 -1.5249735e+000
  4.8559480e-001
 -8.1019224e-001
  3.0639979e+000
 -1.1731650e+000
  1.7894595e+000
 -4.7074388e+000
 -2.8284517e-001
  9.7069791e-001
  2.7606495e+000
 -1.0800598e+000
 -1.5651476e+000
  2.0895092e+000
 -1.4053024e+000
  2.2037353e+000
 -2.1318244e+000
  2.2820378e+000
  7.9566199e-001
 -2.0343575e+000
 -1.9936288e+000
  6.3582740e+000
 -4.2431051e+000
  1.0655406e+000
  1.3732502e-001
  7.5937307e-001
 -4.1163539e+000
  2.0936205e+000
 -1.3934530e+000
 -2.7500428e-002
  1.7249962e+000
  2.2258978e+000
 -8.2101701e-001
  1.9534740e+000
 -1.2346177e+000
  2.6811313e+000
  2.1989320e+000
 -4.2807036e+000
 -1.7716718e+000
  1.7037946e+000
 -5.9227441e-001
 -9.9170342e-001
 -1.3852098e+000
  5.1722172e+000
 -3.2086235e+000
  1.3173186e+000
 -4.8465284e-001
  1.0707686e-001
 -8.8281093e-001
  7.7594992e-001
 -9.4792537e-001
 -1.2771540e+000
  5.2425862e+000
 -2.5043559e+000
 -3.4829615e-001
 -1.0766780e+000
 -1.5272428e+000
  1.2571576e+000
 -1.2945689e+000
 -5.3649889e-001
  3.4578974e+000
 -3.6123283e+000
  4.7334845e+000
 -3.5874800e+000
  2.4385239e+000
 -1.8306694e+000
  7.9057733e-001
 -6.5999294e-001
 -1.9863757e+000
  3.4977827e+000
 -3.1527456e+000
  1.8271593e+000
 -3.4406074e+000
  3.6110646e+000
  1.5703753e+000
 -1.2985596e+000
 -2.4198500e-001
 -2.2758591e+000
  1.1328801e+000
  8.5135635e-001
 -1.4212955e+000
  9.3037896e-001
 -2.6078558e+000
  2.8218657e+000
 -1.7446153e+000
  1.2260697e+000
  1.1495311e+000
 -2.9881238e+000
  5.3398231e+000
 -3.7909747e+000
 -8.3084446e-001
  1.1576274e+000
 -8.3826569e-001
 -1.2443753e+000
  1.4877317e+000
 -1.5362908e+000
  2.5152078e+000
  3.0064291e+000
  3.2884350e-001
 -1.3294461e-001
  6.9961504e-001
 -3.9792738e-003
 -1.3999124e+000
 -4.7519012e-001
 -1.7927840e+000
  2.2089816e+000
  2.5355376e-001
  5.2516999e-001
  3.6297401e+000
 -4.4020457e+000
 -5.5569807e-001
  4.1212817e+000
  1.0126626e+000
 -1.1746034e+000
 -2.1552615e+000
  1.7891923e+000
 -4.0054257e-001
  1.9323850e-001
 -2.2012291e+000
  2.7071262e+000
 -1.6419152e+000
  1.5447387e+000
  3.0490488e+000
  8.1398119e-001
  1.5542201e-001
 -1.0663866e+000
  1.5636672e+000
 -2.0230779e+000
  1.6483125e+000
 -3.1114018e-001
 -5.2703675e-002
 -1.5436365e+000
  2.4504779e+000
  1.0631355e+000
 -1.3669531e+000
  5.1106745e-001
  2.1668897e+000
 -2.3531012e+000
 -1.5048130e+000
  3.7648120e-001
 -1.1216419e+000
  8.9670836e-001
  2.0266786e+000
 -1.3164874e+000
  7.2863355e-001
  8.4663464e-001
 -4.4416933e-002
 -1.7786811e+000
  3.3243002e-001
 -9.1764175e-001
  3.4091330e+000
 -2.3839311e+000
  2.7878905e+000
  2.5581327e-001
 -1.8542318e+000
 -1.0695657e+000
 -1.8039836e+000
  5.2837192e-001
 -4.2521607e-001
  1.4315369e+000
 -1.8253451e+000
 -9.7195044e-001
  2.5746265e+000
 -1.3865109e+000
  2.3956567e-001
 -1.4598751e+000
 -5.6042169e-001
  9.3076584e-001
  1.9074067e+000
 -2.3837023e+000
  5.4278361e-001
  5.6809504e-001
  6.1254748e-001
 -3.3132619e-001
 -1.8009834e-001
  7.9945408e-001
 -8.9078396e-001
 -4.6884203e-001
  5.4820548e-001
  6.4914167e-001
 -1.6891768e+000
  2.6293914e+000
 -1.4598810e+000
 -1.0126760e+000
  4.8450701e+000
 -3.7519045e+000
 -6.3000400e-001
  8.5534088e-001
  1.4436332e+000
 -2.7108147e+000
  1.1184345e+000
  8.5669186e-001
 -7.7328567e-001
 -1.7896639e+000
  4.3092561e+000
 -3.1656737e-001
 -1.1336818e+000
 -2.3150342e+000
  2.1934898e+000
 -1.0070856e+000
  1.4616750e+000
 -8.8752180e-001
 -1.7146528e-001
  3.0222090e-001
 -8.8935736e-001
  8.8971329e-001
  7.3096439e-001
  1.2730400e+000
 -5.5479255e-002
 -6.8388616e-001
  1.1772413e+000
 -4.3376116e+000
  1.5327631e+000
  2.6376274e+000
 -3.4810281e-001
 -2.4905511e+000
  2.8530941e+000
 -1.6787548e-001
  1.4166385e+001
 -1.1335450e+000
  2.6088983e-001
 -6.0470857e-001
 -1.0816214e+000
  1.6341928e+000
 -1.3775290e+000
  2.5108787e+000
 -3.0075070e+000
  1.6655173e-001
  9.2662020e-001
 -7.6154847e-001
  1.1675904e+000
 -5.3729688e-002
  1.7376818e-001
 -1.1059916e+000
  4.1185508e-001
  3.0173066e+000
 -2.9939499e+000
 -6.9677942e-002
  1.2204662e+000
 -1.6363085e+000
  7.3060718e-001
  1.5301027e+000
 -1.7912129e+000
  2.7215883e+000
 -3.7242771e+000
  3.3312954e+000
 -6.9799055e-001
 -8.3923337e-001
  8.7862678e-001
 -1.0495064e+000
  5.1060060e-001
  4.8239695e-002
  7.4255135e-001
 -7.6736673e-001
 -6.8856520e-001
 -5.1556163e-001
 -4.6845932e-002
  1.6306569e+000
 -1.0171721e+000
  3.7354291e+000
 -4.2259190e+000
  1.4411874e+000
 -1.5445635e-001
  5.1192724e-001
 -4.7631143e-001
  1.2637914e-001
  2.0791761e-001
 -3.2687333e-001
  9.5166130e-001
 -2.0612371e+000
  2.7701800e+000
 -2.5969315e-001
 -6.7457908e-001
 -6.4516746e-001
  4.0264451e-001
 -2.7849695e-002
  2.8337214e+000
  2.7950030e-001
 -1.5551547e+000
  2.0391137e+000
 -1.2032848e-001
 -7.4354761e-001
 -5.3086087e-001
  3.0263875e+000
 -8.4474572e-001
 -2.6146189e+000
  3.4872156e+000
 -4.0960711e-001
  1.0428983e+000
 -2.5408184e+000
  8.3974816e-001
  1.9698737e+000
  5.6583660e-001
 -2.1971982e+000
  1.6423501e+000
 -4.4817218e-001
 -1.4822100e-001
 -3.2037973e+000
  1.4373609e+000
  2.2230636e-001
  1.4905587e+000
  1.7084864e+000
  6.6229457e-001
 -4.2812123e+000
  1.6174219e+000
  2.0276867e+000
 -3.1008352e+000
  3.8987860e+000
 -5.0303310e+000
  1.6694490e+000
  3.1526775e+000
 -1.2801744e+000
  1.3725779e+000
  5.3720618e-001
 -2.0023075e+000
 -1.6806030e+000
  1.0730844e-001
 -9.7439747e-001
 -3.5987339e-002
 -9.6640098e-002
  1.5090513e-001
  2.7557994e-001
 -1.3254700e-001
  7.4308480e-001
  5.4899061e-001
  3.3039480e+000
 -5.7080322e+000
  3.3116785e+000
 -9.4088361e-001
 -1.4943175e+000
  2.5331723e+000
 -1.8501159e+000
  3.5795066e-001
 -1.8105644e+000
 -1.8239546e+000
  3.5630890e-001
 -2.8089796e+000
 -2.5748741e+000
  1.8408604e+000
  9.9203152e-001
  1.7170473e+000
 -3.0872385e+000
  1.9973408e+000
  1.2194798e+000
 -3.4360524e+000
 -1.5371679e+000
  2.9985656e+000
  5.0806308e+000
 -4.2204215e+000
  3.0253669e-001
 -8.1188791e-001
 -5.0689603e-001
  2.2987251e+000
 -2.2581813e+000
 -4.2707743e-003
  1.3761877e+000
 -1.1464193e+000
 -1.0772062e+000
  5.6333221e-001
  1.7276447e+000
 -1.2855468e+000
 -2.2213200e-001
  4.8051366e+000
 -4.6582682e+000
 -7.8450971e-002
  9.0179499e-001
 -2.2658618e-001
 -1.3248584e-001
 -6.6372155e-001
  2.8450770e+000
 -1.0548965e+000
  3.0747182e+000
 -2.8601803e+000
  7.6180466e-001
 -4.3835858e+000
  3.6278509e-001
  1.8161392e+000
 -1.3662223e+000
  2.4156720e+000
 -2.2924973e+000
  1.0140169e+000
 -8.6986639e-001
  5.3764441e-001
  1.2217290e-001
 -6.4417875e-001
  2.1757487e-001
  2.0316155e+000
 -8.1146612e-002
 -1.6218429e+000
 -4.6052890e-001
  2.4961555e+000
 -3.9641276e+000
  1.9699099e+000
 -4.9050433e-001
 -4.8665529e-001
  2.8830701e+000
 -2.0988240e+000
 -1.5800882e+000
  3.3641333e-001
  4.1805353e+000
 -1.6568696e+000
 -1.5976656e+000
  3.2285913e+000
 -1.3224641e-001
 -2.4326651e+000
  2.9498387e-001
  6.0694435e-001
 -2.8142259e+000
  1.9720412e+000
 -2.2466381e-001
 -2.3614606e-001
  1.8386898e-001
  3.2240677e-001
  4.6124248e-001
  3.5947386e-001
 -9.5510935e-001
 -8.5917497e-001
  1.9158303e+000
  5.0267380e-002
 -1.4706897e+000
 -1.2569278e+000
  2.9583834e+000
  5.4211090e-001
 -5.6474425e-001
  1.2092093e+000
 -7.9847791e-001
  1.9777760e+000
 -2.7269998e+000
 -1.3188346e-001
  4.6124290e-001
 -6.8219517e-001
  3.0214072e-001
 -1.2488293e+000
  7.8396347e-001
 -1.3337008e-001
  1.7610346e+000
 -8.2352606e-001
 -1.4635613e+000
 -1.4851446e+000
  2.5809092e-001
 -1.5020151e+000
  1.9418525e-001
  6.8792818e-001
 -2.2222366e-002
  1.4574368e-001
 -2.5345619e+000
  2.2627417e-001
  1.7461213e+000
  9.0310993e-001
  2.2319680e-002
 -7.3280801e-001
  4.4291973e-001
  1.1650678e-001
  1.6788573e+000
 -3.5975682e+000
  1.8668009e+000
 -1.2564742e+000
  8.1893562e-001
 -6.0678224e-001
  3.4377545e-001
 -1.3058643e-001
 -1.5265368e+000
  1.5009907e+000
  1.9626358e-001
  3.9678620e-001
  9.3881118e-001
 -2.0471061e-001
  1.1361348e+000
 -7.6670798e-001
 -1.9655201e+000
  1.7750733e+000
 -2.6330406e-001
  3.0818895e-001
  2.4026837e+000
 -3.8357498e+000
 -1.0068930e+000
  5.8098565e-003
 -1.2877222e-001
 -7.7103871e-001
  9.1906800e-001
  1.2845491e+000
 -2.9969914e-001
  6.7405955e-001
 -1.6499062e-001
 -1.2049672e+000
  9.7951424e-001
 -1.0864597e+000
 -2.3022760e-001
  3.2284719e+000
 -2.6844325e+000
 -4.8373823e-001
 -1.0535782e-001
 -1.8117879e+000
  1.4532181e+000
  2.4005074e+000
  2.9686254e-001
  6.2841611e-001
 -3.5216467e+000
  1.6579765e+000
 -6.7697007e-001
 -3.9204434e-001
  1.3317277e+000
 -2.7103660e-001
  2.0474431e+000
 -2.5876573e+000
  1.4775613e+000
  1.2132216e+000
  1.0413732e+000
 -2.0681407e+000
  5.4690945e-001
 -2.4793032e-001
  1.7474870e-001
 -1.0073616e+000
  8.2552127e+000
 -3.1013307e+000
 -2.0788048e+000
  2.4832464e-001
  4.5718096e-001
 -2.1700860e+000
 -2.1185556e-001
  9.2521427e-001
  2.8646203e+000
 -1.2342241e+000
  1.0438103e-001
 -2.0596072e+000
  1.7238086e+000
 -6.1026284e-001
 -1.0160733e+000
  7.8553159e-001
 -1.9321779e-001
 -1.1402318e+000
  3.2433150e-001
 -1.2877758e-001
  5.0517626e-001
  7.2499747e-001
  9.7391937e-001
 -6.8194453e-001
 -7.4465689e-001
  7.9187610e-001
 -1.9829609e-001
  5.2076852e-001
  6.5478087e-001
 -1.2070533e+000
  4.7898956e-001
 -1.6858588e+000
  1.7685770e+000
 -7.9805783e-001
  2.8624570e-001
  5.0152180e-001
 -2.2866395e+000
  8.8859392e-001
  1.3827039e+000
 -2.6209676e-002
 -1.0497715e+000
  2.0006743e+000
 -4.1134929e-001
 -1.7365836e+000
  2.5896297e+000
 -8.2046349e-001
 -1.0006082e+000
 -1.5813620e-001
 -1.4387778e+000
  8.2835867e-001
  7.8446383e-001
  4.1255969e-001
  8.9968789e-002
 -9.5155380e-001
 -1.0495725e+000
 -6.0212647e-001
  2.3919427e+000
  8.0077473e-001
 -4.2343699e-001
  4.8115372e-001
 -2.2359684e+000
  1.6067475e+000
 -1.3360965e-002
 -3.1017327e+000
  1.8262197e+000
  1.6586455e+000
 -3.0511891e+000
  1.0537732e+000
  3.7128271e+000
 -1.1861754e+000
 -2.9944112e+000
  2.1988647e+000
 -1.6619131e+000
  1.2502974e+000
 -1.3005554e+000
  1.4208475e+000
  2.5230085e-001
 -1.2570096e-001
  7.6352593e-001
  5.8252952e-001
 -2.9077082e+000
  2.7334116e+000
 -1.5509789e+000
 -8.9028792e-001
  2.3994670e+000
  6.0506635e-001
  4.2594787e-001
  8.8555550e-002
 -1.1176605e+000
 -7.6754217e-001
  5.6057789e-001
 -1.8114772e-001
  3.4795481e-001
 -1.3178264e-001
 -2.4104643e-001
 -1.0992233e-001
 -6.8307776e-001
 -1.3053570e-001
  5.9830253e-001
 -9.9496691e-002
 -7.3239875e-001
  1.5745096e-001
  1.2135233e+000
 -3.1741248e-002
 -1.6282581e+000
 -2.6083206e-001
  8.1865364e-001
  1.1546105e+000
  4.2151573e-001
 -4.2383932e-001
 -1.6171456e+000
 -2.0062736e-001
  2.0229766e+000
 -3.9912625e-001
  2.0431019e-001
  1.5232715e+000
 -1.7298535e+000
 -5.2686697e-002
 -3.2203822e-001
  3.2504341e-001
  1.0777044e+000
 -2.1214783e-001
 -3.8095909e-001
 -1.0687702e+000
 -4.5859947e-001
 -4.0496030e-001
  4.5311977e+000
 -2.3017581e+000
 -2.8521408e-001
  2.0167883e+000
  9.4848335e-001
 -3.8280630e+000
  1.4615199e+000
 -1.0174884e+000
 -5.9098500e-001
 -1.8045086e-001
  1.3697721e+000
  4.3934239e-001
 -8.4114766e-001
  2.6328079e-002
  1.6712941e+000
 -6.3878331e-001
 -4.7989598e-001
  3.0944808e-002
 -9.0446736e-001
  2.9678866e+000
 -1.2129394e+000
  7.6772983e-002
 -4.1571112e-001
  1.3088507e+000
 -2.7956345e+000
  1.1783121e+000
  1.4511760e+000
 -2.3233246e+000
  1.6317507e+000
 -1.0448739e+000
 -8.9335951e-001
  2.9558725e+000
 -1.1982582e+000
  4.2956303e-001
 -2.3676461e+000
  2.0662404e+000
 -2.9185762e-001
 -1.2821464e+000
  5.4317972e-001
  1.8946304e+000
 -1.1429020e+000
 -2.7032812e+000
 -1.5748192e+000
  1.4675621e+000
  7.9648764e-001
 -1.1000205e+000
  2.2192691e+000
 -3.2102813e+000
  1.4836013e+000
  7.1475865e-001
 -1.6976124e+000
  1.8245479e+000
 -1.9435254e+000
 -1.6770020e-001
  1.0435219e+000
  3.0722590e-001
 -4.4606865e-001
  1.9899726e+000
 -7.3581640e-001
 -1.4245152e+000
  2.4560118e+000
  1.0959524e+000
 -1.8993802e+000
  1.4309374e+000
 -1.2634208e+000
  7.6655304e+000
 -4.3731604e+000
 -4.2706021e-001
  1.3577338e-001
 -1.6932605e+000
  3.4976118e+000
 -2.8367801e+000
  1.4912451e+000
 -2.6815688e+000
  2.7509238e-001
  2.7616008e+000
  6.6261974e-001
 -1.4600129e+000
 -5.9224402e-001
  7.6674438e-001
 -1.4116811e+000
  9.7233593e-002
 -3.3333849e-001
  9.0191663e-001
  2.9129199e-001
  1.8863946e-001
  3.8730783e-001
 -1.0518863e+000
  1.2317079e-001
 -1.2715296e-001
  1.1708814e-001
  8.3061960e-001
  3.1561371e+000
 -3.8478148e+000
 -1.2115237e-001
  8.1563569e-001
 -9.7107031e-001
 -2.0077888e-001
  2.2717653e+000
 -7.4545072e-001
 -1.7327229e+000
  2.2751100e+000
  3.7201098e-001
 -2.3386152e-001
 -1.5575401e+000
  9.1226566e-002
  8.6882269e-001
  6.6449290e-001
 -2.0313309e+000
 -1.0573426e+000
  3.5582482e+000
 -2.3957370e+000
 -3.4231734e-001
  4.9104857e+000
 -3.0290794e+000
 -3.0244500e-001
  3.6685036e+000
 -1.8134188e+000
 -1.8857123e+000
  4.9710802e-001
 -1.0510287e+000
 -1.9860844e+000
  5.2060235e+000
 -2.8942886e+000
  1.7249314e+000
 -2.0177540e-001
 -6.2703347e-001
  7.2070062e-001
 -7.9562239e-001
 -1.2458406e+000
  5.9834654e-001
  1.0405287e+000
 -8.2312484e-001
 -6.2362461e-001
  6.7607241e-001
  3.2666696e+000
 -2.9292464e+000
 -8.6350770e-001
  6.3732225e-001
  9.0333575e-001
 -1.9036193e+000
 -2.7288880e-001
  2.8351232e+000
 -7.4699222e-001
  9.7665899e-001
 -3.5655705e+000
  1.0653484e+000
  1.0592526e+000
 -1.2938981e+000
 -7.2828707e-002
 -2.5794123e-001
 -1.5497440e+000
  1.5726009e+000
 -1.8787493e-001
 -7.7628079e-002
  1.5994827e+000
  1.5320001e+000
 -5.3963289e+000
  2.2452640e+000
  1.5571162e+000
 -3.1617103e+000
  2.6135305e+000
 -3.9223223e-001
 -9.0392050e-001
  5.9561927e+000
 -6.1098036e+000
  3.4652042e+000
 -2.5305925e+000
  1.1247268e-001
  2.2102390e+000
 -4.8618963e+000
  1.1833905e+001
  4.0926794e-001
  1.0012177e+000
 -5.0056092e-001
 -7.4435100e-001
  2.1639779e+000
 -2.2194181e+000
  4.6967664e-002
  1.0542231e+000
  2.4649818e-002
  1.5651693e+000
 -2.6952831e+000
  1.4555499e+000
  3.2913181e+000
 -3.5105499e+000
  2.8587011e+000
 -1.0236036e+000
 -1.0311598e+000
  4.4934298e-001
 -1.0820759e+000
  2.8239463e+000
 -8.9072993e-001
 -7.8943796e-001
 -8.1550608e-001
  1.3090199e-001
 -8.3360400e-001
  9.7739811e-001
  6.8441127e-001
 -1.4128458e+000
  3.0233348e+000
 -3.1085782e+000
  6.7761688e-001
 -1.1792035e+000
  1.4180288e+000
  1.5878541e+000
 -2.5030463e+000
 -2.8681508e-001
  9.2852728e-001
 -1.2402975e+000
  1.3446654e+000
 -2.1868445e+000
  1.5307568e+000
  5.2827862e-001
 -1.6395163e+000
  1.6502598e+000
 -2.7376723e+000
  2.4118746e+000
 -2.2936218e+000
 -8.4972976e-001
  1.1202990e+000
 -4.3187559e-001
  4.6320337e-001
 -3.9803041e-001
 -1.1186337e-001
  3.8838358e-001
 -7.3419738e-001
  1.3844016e+000
 -1.3550454e+000
  2.1205897e+000
 -9.1165564e-001
  5.4727321e-002
 -9.7330147e-001
 -1.2863588e-001
  5.8424968e-001
  1.5056330e+000
 -1.1631172e+000
 -1.1505230e+000
  6.1226674e-001
  9.8299475e-001
  9.3974487e-002
 -4.6620755e-001
  9.7138146e-001
 -3.4645055e-001
  1.1209623e-001
 -4.8918028e-001
 -7.3000661e-001
 -1.0716895e-001
  8.7201367e-001
  7.2212019e-001
 -1.0651419e+000
 -1.5767632e+000
 -2.9342253e-001
  1.3134245e+000
 -3.4372677e-001
  7.2370810e+000
 -3.8277848e+000
  2.8073099e-001
 -2.2284526e+000
  2.4206866e-001
  1.5960681e+000
  3.5501329e-001
 -1.4846111e+000
 -2.8456222e-001
  1.9004889e+000
 -2.4963123e+000
  1.7123560e+000
 -2.4954373e-002
 -5.6810479e-001
  2.6185531e-001
  1.4223128e-001
  1.5017243e+000
  1.5050736e-001
  3.5970885e+000
 -1.3966231e+000
 -1.8382506e+000
 -1.0056372e-001
 -4.1333078e-001
 -5.2935157e-001
 -1.5556408e-001
  2.9947248e-001
  2.6813336e-001
 -2.7634132e-001
  4.9235952e+000
 -3.4174068e+000
  1.4326135e+000
 -1.3862891e+000
 -1.0265725e+000
 -1.9021558e+000
 -9.0495618e-001
  5.7750719e-001
  1.6764664e-001
  5.2485138e-003
  4.6022008e-002
 -6.0351703e-001
  1.6051841e+000
 -1.5349678e-001
 -2.4889986e-001
  6.3921905e-001
  1.4866057e+000
  9.1898864e-001
 -2.7412664e+000
 -9.5486855e-001
 -2.0879013e-001
  6.2886007e-001
  1.8000401e-001
  3.1088099e+000
  4.1418596e-001
 -5.9236150e+000
  6.6549991e-001
 -1.1134568e+000
 -3.7042496e-001
 -7.9296388e-001
  1.9700142e+000
 -1.3609712e+000
 -6.5822376e-001
  2.2241638e+000
 -1.7895001e+000
 -1.4341231e+000
  1.0486408e+000
  1.0934094e+000
 -5.0806883e-001
  2.0310518e+000
 -1.1639545e+000
 -4.9304911e-001
 -1.2412825e+000
  9.8186765e-001
  3.3931442e-001
 -1.6419770e+000
  3.6370339e+000
 -2.3305647e+000
  5.3516899e-001
 -2.0138588e+000
  2.5872588e+000
  3.8406306e+000
 -4.2582363e+000
 -1.4764788e+000
  3.3466527e+000
 -5.2396126e+000
  4.7775681e+000
 -4.1542683e+000
  1.2314641e+000
  1.2369561e+000
 -3.9006211e-001
 -7.0686090e-001
  3.0642021e-001
  3.3863349e-001
 -2.0361641e+000
  2.5876298e+000
 -1.9966725e+000
 -2.4779563e-001
  1.3879576e+000
  3.0769152e-001
 -1.9089420e+000
  1.0642424e+000
 -9.9263707e-001
  5.0285135e-001
  3.3848426e+000
 -4.1560782e+000
  6.6645673e-001
  4.1026833e-001
  1.9854021e+000
 -9.0347555e-002
 -9.2847180e-001
 -1.3868389e+000
  4.7318335e-001
  3.7283970e+000
 -3.7283970e+000
  1.3238485e+000
 -5.5906158e-001
 -1.3876753e+000
  2.0581741e+000
 -6.1936869e-001
  1.2559499e-001
 -6.4241606e-001
  8.8021928e-001
 -1.1521132e+000
  1.9539442e+000
 -1.8887618e+000
  4.5116499e+000
 -4.4580468e+000
 -2.5065075e-001
  3.0416837e+000
 -8.8688099e-001
 -5.7392894e-001
  1.8793521e+000
 -2.2345660e+000
  4.2660428e-001
 -2.5419168e-001
 -1.7735371e+000
  3.4642617e+000
 -2.3731203e+000
  2.1738781e+000
 -1.2727412e+000
  1.4705376e+000
 -3.8415291e+000
  1.2118097e+000
  1.0571960e+000
 -2.6393026e+000
  4.8014910e+000
  9.5650271e-001
 -3.7462755e+000
 -8.8809282e-001
  4.1276521e+000
 -2.5571570e+000
 -1.0724517e+000
  1.8655147e+000
  4.1997069e-001
 -3.3355459e+000
 -4.8050503e-001
  6.0901239e-002
  3.3166590e-001
  2.1421485e+000
 -1.5186334e+000
  1.2478882e+000
 -3.1242803e+000
  2.0985196e+000
  2.1211244e+000
 -2.2642497e+000
 -5.8867060e-001
 -4.8762054e-002
 -1.4121186e+000
  1.8980264e+000
 -8.2701222e-001
  8.0614650e-001
  9.5884875e+000
 -6.9473135e+000
  2.0809442e+000
  2.6115917e+000
 -2.1438629e+000
 -1.9404629e+000
  2.7684315e+000
 -3.3469351e+000
  6.0182452e-001
 -1.2334661e+000
  9.3957042e-001
 -8.9510911e-001
  1.9543557e+000
 -6.0819368e-002
 -1.4357216e+000
 -2.3479860e-002
  9.9199493e-001
 -1.1887834e+000
 -1.1911556e+000
  2.3764736e+000
  1.0092979e+000
  8.4176690e-001
  1.8321061e+000
  2.8245982e-001
 -4.0400953e+000
  5.2677163e+000
 -1.3393147e+000
 -3.5035375e+000
 -1.8563341e+000
  3.2816286e-001
  1.8526606e+000
 -1.5172313e+000
  9.6785679e-001
  4.4921785e-001
  4.0877535e+000
 -1.8854659e+000
 -1.1694546e+000
  2.1022254e+000
 -3.4940828e+000
 -2.2829332e+000
  9.4387608e-001
  2.6844474e-001
  4.2581955e-001
  3.4645125e+000
 -5.3313728e+000
  2.4971166e+000
  7.9555626e-001
 -2.4686045e+000
 -9.7061961e-001
  9.6226196e-001
 -3.7013370e-001
  4.8748008e-001
  2.5383015e-001
  1.1807561e-001
 -2.5027772e-001
  1.8272530e+000
  2.0879478e+000
 -2.5115761e+000
  1.0584008e+000
 -2.7937484e+000
  4.9568645e-001
  2.5653000e+000
 -2.7986691e+000
 -7.1384244e-001
 -1.1587783e+000
  1.2549059e+000
  2.7319269e+000
 -1.3766075e+000
 -4.3857337e+000
  2.6498274e+000
  1.0593725e+000
  1.5837780e+000
 -1.4660123e+000
 -1.8210779e+000
  1.4935456e+000
  4.1816576e-002
 -1.7972660e+000
  2.3479221e+000
  4.2414540e+000
 -5.5713536e+000
 -1.2873055e+000
  2.6902898e+000
 -1.3804287e+000
 -1.5506877e+000
  4.5453875e+000
 -4.0642286e+000
  6.1575467e+000
 -6.3366893e+000
  1.8784046e+000
  2.4452904e+000
 -1.7713691e+000
 -2.0334328e+000
  3.7153782e+000
 -4.1235400e+000
  1.1941208e+000
  3.2852974e+000
 -4.2028656e+000
  7.7256812e-001
  8.6007572e-001
 -6.8617672e-001
  4.8667728e+000
 -5.4248890e+000
  1.9909889e+000
 -5.4761698e-001
  7.5812184e-001
 -1.1715660e-001
 -4.8851816e-001
 -2.9969039e-001
  1.7763548e+000
 -4.0871551e+000
  3.3500714e+000
  2.2762242e+000
 -2.1780857e+000
 -7.5612212e-001
  3.1664818e-001
 -4.1988411e-001
 -1.3869080e+000
  9.4795035e-001
 -6.0878362e-001
 -4.1738693e-001
 -1.9104899e+000
  9.0564099e-001
  2.5921754e+000
 -2.8168045e+000
  1.5102353e+000
 -4.6770877e-001
 -6.6876315e-001
 -3.4839262e-001
  8.8998003e-002
 -2.8697966e+000
  7.2806187e+000
 -2.2985609e+000
 -2.4604313e+000
  2.5305018e+000
 -1.5203582e+000
 -7.0498871e-001
  1.0410488e+000
  3.3975791e-001
 -1.0073216e+000
 -1.5739200e+000
  1.4573521e+000
  4.0759928e+000
 -4.8541969e+000
  1.7970357e-001
 -2.8382777e-001
 -9.4033556e-001
 -1.6159552e+000
  1.7330677e+000
  9.0341603e-001
 -1.9402713e+000
  2.3051461e+000
 -2.3253875e+000
  4.0709046e+000
  7.3865234e+000
 -3.5043977e+000
 -1.2099556e-001
  2.3317830e-001
 -4.2802187e-001
  1.1887117e+000
  7.9181254e-002
  1.4587381e+000
 -2.7956473e+000
 -1.3944871e+000
  3.1681763e+000
 -2.1509604e+000
  9.3376430e-001
