  9.3256778e+000
 -4.4629147e+000
  4.2844452e-001
  1.5944596e+000
  2.2973748e-002
  2.7617919e-001
 -1.2057399e+000
 -2.8238820e+000
 -7.7753273e-001
  5.5961283e-001
 -2.2329000e-001
 -2.2012357e-001
  3.5480754e+000
 -1.1583670e+000
 -3.1672175e-001
 -4.9733624e-001
  6.3387996e-002
  8.3298483e-001
 -1.0456824e+000
  3.7060226e+000
 -2.8167052e+000
  5.4726831e-003
 -2.9629955e-001
 -3.9457115e-001
 -3.3057132e+000
  1.6065390e+000
  1.6530030e+000
 -2.1549551e-001
  9.0396804e-001
 -2.6815285e+000
  9.0672393e-001
 -3.2985530e-001
 -1.1202764e+000
  3.5128855e+000
  3.3217662e-002
 -1.3103992e+000
  3.2975014e-001
 -1.6142118e+000
 -1.1552004e+000
 -6.7889774e-001
  2.5164861e+000
  1.0728191e+000
 -5.3976342e-002
  2.4004363e+000
 -3.6082639e+000
  4.6780321e-001
 -4.9088108e-001
  1.6287261e+000
 -1.8663770e-001
  5.9485418e-001
 -3.2613784e-001
  1.0155561e-002
  1.6454767e+000
 -2.5985014e+000
 -1.2787161e-001
 -4.5774295e-001
  1.5989460e+000
  1.8768160e+000
 -3.9452096e+000
  4.6509856e-001
  3.3093290e-001
 -9.6182753e-001
  1.4513772e+000
  4.2316656e-001
 -2.3272770e+000
  2.0554253e+000
  1.4488562e-001
 -9.5688308e-001
  2.3126979e-001
  9.0498092e-001
 -7.6580325e-001
  2.0284079e+000
 -1.6710702e+000
  2.3031954e+000
 -1.9724052e+000
  2.6805851e+000
 -1.5209708e+000
  1.4820353e+000
  1.5713713e+000
 -2.5681616e+000
  1.2979261e+000
  5.0478370e+000
 -6.0147760e+000
  1.0182318e+000
 -1.4581322e+000
  8.0509929e+000
 -6.0702319e+000
 -8.6436183e+000
  6.5703792e-001
  7.8174493e+000
 -5.0877599e+000
  2.8977638e+000
 -3.2787044e+000
  1.5670882e-001
  2.6298695e+000
 -2.4088138e+000
 -1.9739416e+000
  2.0750871e+000
  1.5351748e+000
 -1.8708111e+000
  2.0203235e+000
 -1.1973883e-001
  7.0056793e-001
 -3.2141696e-001
 -2.3674312e+000
  6.1159362e-002
  2.8782171e+000
 -1.6069595e+000
  1.1187093e+000
 -3.2662568e-001
 -1.4588314e+000
  1.3913039e+000
  1.4568829e-001
 -2.0572870e+000
 -3.1418360e+000
  6.3010840e+000
 -4.5514151e+000
  4.4202643e-001
  9.1470345e-001
 -4.7725747e+000
  1.5386335e+000
  8.6929137e-001
 -7.2979703e-002
 -7.9609384e-001
  1.1405757e-001
 -8.7724527e-003
  3.0654349e+000
 -1.1119226e+000
 -6.2093906e-001
 -5.4018756e-001
  2.4275015e+000
 -2.8623330e-002
  3.8186595e-001
 -2.2943316e+000
  2.5132562e+000
 -1.0875410e+000
  1.2892542e-001
  1.7467008e-002
 -2.2619550e+000
  4.8797729e-001
  1.2139907e+000
  1.6203200e-001
  1.7430805e+000
 -1.1183962e+000
 -1.8584066e+000
  2.9688184e+000
  9.0198447e-001
 -3.7940937e+000
  1.0093799e+000
 -9.8352336e-001
 -2.7868626e+000
  1.3243008e+000
  7.2025822e-001
 -3.0979794e+000
 -1.1514876e+000
 -4.7359426e-001
  7.8207168e-001
  2.1742413e+000
 -1.8187384e-001
 -1.8363382e+000
  1.1087169e+000
  9.4635698e-003
  2.3260688e-001
 -2.3421478e+000
  1.8521567e+000
 -5.1446765e-001
  8.6089204e-001
 -1.9712046e+000
  1.4954519e-001
  1.4201823e+000
 -1.0605165e+000
  3.2019740e+000
 -2.0042339e+000
 -4.1328387e-001
  4.6248036e+000
 -4.2654423e+000
 -7.4218699e-001
 -1.3796036e-001
  1.0618398e+000
  1.3563402e-002
 -9.1621988e-001
  3.2018961e-002
 -1.0936404e+000
  1.3618389e+000
  7.2185925e-001
 -7.0303422e-001
 -1.8617398e+000
  2.6294948e+000
  1.6254445e+000
 -2.4036191e+000
 -9.8736890e-001
  1.4457224e+000
 -8.3058448e-002
 -1.5964552e-001
 -6.9078330e-001
  2.0199991e+000
  1.4284038e+000
 -6.9316144e-001
  4.0037258e+000
 -4.2021326e+000
 -4.4084755e+000
  1.6722901e+000
  1.7120518e+000
 -2.1606575e+000
 -1.3953688e+000
  1.2007710e+000
  2.6719256e+000
 -5.9004288e-001
 -3.9666555e+000
  3.1607226e+000
  3.8880479e-001
  2.3122086e+000
 -2.8295383e+000
  4.0321388e+000
 -6.8285541e+000
  2.9212095e+000
 -6.9147366e-001
  8.5309197e+000
 -7.5957222e+000
 -7.7569058e-001
  6.4120280e-001
 -1.3076143e+000
 -2.3566918e+000
  2.3638576e+000
 -2.6499156e-002
 -1.1633825e+000
 -1.0340186e+000
 -1.3374667e+000
  1.9617084e+000
 -2.4248138e-002
 -3.9928643e-001
 -1.7182768e+000
  7.1715624e-001
  2.9699858e-001
  1.2064081e+000
 -2.4237140e+000
  1.4307563e+000
 -8.5875601e-002
 -1.5412518e+000
  1.5811815e+000
  1.5419667e+000
 -7.8767741e-001
 -3.3651226e-001
 -7.3447262e-001
  5.2594991e-001
  1.6913070e+000
  5.7685165e-001
 -1.7148996e+000
 -1.2673916e+000
  1.0720481e+000
  4.6088319e-002
 -8.7751873e-001
 -4.8600787e-001
  2.3560167e+000
  3.7159224e+000
 -6.2715201e+000
  4.5796580e-001
  2.4105717e+000
 -6.8372685e-001
  1.0465364e+000
 -1.2983059e+000
 -1.5791435e+000
 -1.8749703e-001
  2.0432990e+000
 -5.2104166e-004
  3.0574616e-001
 -1.0800452e+000
  5.9173033e-002
  1.5361620e+000
 -9.8529728e-001
 -4.8026283e-001
  6.9799313e-001
 -1.3730057e+000
  2.2284003e-001
  3.7312006e-001
  2.8330849e+000
 -1.9237016e+000
 -2.1418533e+000
  3.8950124e+000
 -3.3700809e+000
  2.1332392e+000
  2.4340313e-001
 -6.9204429e-001
  2.2790415e+000
 -2.4609785e+000
 -6.3931352e-001
 -1.5592667e+000
  1.9715456e+000
 -8.0602220e-001
 -1.1092325e+000
  1.9244620e+000
  1.7399437e+000
 -4.0743416e-001
 -8.3884203e-001
 -2.6966079e+000
  2.0114595e+000
 -5.1064270e-001
  1.8037993e+000
 -1.8371406e+000
 -9.0490585e-001
  1.5350016e-001
  1.4803790e+000
 -5.3904319e-001
  2.2631644e-001
 -6.2639244e-002
  1.8020944e+000
  7.3727503e-001
 -1.0207561e+000
 -6.9325024e-001
  4.3504762e-001
 -8.6419128e-001
  5.1897307e+000
 -5.1137065e+000
  6.0052981e-001
  3.5082084e-001
  8.2214572e-001
 -4.1068007e-001
 -6.2096440e-001
  8.7029721e-001
  5.9263721e+000
 -8.3245626e+000
  1.0348984e+000
 -9.3393082e-001
  3.0723662e+000
 -1.8528109e+000
  9.1914522e-001
  1.3257331e+000
 -1.1714884e+000
 -1.5444170e-001
 -6.7337340e-001
  1.1931253e+000
 -1.5566925e+000
  1.8456198e+000
  2.3260871e-001
  9.5777351e-001
 -4.0953718e+000
  5.1773354e-001
  1.6305230e+000
 -2.4616284e-001
  1.9619352e+000
 -2.0280121e+000
  8.8525206e-001
 -1.6703240e+000
 -1.5553007e+000
  3.4994730e+000
 -1.9380126e+000
  8.9166553e-002
 -1.5964802e+000
 -1.3086948e+000
 -2.7796030e-001
 -3.7220523e+000
  8.9468066e-001
  2.0222127e+000
 -4.4094512e-001
  5.1686854e-001
 -2.1154822e+000
  1.9495084e+000
  7.6808641e-001
 -1.9304801e+000
 -4.0037193e-001
 -1.4644493e+000
  4.2476465e+000
 -2.1394880e+000
  5.3183182e-002
  2.9455140e-001
  1.1600789e+000
 -3.2318099e-001
  3.0489584e-001
 -1.8278195e+000
  2.3177179e-001
  8.6741740e-002
  1.6630069e+000
 -1.6229733e-001
 -8.3986699e-001
  7.3502913e-001
 -2.1259190e+000
  1.9730562e+000
  4.3072553e-001
  1.4766203e+000
  5.4331126e-001
 -2.4845327e+000
  1.7048266e+000
 -4.6907427e+000
  3.5081722e+000
 -3.3238481e+000
  2.4220416e+000
 -1.8497494e+000
 -1.4034469e+000
  1.3567033e+000
  3.8202770e+000
 -3.1149719e+000
  3.0074064e-001
 -2.8642944e-001
  3.7038700e+000
 -2.6388764e+000
 -1.7932188e+000
  2.3444750e+000
 -3.7345853e-001
  1.2609135e+000
 -1.6691012e+000
 -1.1449723e+000
  2.2815682e+000
 -5.9836136e-002
 -7.7830420e-001
 -1.3857468e+000
  1.5152818e-001
 -6.4755424e-001
 -1.1603198e+000
  5.1412423e-001
  6.8717826e-001
 -2.0893079e+000
  2.3210889e+000
  1.7007602e+000
 -7.6396656e-001
  7.1764140e+000
 -2.5499172e+000
 -2.9213389e-002
 -1.2282890e+000
  5.7771329e-001
 -3.3071715e+000
  4.6865735e-001
  8.1996938e-001
 -6.5805037e-001
  1.7491757e+000
 -8.0153955e-001
 -5.7223924e-001
 -9.7283135e-001
  3.0148974e+000
 -2.3422136e+000
 -3.0396773e-001
  1.9872316e+000
  1.3434388e+000
 -2.3987975e+000
  3.8217953e-001
  1.0989661e+000
 -1.5744076e+000
  1.7814978e+000
 -5.8381143e-002
 -5.5246879e-001
  8.4848668e-001
 -9.0205850e-001
  1.9321861e-001
  1.2220473e+000
  5.3914770e-001
 -1.6771098e+000
  3.2873760e-001
 -1.7236280e+000
  1.6689843e+000
 -9.9407000e-001
 -5.6461074e-001
  1.1073282e+000
 -3.4797898e-001
  1.3203859e+000
 -2.0754921e+000
  1.8776106e+000
 -2.0805613e+000
  5.7170377e-001
  2.1187457e+000
 -2.9736923e+000
  3.5809741e+000
 -2.4632934e+000
  6.9803770e-001
  1.8578439e+000
 -1.0073695e+000
  1.5718305e+000
 -9.4656956e-001
  2.2649625e+000
  1.2531985e+000
 -4.7949120e+000
  2.3831207e+000
 -2.1520168e-001
  7.1103672e-001
 -3.5233019e+000
  2.7336808e+000
 -1.4323990e+000
  2.1548747e+000
 -2.0214987e+000
 -2.7016927e-001
  3.7481424e+000
 -2.9260628e+000
 -2.1520448e-001
 -4.0991331e-001
 -9.1399488e-001
  3.3375500e+000
 -2.1315785e+000
 -7.0845682e-001
  2.2594379e+000
 -1.5622129e+000
 -3.6876699e-001
 -2.2048628e+000
  3.2616912e+000
 -2.2582965e+000
  1.2686650e+000
  4.4408921e-016
  3.8491344e+000
 -3.6597376e+000
 -5.1553121e-001
  2.1323969e-001
  2.9257065e+000
 -1.6646957e+000
  1.3221660e+000
 -1.7575353e+000
  3.9232577e+000
  6.3836685e-001
  2.6130745e+000
 -5.4499196e-001
  2.9269867e+000
  1.1008876e+000
  3.9411438e+000
 -4.4900220e+000
 -3.3975528e-001
 -3.1893949e+000
  1.5726148e+000
 -1.4992585e-001
  5.4609066e-001
  3.9363581e+000
 -4.0128662e+000
 -8.0635541e-006
  2.6842850e+000
 -5.8125592e-001
  1.0417142e+000
  1.3196096e+000
  1.2817100e+000
  1.3637584e+000
 -1.2361224e+000
 -2.4855426e-001
 -5.4015247e+000
  3.5524928e+000
 -1.5440478e+000
  1.0742466e+000
  2.1208680e+000
 -2.2608375e-001
  2.0029520e+000
 -1.5565214e+000
 -1.7387442e+000
 -1.3739817e+000
  3.1557163e+000
 -3.5940250e+000
  6.7104016e+000
 -5.2094824e+000
 -2.7830528e-001
 -1.0870407e+000
  1.1390980e+000
 -8.2922388e-002
 -1.7324642e+000
 -1.4170103e+000
 -9.1949342e-002
  1.7731984e+000
 -4.5095708e-001
  8.0165451e-001
  5.8714738e+000
 -4.7516856e+000
  2.7966914e+000
 -3.7489298e+000
 -4.8302566e-002
  1.5370913e+000
  5.6850203e-001
  3.7448318e-001
 -1.6998163e+000
  1.3607326e+000
 -5.2442566e-002
 -4.3763789e+000
  2.6513426e+000
  1.1490330e+000
  2.0029864e+000
 -3.7077269e+000
 -3.9853343e-001
 -7.6096223e-002
  4.7665208e+000
 -4.8668485e+000
  2.5531024e+000
 -1.0991229e-001
 -8.3530827e-001
 -7.2158671e-001
  2.9445960e+000
  1.3733165e-001
  1.4561723e+000
  2.0941572e+000
  5.3033422e-001
  1.0300454e+000
 -1.5670635e+000
  1.7299182e+000
  2.4766690e-001
 -2.9181662e-001
 -5.2505160e-001
 -2.3769763e+000
  2.5229960e+000
 -1.1310268e+000
  7.4653844e+000
 -4.4173432e+000
 -1.5499044e+000
 -3.2411573e-001
 -2.0846115e+000
  2.4884572e+000
 -6.1573433e-001
  5.5355620e+000
 -5.0243140e+000
  1.8096848e+000
 -8.6667520e-001
  5.8279892e-001
 -9.3556853e-001
  1.1123913e+000
 -2.1051457e+000
 -1.3126577e+000
 -2.8798415e-001
  2.4657886e+000
 -2.4439941e+000
  1.3804045e+000
 -2.9847087e-001
  2.1744866e+000
 -3.2555981e+000
  5.7360090e+000
 -3.5528370e+000
  2.6278547e+000
 -2.1605328e-001
 -2.7899412e+000
  1.9612801e+000
 -5.6431403e+000
  8.2510363e+000
 -5.5564883e+000
  3.0855119e+000
 -2.0852298e-001
  8.2940946e-001
 -2.4959991e+000
 -3.0834282e+000
  2.8761733e+000
 -1.3767619e-001
  2.4358986e+000
  1.8829808e-001
 -3.0109787e+000
 -1.5782115e+000
  2.8928401e-001
  1.3742168e+000
  2.2202547e+000
 -1.9123361e+000
  2.0731720e+000
 -1.0877540e+000
 -8.8724824e-001
 -1.5610651e+000
  2.0053440e+000
 -6.0729430e-001
 -1.6798629e+000
  4.7924327e-001
  7.7450522e-001
  3.2709508e+000
  4.6727116e-001
  1.2110962e-001
  4.4757864e+000
 -4.4875249e+000
 -5.2090208e+000
  1.8834183e+000
  8.2258930e+000
 -6.2181316e+000
  9.6308075e-001
 -3.5469578e+000
  1.0685349e+000
 -1.8283344e-001
  1.5039867e+000
 -3.6829172e+000
  4.0871421e+000
 -6.6882392e-001
 -1.1391199e+000
 -1.7245777e+000
 -5.2758126e-001
  3.1430035e+000
  3.4634294e+000
 -3.5716401e+000
 -7.9673054e-001
  3.4998323e+000
 -2.3903313e+000
 -3.2183124e+000
  7.2570133e+000
  9.4429488e-001
  2.5172948e+000
 -1.9997576e+000
  8.8365538e-001
 -1.6089991e+000
  2.1040821e+000
  7.1663531e-001
 -5.0915311e-001
  2.5849294e+000
 -1.3585864e+000
 -1.8696895e+000
 -2.9436806e-001
  1.2222950e+000
  1.2004260e+000
 -3.0457029e+000
  1.1325763e+000
 -1.1583578e+000
 -2.4679886e-001
  2.4755757e+000
 -1.6021931e+000
 -4.3222104e+000
  1.3901220e+000
 -1.5188667e+000
  1.9249694e+000
 -2.9357135e-001
 -3.4164662e-001
 -8.4314091e-001
  3.7086769e-001
  4.5236227e-001
  9.0419395e-001
  9.9991381e-001
 -2.3874867e+000
  9.5826639e-001
 -1.1448496e+000
  2.0403681e+000
 -1.1850946e+000
 -5.2220032e-001
  3.4223510e+000
 -2.8415539e+000
 -1.0413411e+000
  2.8164994e+000
 -1.9887499e+000
  2.7606261e+000
 -1.3511040e+000
  2.7832533e-001
 -2.1258296e+000
  1.6103725e+000
  2.5953957e+000
  1.7482896e-001
  7.7321639e-001
  3.0881206e-001
  1.7945602e+000
 -5.7565563e-001
 -8.1165079e-001
 -1.9078871e+000
  2.5653036e+000
 -9.1189627e-001
  2.8365194e+000
 -2.3539290e+000
  1.2779537e+000
 -8.4713483e-001
 -4.7246443e-001
  4.5585436e-001
 -3.9247686e-001
 -1.2365417e+000
  5.3683814e+000
 -6.9795813e-001
 -1.8617519e+000
 -9.7499670e-001
 -2.6020150e-001
 -2.3099588e+000
 -1.4843469e-001
  6.8307843e+000
 -4.5909151e+000
  3.0872821e+000
 -4.1309427e+000
  2.8818890e+000
  8.4988893e-001
 -1.7359841e+000
  5.9529531e-002
 -1.6437958e+000
  1.3284173e+000
  6.2931049e-001
 -2.3519610e+000
  1.6215995e+000
  1.0393640e+000
 -2.8133706e-001
  1.8986845e+000
 -1.2808740e+000
  1.7911930e+000
  2.7382891e+000
 -6.9424275e+000
  2.8423690e+000
 -1.9027534e+000
  4.3169515e+000
 -6.1200757e-001
 -3.3670730e+000
 -8.1370348e-003
  8.9308993e-001
  1.2042221e+000
  1.6966037e+000
 -4.6360175e+000
  9.2007654e-001
  3.7753807e+000
 -4.6407004e+000
  2.3635449e+000
 -6.4393376e-001
 -1.0134748e+000
 -6.7812643e-001
  1.4668317e+000
 -8.0930484e-002
 -1.9136241e+000
  4.4823616e+000
 -2.4012493e+000
  2.4160552e+000
 -2.3939595e+000
  3.1045948e+000
 -4.2074837e+000
  4.2939432e+000
 -2.4960893e+000
  4.1250927e-001
 -3.4622953e-001
  7.9882126e-001
  4.6769371e+000
 -3.7005071e+000
  4.2756182e+000
 -6.2594283e+000
  2.1088521e+000
 -6.1789814e-001
  3.5493970e+000
  2.5378565e-002
 -6.1750920e+000
  3.6615637e-001
  8.0151335e-001
  4.6052512e-001
 -1.0867140e+000
  6.2135186e+000
 -2.5611981e+000
 -1.3275685e-001
 -1.5478828e+000
 -1.4786695e+000
  3.2447394e+000
 -3.4254394e+000
  4.7163641e+000
 -2.9505883e+000
  8.4834095e-001
 -1.3674826e+000
  2.2054722e+000
  1.4772013e+000
 -5.8735973e+000
 -2.2068019e+000
  6.6035413e-002
 -1.2109168e+000
  2.2247203e+000
  2.3448487e+000
 -2.2605871e+000
 -3.8892598e+000
  1.5699284e+000
  4.6813570e+000
 -4.2066208e+000
  3.4661901e+000
 -6.6768872e-001
 -1.7085992e+000
 -9.3398570e-001
  1.3600317e+000
 -2.1707352e+000
  3.7842894e+000
 -1.3193956e+000
 -1.1560115e-001
 -6.6459752e-001
 -1.3115646e+000
  6.3525593e+000
 -3.5600825e+000
 -1.6484020e+000
  3.0856115e-001
  8.4409319e+000
 -4.7678232e+000
 -2.0427949e-001
 -1.0676369e+000
 -2.6528721e-001
 -8.3360086e-001
  6.4554328e-002
 -1.4538321e-001
  9.8628570e-001
  2.1871622e-001
  9.5893480e-001
 -6.5858898e-001
 -8.7177072e-001
 -4.3900480e-001
  6.3901855e-001
  2.3790053e+000
 -3.3024789e+000
 -2.9915463e-002
  4.6567364e+000
 -8.3073516e-001
 -2.2162223e+000
 -4.0575021e-002
  2.5126910e+000
 -2.8118819e+000
  3.4534694e+000
  1.5013383e-001
 -3.0608980e+000
  8.9928900e-001
  6.1551055e+000
 -3.6406169e+000
 -5.5467653e+000
  1.3731022e+000
 -1.0987380e+000
  1.1815497e+000
  1.2874313e+000
  1.4338029e+000
 -2.8182176e+000
 -8.4075888e-001
  3.4070972e+000
 -1.9904163e+000
  3.0954463e+000
 -2.8229576e+000
  1.1100429e+000
  2.2009921e+000
 -1.7540719e+000
  5.2472548e+000
 -7.0807523e+000
  2.1923547e+000
  1.4959605e+000
 -1.5704089e+000
  5.3966153e+000
 -4.3934355e+000
 -1.7399437e+000
  5.8200125e+000
 -3.6863823e+000
 -3.0204788e+000
  3.7118695e+000
 -2.5039587e+000
 -2.3549638e+000
  9.3298315e-001
  8.6620901e-001
 -1.3453063e+000
 -9.2470449e-001
  3.7120843e-001
  6.2547665e-001
  4.9342563e-001
 -5.9502167e-001
  7.4297494e-001
 -2.1453079e+000
  3.4107230e+000
 -1.7096671e+000
  1.1889385e+000
 -1.0606469e+000
  3.0742609e-001
 -6.9536795e-001
  3.5417778e+000
 -2.1079010e+000
 -1.0700692e+000
 -4.4390955e-001
  1.5978057e+000
 -2.0239854e+000
  7.3407996e-001
  4.4499949e+000
 -1.5798923e-001
 -3.9666238e+000
  3.2209011e-001
  2.0666123e+000
 -1.2889102e+000
  1.5208545e+000
 -1.5742675e+000
  1.2677393e+000
  9.2927820e-001
  8.8520640e-001
 -2.9711051e+000
  4.3620224e-001
 -6.9805962e-002
  9.3060184e-002
 -1.5877168e-001
  8.2446325e+000
 -5.3146209e+000
  8.4731793e-001
 -1.3547096e+000
  6.1191571e-001
 -9.9914583e-001
  8.3384024e-001
 -4.9126911e-001
 -1.4690610e+000
  1.4411060e+000
  1.2163377e-001
  3.7394713e-001
 -1.8667552e+000
  1.5049747e+000
  6.4028860e-001
  3.2714391e+000
 -3.4093989e+000
  2.1503983e+000
  6.7576569e+000
 -1.0009885e+001
  3.0569717e-001
  2.7722829e+000
 -2.1341260e+000
  2.2911957e+000
 -1.0493486e+000
  2.0300655e+000
 -2.3500725e+000
  2.2300359e+000
 -3.6787039e+000
  2.9401439e+000
  3.1586262e-001
 -3.3395899e+000
  2.5081597e+000
  1.8296839e+000
 -2.1510286e+000
  6.7556565e+000
 -6.2953211e+000
  1.4384892e-001
 -4.1823133e+000
  1.1655159e+000
 -1.2895248e+000
  1.5817638e-001
  1.3138744e+000
  1.8349015e+000
  1.4325707e+000
 -3.2906453e+000
  9.9133115e-001
  3.0245123e+000
  4.8947012e+000
 -6.3527875e+000
 -2.5826499e+000
 -5.8218196e-001
  8.7583684e-001
  7.6171404e-001
  9.2274898e-001
  6.8362603e-001
  1.5432644e-001
 -5.2407404e-001
 -2.8414432e+000
 -2.4523194e-001
  3.1156485e+000
 -2.6807688e+000
  1.3181312e-001
  1.0200903e+000
  9.5336275e-001
  3.5870299e-001
 -8.0198867e-001
  1.9818425e-001
 -1.5840825e+000
  9.4575934e-001
 -2.9759119e-001
  8.0695359e+000
 -4.9794691e+000
 -7.6126807e-001
  5.6942181e-001
 -7.8800606e-001
 -2.6516408e-002
  6.4756942e+000
 -6.9009016e+000
  1.5691045e+000
  1.3642420e+000
  5.7831192e+000
 -5.3814646e+000
  6.1539078e+000
 -8.3350723e+000
  1.5374815e+000
