  8.3178481e+000
 -3.8042576e+000
 -3.6653139e-001
 -8.0094205e-001
  4.6453896e-001
  1.9931311e-002
 -5.4668630e-001
 -8.9137291e-001
 -4.8124592e-001
  2.0161733e+000
 -8.1488428e-001
  3.4379870e-001
 -7.8664990e-001
  3.3765518e-001
 -1.4803967e-001
  1.3427234e+000
 -5.7139887e-001
  1.4992095e-001
  1.1737720e+000
 -4.2100433e+000
  1.4875738e+000
  7.8423879e-001
  8.5912976e-002
  9.1126279e-002
  2.7915946e-001
 -8.2200330e-001
  1.9915286e-001
  1.2804377e+000
 -7.7476132e-001
 -1.8775195e+000
  8.6458222e-003
  1.0785042e+000
  1.1326386e+000
 -1.8589317e+000
  7.5247883e-001
 -9.3775713e-001
  1.1512377e+000
 -2.1581578e-001
 -6.9144291e-001
  2.6447418e+000
 -2.1524306e+000
 -8.4618725e-001
  1.4428270e+000
  1.6408900e+000
 -2.2484118e+000
  6.1387723e-002
  1.2501211e+000
 -2.8358655e-001
 -1.0976633e+000
  1.8471464e+000
 -7.3461538e-001
 -5.5599104e-001
  1.6506041e+000
  1.0377653e+000
 -5.1053066e-001
 -1.4395210e+000
 -6.8467034e-002
 -5.1193153e-001
  1.3943682e+000
  1.1936011e-002
 -2.6618697e+000
  5.5187370e+000
 -3.7509701e+000
  8.6115846e-001
 -2.0878195e+000
  3.4279198e-001
  4.2340624e-001
  3.5702880e-001
 -6.4740737e-001
  2.4766086e+000
 -2.2982437e+000
 -9.2205320e-002
  7.5943281e-002
  5.6331620e-001
 -7.0109599e-002
 -1.2650130e-001
 -1.3780365e+000
  9.8078106e-001
 -8.9199510e-002
  6.1295628e-001
 -9.4770380e-001
  9.0946602e-001
 -1.3377738e+000
 -1.2981089e+000
  1.8307118e+000
  4.3612320e-001
 -5.6240504e-002
 -4.6827812e-001
  5.1681711e-001
  2.5953083e-001
  5.5636441e-001
  1.7392133e+000
  1.1483054e+000
 -1.9253693e+000
  1.6460717e-001
  2.8956022e-001
 -4.5216526e-002
 -6.4943044e-001
  8.7835995e-001
  1.0828301e+000
 -5.9928199e-001
 -1.0343875e+000
  1.1979503e+000
 -1.6682545e+000
  2.8795761e+000
 -1.6250999e+000
 -1.3588546e+000
  7.0158044e-001
 -1.4468691e+000
  1.9828197e+000
 -1.6391261e+000
  7.6120517e-001
 -1.2001649e+000
  1.5028866e+000
  5.6953488e-001
 -4.6820106e-001
 -3.2536174e-001
  4.8001200e-001
  4.6057362e-003
 -3.7836881e-001
  3.7836866e-001
  3.4571692e-001
  6.3126396e-001
  9.1165591e-001
 -1.9302729e+000
 -5.4583774e-001
  5.8592994e+000
 -5.5988539e+000
  1.0506178e+000
  3.0171369e-001
 -1.4986423e+000
  1.8488473e+000
 -5.2715117e-002
  7.7856622e-001
  6.4458036e-001
 -1.8777021e+000
  9.7166789e-001
 -1.1330007e+000
  1.3007684e+000
 -2.0787312e+000
  2.0298492e+000
 -2.0713300e+000
  1.3651890e+000
 -2.6511010e-001
  1.5217305e+000
 -9.0354899e-001
 -1.4530810e+000
  9.6158346e-001
  1.8175623e-001
 -1.1292123e-001
  5.5355924e-001
  1.5430725e+000
 -2.0292251e+000
  1.1736635e-001
 -8.5444657e-001
 -6.8988891e-001
  2.0812008e+000
 -1.5088835e+000
  3.3626418e+000
 -4.5601390e+000
  1.8197513e+000
 -1.9995360e+000
  1.3349452e+000
 -5.3851981e-001
 -7.0160272e-001
  1.0761957e+000
  1.6608136e+000
 -1.6216396e+000
 -3.9967927e-001
  1.0647032e+000
 -1.3022263e+000
  2.2342818e-001
  2.4273861e+000
 -2.8620218e+000
  1.0753819e+000
  2.7011412e-001
 -1.3860146e+000
  2.7667302e+000
 -6.2568393e-001
 -2.8926602e-001
 -7.2818159e-001
  1.2593034e+000
 -1.5251205e+000
 -3.5193812e-001
  8.5039262e-001
  1.0642178e+000
 -2.8051245e+000
  6.6163967e-001
 -6.3939727e-002
  1.6093260e+000
 -1.4603989e+000
  1.7793916e-001
  1.2794341e+000
 -9.1412730e-001
 -2.3663046e+000
  2.6898841e+000
 -7.2231140e-001
  2.7397548e-001
  7.2600099e-001
  6.2402542e-001
 -1.0150959e+000
  7.8697892e-001
 -4.3134807e-001
  6.8622887e-001
  7.5808504e-002
 -2.1518279e+000
  1.6992685e+000
 -3.3511137e-001
  1.0389078e+000
 -4.9358451e-001
  1.2049694e-001
 -8.5950489e-001
 -2.5248066e-001
  8.6650233e-001
 -5.7136397e-001
  1.4207329e+000
 -2.0294703e+000
  7.4220606e-001
  7.3050887e-001
  1.2760423e-001
  2.7550922e+000
 -3.8748672e+000
  2.5874091e+000
 -1.4203171e+000
 -2.5503216e-001
 -7.1302804e-001
  1.3958410e-001
 -1.1581935e+000
  1.8831041e+000
 -2.4427867e+000
  4.3070420e+000
 -2.3225714e+000
 -6.6377756e-001
  8.3603767e-001
  3.6007077e-002
 -6.9912634e-001
  8.7098586e+000
 -4.1197425e+000
 -2.7595667e+000
  3.7847410e+000
  1.1253258e+000
 -3.0668500e+000
 -2.3681977e+000
 -1.4680364e-001
  1.3231682e-001
 -1.0723666e-001
  4.2994762e+000
 -4.0317921e+000
  2.2822198e+000
 -2.2019857e+000
  3.0424002e+000
 -2.1940025e+000
 -3.3092421e-006
  5.5475819e+000
 -2.8199350e+000
  7.2297946e-001
 -1.6890919e+000
 -2.0458798e-001
  7.0879011e+000
 -6.2089686e+000
 -1.1933437e-001
 -3.1060476e-001
 -3.5645367e-001
  1.1302639e+000
  9.4304544e-003
 -1.2479944e+000
 -9.8052372e-002
  6.3498067e-001
 -5.5561846e-001
 -8.8509417e-002
  8.7237377e-001
 -6.4555653e-003
  1.3267777e+000
 -1.5457561e+000
  9.9584702e-001
  1.3317669e+000
 -5.5372003e-001
 -3.3982711e-001
 -8.6197139e-001
 -1.2977089e-001
  6.1882608e-001
 -1.5097811e+000
 -1.1663251e-001
 -1.0900000e+000
  2.2232335e+000
  1.5418720e-001
  2.0315067e+000
 -2.2163782e+000
  8.8481907e-001
  1.1961374e-002
 -1.1373569e+000
  6.2280500e-001
 -9.1182598e-001
 -4.7285217e-001
  5.5649858e-001
 -7.0766891e-001
 -3.0603178e-002
  1.9671594e+000
  2.7522443e-001
 -3.1673274e-001
 -2.8220653e+000
  1.4170748e+000
  5.8871132e-002
  5.2111562e-001
 -2.1430682e+000
  1.4906988e+000
 -6.6213301e-001
  3.3816703e-001
  4.9017176e+000
 -5.0061855e+000
  1.7650651e+000
 -3.2143781e-001
  5.5462773e+000
 -5.7149003e+000
 -1.9427237e+000
  1.1694411e+000
  2.1926595e+000
 -3.6089840e+000
  2.8685671e-001
  3.1507342e+000
 -3.6073403e+000
  4.6858311e-002
  4.5725386e+000
 -1.5093812e-001
 -1.5258926e+000
  7.0529729e-001
  5.0022836e-001
  8.1523891e+000
 -5.8566025e+000
 -2.6134933e+000
 -7.0789945e-001
 -2.1592796e+000
 -6.6675163e-001
  5.4836528e+000
 -3.1539359e+000
 -2.9660253e+000
  2.4813498e+000
  1.0534068e+000
 -2.0094652e+000
 -8.9976675e-002
 -7.8711731e-001
  1.4453092e+000
 -1.2910152e+000
  1.8613466e-001
 -2.0425295e+000
  2.9845900e+000
 -1.7780905e+000
 -7.1096534e-001
 -6.8665207e-002
  5.1925983e-002
 -2.1838132e-001
  1.1055420e+000
 -9.8648057e-001
  1.2322956e+000
 -9.7027624e-001
  1.2001255e+000
 -1.0410145e+000
  5.4972506e-001
 -1.9996908e-002
 -7.9318565e-001
 -2.4306762e+000
  3.3224793e+000
 -1.3163643e+000
  3.7371667e+000
 -2.1202779e+000
 -8.3857636e-001
  1.2403982e+000
 -9.1959569e-001
 -1.2249413e+000
  1.2838494e+000
  7.1820336e-001
 -8.2367127e-001
  1.3140600e+000
 -9.6372129e-001
 -1.7817670e+000
  2.4037695e+000
 -4.0600181e+000
  1.2777214e+000
  2.1110854e+000
 -2.3789933e+000
  9.0101067e-001
  2.0541611e+000
  1.7486467e-001
 -4.3665289e-002
 -7.6608209e-001
 -2.1641641e+000
 -2.4523207e-001
  5.2446813e-001
  2.2225147e+000
 -6.9006980e-001
 -1.0590617e+000
  2.0262401e+000
  8.3753307e+000
 -5.0125491e+000
 -6.1505525e-001
  5.9397893e-001
  1.9849309e-001
  4.7670557e-002
  1.2178876e+000
  2.2664992e+000
 -5.4137624e+000
  4.6190769e-001
  1.0401681e+000
 -8.3155700e-001
 -7.3762765e-001
  3.7878214e-002
  1.0653633e+000
  2.4552652e-001
 -9.7012704e-001
  1.1847329e+000
 -1.6651272e+000
  9.3369302e-001
  5.3180570e-001
  4.7235875e-002
  1.5904357e-001
  4.9684075e-001
 -4.3592078e-001
 -3.5147645e-001
 -8.7182728e-001
 -8.5617918e-001
  1.5753534e+000
 -2.4939509e-001
  8.8005995e-001
 -5.8023952e-001
  9.6224945e-001
 -1.9590976e+000
  1.6402598e+000
 -1.5352051e+000
 -3.0276338e-001
  1.2465780e+000
  2.4445590e-001
  1.5107087e+000
 -1.7049580e+000
 -6.2318667e-001
  5.2916154e-001
 -3.8028283e-001
 -5.1971641e-001
  1.5352074e+000
 -3.7801059e-001
  2.9960637e-001
 -1.4493258e+000
  1.2022473e+000
 -1.9834673e+000
  6.2433760e-001
 -3.1830973e-001
 -5.5289971e-001
  2.2832925e+000
 -9.4367080e-001
  1.8434836e+000
 -1.5398394e+000
  1.1552320e+000
 -8.5962698e-001
  2.0414840e+000
 -1.9790488e+000
  5.1133581e-001
  0.0000000e+000
  3.3470618e+000
 -2.5441445e+000
 -3.2437917e-001
 -1.0941757e+000
  1.0383432e-001
  1.1989966e+000
 -5.3963118e-001
 -5.8945013e-001
  3.9881153e-001
  1.2492801e+000
 -1.0039359e+000
  1.8952419e+000
 -2.4666116e+000
  1.3314172e-001
  7.3344646e-001
  3.3860183e+000
 -5.4463147e+000
  1.4603905e+000
 -2.8548636e-002
  4.7916441e-001
 -1.4512780e+000
  9.6259609e-001
  4.8589158e-001
 -7.6862358e-001
  1.2039257e+000
 -1.2479548e+000
 -6.4725456e-001
  9.6905465e-001
  4.8311498e-001
 -1.6054375e+000
  4.0466074e+000
 -2.2258996e+000
  5.6331715e-001
  9.3261480e-001
 -2.2453796e+000
  2.2234283e+000
 -1.4061029e+000
  4.3133940e-001
  1.5280465e+000
 -4.9737126e-001
 -1.2657249e+000
  2.8089605e+000
 -1.5790549e+000
 -4.1296902e-001
 -2.3405709e+000
  3.8111703e+000
 -3.7043042e+000
  7.5113599e-001
 -3.3320264e+000
 -1.8323679e-001
 -7.6180024e-001
  7.5224972e-002
 -4.2364299e-001
  1.8928693e+000
 -2.9396446e+000
  1.2617682e+000
  3.7276791e-001
  1.4987407e+000
 -2.4642414e+000
  6.8419953e-001
  3.0045264e+000
 -2.0044944e+000
 -1.9789790e+000
  1.9898376e-001
  9.9926992e-001
 -1.8694513e+000
  1.6282104e+000
  1.4591049e+000
 -1.6122462e+000
  4.3405181e-001
 -1.1150331e+000
  7.0747418e-001
  1.1854003e+000
 -9.9496668e-001
 -1.0676581e+000
  1.8700448e+000
 -1.6373668e+000
  7.6671925e-001
  4.0118096e-001
  2.8240955e+000
 -3.5967817e+000
  1.2318054e+000
  2.1903175e-001
 -1.3828346e+000
  2.7307402e+000
 -1.1423839e+000
 -1.8854360e+000
  1.5198256e+000
 -9.7518618e-001
  4.0661949e-001
  2.7631632e-001
 -1.1014654e+000
 -1.9423464e+000
  1.7383101e-001
  2.5473352e+000
 -7.8511585e-001
  2.7274995e+000
 -2.6344823e+000
  2.5217919e+000
 -1.2633778e+000
 -7.7120799e-001
 -6.7352668e-001
 -1.1906637e-001
  1.8967560e+000
 -9.0620632e-001
  1.5305706e+000
 -2.6867714e+000
 -5.9453735e-001
  3.0517708e+000
 -2.0669395e+000
  1.5735468e+000
 -5.0720917e-001
 -4.3424486e-001
 -1.6356143e-001
 -1.6186863e+000
 -6.0137457e-001
  1.1912919e+000
 -4.9676974e-001
  1.6078351e+000
  9.7694035e-002
 -6.8432557e-001
  9.4300482e-001
  4.1293476e-001
 -1.8466569e+000
 -2.7999644e-001
 -6.6403492e-001
  1.7373947e+000
 -1.2899862e+000
  5.7795405e-001
 -3.1458531e-001
  1.3199545e-001
  1.4434285e-001
 -6.1122050e-001
  2.1259519e+000
 -9.1474943e-001
 -1.5109102e+000
  1.9442981e-001
  7.8636628e-001
  6.5503667e-001
  4.2262250e-001
 -1.7058816e-001
  1.0529598e+000
 -8.4798441e-001
 -1.4998228e+000
 -4.3656867e-002
  5.1577903e+000
 -4.9483579e+000
  1.5851018e+000
  1.0278195e-001
 -8.6735458e-001
 -6.9705627e-001
  7.2279673e-001
 -1.9008934e-001
 -6.9884719e-001
  9.6751006e-001
 -2.4693812e-001
  1.1871696e+000
  1.0732600e+000
 -2.0613420e+000
 -1.9095158e-001
  1.4877219e+000
 -2.1503774e+000
  1.6250540e+000
 -7.6740837e-001
  1.2679967e-001
  2.4349077e-002
  4.6592555e-001
 -7.3846640e-001
  1.4485333e+000
 -3.2881530e-001
  4.6052630e-001
  2.0551220e-001
 -5.1901734e-001
  1.7477986e+000
 -2.7094811e+000
  2.8270281e+000
 -3.6883220e+000
  2.7843165e+000
 -2.5303609e+000
  1.0243828e+000
 -1.2346440e+000
 -5.2986234e-001
  3.2754495e+000
 -6.6174509e-002
 -2.8383417e+000
  1.0529800e+000
 -1.6479859e+000
 -3.0546693e-002
  5.3180776e-001
  8.4945434e+000
 -6.5891563e+000
  9.1571198e-001
 -8.3152626e-001
  1.6251886e+000
 -1.9854978e+000
 -4.0778912e-001
  1.1807322e+000
  3.3335536e-001
  3.4836397e-001
 -7.2003098e-001
  1.2417595e-001
  2.0655405e-001
  2.7699063e-001
 -1.7653075e-001
 -1.4466047e+000
  1.7715177e+000
 -7.9190180e-002
 -8.7126905e-001
  4.0308721e-001
 -1.2847598e+000
 -1.1394211e-001
  1.1024322e+000
  5.1669551e-002
  8.4679614e-001
 -1.0103342e+000
  1.6802219e+000
 -2.0788090e+000
  3.1432028e+000
 -1.9020292e+000
 -4.1659335e-001
 -6.3883064e-002
 -4.7305761e-001
  9.8267181e-001
 -1.3854267e-001
 -2.1892910e+000
  2.3056195e+000
 -5.9818965e-001
 -6.9345317e-001
 -3.8053112e-001
  1.5469479e+000
  1.8334119e+000
 -2.0645173e+000
  1.4283065e+000
 -1.2647641e+000
  1.3130368e+000
 -2.6050091e-001
 -1.3299487e+000
 -2.2172608e-001
  1.5911984e+000
  5.0088400e+000
 -6.6215624e+000
  1.1478110e+000
  8.7987328e-001
 -1.1429669e+000
  6.9867807e-001
 -6.1338787e-001
 -8.9126590e-001
 -1.5604463e-001
 -1.9324348e-001
  1.8613334e+000
 -1.6360931e+000
  9.6572794e-001
  5.4141658e-001
  1.7312190e-001
 -1.8897039e+000
  8.5445123e-001
 -2.3881981e-001
  9.5980124e-001
  4.6386570e-001
 -7.1597147e-001
 -1.7482070e+000
  7.8011863e-001
  1.7459896e+000
 -2.6660149e+000
  1.5908187e+000
  1.7756809e-001
 -1.6203447e-001
  1.2522465e+000
 -6.1076528e-001
 -8.6468555e-002
 -8.4219345e-001
 -1.3578666e-001
 -2.5663192e-001
  1.0366413e+000
 -1.4631925e+000
  3.9587651e-001
  1.1783404e+000
 -3.2581929e-001
 -7.5718244e-001
  1.4199119e+000
 -1.6626998e+000
  2.8586788e-001
 -5.4274701e-001
 -5.9581437e-001
 -3.7832948e-002
  1.8296583e+000
 -1.1641418e+000
 -4.7093333e-003
 -6.7420682e-001
  1.6762818e+000
 -1.2805485e+000
  5.7934065e-001
 -7.7108663e-001
  7.5960986e-001
 -9.3034104e-001
 -7.7391675e-001
  1.0798070e+000
  5.4692653e-001
 -2.8138470e-001
  1.7721211e+000
 -8.2321968e-001
  4.7216083e-002
 -8.2205471e-001
  5.1343819e-001
 -5.4649191e-001
 -3.4428299e-001
  1.0753317e+000
 -8.6457839e-001
 -4.8750122e-001
  1.0414574e+000
 -1.1342883e+000
  7.8992677e-001
  2.0398440e+000
 -2.0561454e+000
 -2.3819215e-001
  6.3894687e-001
  1.3046984e-001
 -8.1281041e-001
  6.5377816e-001
  2.4407453e+000
 -1.1930767e+000
  3.1846260e+000
 -4.2919389e+000
  5.5150310e+000
 -5.6168630e+000
 -2.5185114e-001
  1.2698627e+000
 -2.4274435e-001
  6.4626346e-002
 -3.9089711e-001
  9.5845321e-001
 -6.5199349e-001
  1.2679245e+000
 -7.3360972e-001
  1.3204567e+000
 -1.6665411e-001
 -1.2640625e+000
  1.0849493e+000
 -1.7365032e+000
  3.2821356e+000
 -3.7418020e+000
  3.6635693e-001
  4.4707047e+000
 -3.7412115e+000
  4.9286179e+000
 -4.5468387e+000
 -6.3292882e-001
 -1.8847000e+000
  6.4577417e-001
 -9.3617295e-001
  1.5697523e+000
  2.3221997e+000
 -2.0390123e+000
  7.1539241e-001
  8.6357851e-002
 -4.9865050e-001
  3.5339909e+000
 -4.2496677e+000
  6.0477778e-001
 -1.4735826e-001
 -1.9005556e-001
 -1.9014773e+000
  3.4542131e-001
 -1.1635287e+000
  6.5082122e-001
 -4.4074054e-001
 -2.8535441e-001
 -3.1479736e-001
  1.5051760e+000
  4.6049882e-001
 -9.2949780e-001
  4.2255314e-001
 -1.4410113e+000
  1.5304181e+001
 -1.2787497e+001
 -1.6060252e+000
  8.1274052e-001
  2.5360586e+000
 -1.0974017e+000
  1.4651997e+000
 -4.7624428e-001
 -1.8262529e+000
  9.6089067e-001
  6.4073425e-001
 -3.1463190e+000
  7.6022823e-001
  1.6211920e+000
 -6.8354164e-001
  1.2574279e+000
 -1.0704504e+000
 -4.1008256e-001
  3.3176228e-001
 -1.1003302e+000
  8.0872310e-001
  1.4843589e+000
 -2.4980680e-001
 -9.5332758e-001
 -6.8069515e-001
  8.7129895e-001
 -4.2970470e-002
  6.9506743e-001
 -5.4023660e-001
  9.1318683e-002
  3.1342756e-001
 -4.6554261e-001
 -1.1582820e-001
  1.8354868e+000
 -2.0961288e+000
  5.8190928e-001
  1.7781876e+000
 -6.7739013e-001
 -1.4688260e+000
  1.5914624e-001
  1.9223304e+000
 -2.1960493e+000
  6.3927426e-002
  1.8798235e+000
 -2.9527763e+000
  1.3724376e+000
  1.9376054e+000
 -9.4174553e-001
 -4.6706266e-001
 -4.9496209e-001
  5.8836461e-001
 -7.3870419e-001
 -3.2105541e-001
 -7.7823350e-001
  1.0334365e+000
  1.1925192e+000
 -9.4797708e-002
 -7.1769090e-001
 -2.2893667e-001
 -1.2391913e-001
 -8.0551192e-001
 -1.0319244e+000
  3.5411971e+000
 -3.2824763e+000
  1.1469920e+000
 -1.1627207e+000
  2.0815755e+000
 -2.2145373e+000
  2.3453643e+000
  1.3801168e+000
 -5.5480968e+000
  4.7837376e-002
 -1.3057465e+000
 -1.0606678e+000
  1.3344650e+000
 -9.2825935e-001
  8.6900992e-001
 -1.1506268e-001
  1.8109755e-001
  9.6732189e-001
 -2.0734552e+000
  1.0333266e+000
  3.8138736e-001
 -1.2440316e+000
 -3.0979481e-001
 -1.8628264e-001
 -4.2040600e-001
  1.8954739e+000
 -3.1913775e-001
  4.7898899e-001
 -2.9071080e-001
 -5.9814863e-001
  1.0447901e-001
 -1.5523287e-001
  6.5842003e-002
 -6.5141438e-001
 -2.9260252e-001
  1.4310212e+000
 -4.1471445e-001
  2.3641961e-002
  3.6662430e-001
 -3.2871919e+000
  1.5277337e+000
  1.4135021e+000
 -4.2681374e-001
 -2.5749927e-002
  3.1098711e-001
  1.5374331e+000
 -3.5289927e+000
  1.1476687e+000
 -4.9762185e-001
  6.4030234e-001
 -5.4896925e-001
  2.0598392e+000
 -1.2101153e+000
 -1.0800742e+000
  1.6152516e+000
  2.9135807e+000
 -3.0672291e+000
  1.0572079e+000
  9.5772354e-001
 -2.9488898e+000
 -1.4057100e-001
  2.8295030e+000
 -2.1931985e+000
  2.2542819e+000
 -8.1426832e-001
 -1.4354237e+000
  1.8239139e-001
  7.0243651e+000
 -3.9174442e+000
 -1.1266998e+000
 -8.8962012e-001
  7.0100863e-001
 -2.3500829e-001
  1.6658964e+000
 -8.6794562e-001
 -2.6045538e+000
  1.8212169e+000
  6.1339058e-001
 -1.5807526e+000
  4.0025610e-001
 -5.6628199e-002
 -2.8689331e-001
  9.2527233e-001
 -3.6698330e-001
 -1.1592168e+000
  2.3498436e+000
 -1.8287773e+000
  2.8967700e+000
 -1.7053837e-001
 -1.4674234e+000
 -1.7337537e+000
  2.1149934e+000
  6.6654478e+000
 -3.9581798e+000
  1.2910227e-001
  3.0139965e-001
 -5.5635557e-001
 -5.6726269e-001
  1.8097733e-001
  1.3446413e-001
 -5.4740345e-001
 -7.7794944e-001
  7.0576078e-001
  1.1382441e+000
 -4.6425767e-001
 -1.7215360e-001
 -7.3843637e-001
  1.8357556e+000
 -1.1133171e+000
  2.6377980e-001
  2.4239280e+000
 -1.7535458e+000
 -7.4600804e-001
  2.8572790e+000
 -2.4169454e+000
  3.3087456e-001
  2.1517652e-001
 -3.3634893e-001
 -2.3383495e-001
  1.4365722e-002
 -1.2589230e+000
  2.2011470e+000
 -2.0661002e+000
  3.3465979e+000
 -2.0982111e+000
  2.7937603e+000
 -1.5828335e+000
 -6.4633877e-001
 -9.5985886e-001
  5.8620862e-001
 -1.2936519e+000
  2.0299223e+000
  2.6343495e+000
 -9.8536429e-001
 -2.7402422e-001
  8.9432420e-001
 -3.6310647e+000
  3.1154990e+000
 -6.9813837e-002
 -3.2997821e+000
  1.9019247e+000
 -4.0199048e-001
 -2.3541242e+000
  8.8508520e-001
