  1.5955540e+001
 -1.2154146e+001
 -1.0392033e+000
 -1.0252686e+000
  1.4889876e+000
 -2.4293551e+000
  7.6789372e-001
  1.0192114e+000
  1.6805396e+000
 -3.2453274e+000
  1.2404632e+000
 -3.7444806e-001
  5.7600655e-001
  4.7101602e-001
 -2.0286288e-001
 -1.7442630e+000
  6.3490805e-001
  1.4544749e+000
 -7.5882762e-001
  1.6048637e+000
 -4.2619408e-001
 -9.7238448e-001
 -1.4597744e-001
 -2.3901300e-001
 -3.6886733e-001
  4.5630434e-001
  5.4275140e-001
 -1.2316023e+000
  1.0085762e+000
  4.4183638e-001
 -9.9865172e-001
 -1.6566268e-001
  1.3225971e+000
 -4.2233575e-001
 -3.9363874e-001
  9.3141361e-001
 -4.0045622e-001
 -5.2289970e-001
  2.1383406e+000
 -1.8125740e+000
 -9.7546746e-001
  3.4999667e-001
  6.3458605e-001
  1.3189072e+000
 -2.9824489e-001
 -4.3807622e-001
 -8.1616165e-001
  3.4931690e+000
 -1.4246786e+000
 -1.6934706e+000
  5.2304265e-002
  1.3495622e+000
 -4.8706046e-001
  1.4044424e+000
 -3.3485120e+000
  3.5031687e+000
 -3.4162351e+000
  3.0528528e+000
 -1.7024602e+000
 -7.5381413e-001
  1.0166931e+000
 -1.6037732e+000
 -2.7123847e-001
  2.2130775e+000
  1.6030487e+000
 -5.1058347e+000
 -2.0289843e-002
  2.8335052e+000
  2.5100257e+000
 -2.2077034e+000
 -1.2963470e+000
 -4.3148365e-001
  1.8104127e+000
 -2.5192998e+000
  1.0694886e+000
 -1.1459816e+000
  3.8165815e-001
 -6.7024046e-001
 -6.4000852e-002
  4.3715786e-001
  3.8264321e-001
  4.9900753e-001
 -3.5447829e-001
 -4.8373452e-001
  2.5519933e+000
 -2.6800054e+000
  1.1655894e+000
 -9.4962086e-001
 -2.7544593e-002
 -1.2348434e-002
 -7.9868885e-001
  1.8337170e+000
  4.2183297e+000
 -1.7832614e+000
 -1.7393978e-001
 -3.2010330e-001
  2.0519413e-001
 -1.1660686e+000
  1.2955956e+000
 -5.1061678e-003
  1.0191066e+000
 -8.6535147e-001
  4.6903431e-001
 -5.8889925e-001
 -1.2698703e+000
 -9.8498314e-001
  3.4353368e+000
  1.2812758e+000
 -6.5055216e-001
 -6.8942331e-001
 -7.6136677e-001
  4.6420185e-001
 -2.7300614e+000
  5.8821112e-002
  2.0484039e+000
 -1.4951873e+000
  9.7541576e-001
  2.1060378e-001
 -1.4274470e-001
  2.4356245e-002
  4.5904905e-002
 -8.4756227e-003
 -1.5692037e-001
  2.4497280e+000
 -5.8865660e-001
 -1.1396572e+000
  4.7219868e-001
 -1.6793216e+000
  1.4833133e+000
 -2.2475734e+000
  2.2511505e-001
  1.1703143e+000
 -2.0157166e+000
  5.7308104e+000
 -3.2838326e+000
  2.3263473e-003
 -1.6437988e+000
 -7.1588888e-001
  1.4013822e+000
  1.3440929e-001
  1.0663013e+000
  7.3988036e-001
 -3.4924128e+000
  3.3137233e+000
 -1.0709991e+000
 -3.5660579e-001
 -2.8584833e-001
 -3.0600286e-001
  2.7575988e+000
 -1.0345990e+000
 -5.4125326e-001
  1.0083736e+000
  8.7650788e-002
 -7.7903317e-001
 -9.8063439e-001
  1.1236353e-001
  1.2526713e+000
 -1.0355356e+000
  1.1267678e+000
 -8.4066735e-001
 -3.6861702e-001
  1.5609125e+000
 -1.0725681e+000
 -1.3879127e+000
  1.6400171e+000
 -1.5976701e+000
 -1.0611375e-001
  2.0256173e+000
 -1.3605254e-002
 -4.8268060e-001
  1.0724525e+000
 -5.3694502e-001
  6.8849425e-001
 -1.3431668e+000
 -1.9587081e-002
  1.7597279e+000
 -4.2499539e-001
 -7.2440767e-001
 -1.0166788e+000
  1.9184729e+000
 -1.4429095e+000
  4.7366964e-001
  2.6172525e+000
 -8.5912208e-002
 -1.0344334e+000
 -3.5113038e-001
  2.7237666e-001
 -1.7548316e-001
  1.6527092e-001
  2.4533169e-002
  3.2654972e-001
 -8.7412085e-001
 -6.5707170e-001
  3.6547885e+000
 -2.8317385e+000
  8.8259214e-001
 -4.3771275e-001
 -5.9234715e-001
  2.5456302e-001
  1.8724552e+000
  1.9198812e-001
 -2.0931795e+000
  5.5297821e-001
  2.8324916e+000
 -2.8900664e+000
  1.2802371e+000
 -1.3994333e+000
  9.3015901e-001
  3.2419273e+000
  1.3977167e+000
 -3.5372250e+000
 -1.3379413e+000
  9.5370154e-001
  3.4885320e+000
  1.3205859e+001
  2.0196282e+000
  2.0265651e-001
 -2.7495262e+000
  2.5047646e+000
 -3.6173023e-002
 -3.0647002e+000
  1.8712720e+000
  5.1126734e-001
 -1.5022337e+000
  1.0941769e+000
 -5.7981059e-001
  2.2501526e-001
  1.5032146e+000
 -1.2321971e+000
  3.2377750e-001
  3.1907517e+000
 -2.4963049e+000
 -1.8961109e+000
  4.1461434e+000
 -2.9152257e+000
  1.4656943e-001
 -5.5900571e-001
  3.9971524e-002
  3.4629414e+000
  9.3504673e+000
 -8.5385671e+000
  4.6372846e+000
 -3.6810107e+000
  2.6530545e-001
 -1.7986721e+000
  2.8062459e+000
 -2.6665393e+000
  4.4615417e-001
  8.7916539e-001
  3.0941068e+000
  2.0427237e+000
 -3.8902528e+000
  1.2167544e+001
 -8.2380652e+000
 -2.1931595e+000
  5.0463430e+000
 -1.7510617e+000
  2.6261932e+000
 -4.0603223e+000
  7.4830849e-001
 -1.4103741e+000
  1.6910935e+000
  1.8422344e+000
 -5.7626868e+000
  4.3762922e+000
 -4.1421253e+000
  3.0156695e+000
  4.7000544e-001
  1.1872199e+000
 -2.2054782e-001
 -4.8847777e-001
 -3.7820816e+000
  3.8073395e+000
  6.2084137e-001
 -4.9796221e-001
 -2.3715453e+000
  7.6675056e+000
 -4.5093024e+000
 -2.0086168e+000
 -1.1522581e+000
  1.1338836e+000
  5.6342890e-001
  9.1104170e+000
 -8.3273026e+000
 -2.4178751e+000
  3.2171426e+000
 -3.5197860e+000
  5.0205565e-001
  2.7238456e-001
  1.4710089e-001
  2.1821986e-002
 -3.3650876e-001
  1.7979391e+000
  1.4962958e-001
 -9.9773922e-001
 -1.3194351e+000
  3.7637505e+000
 -1.5348265e+000
  1.5415084e-001
 -1.9760637e-002
 -6.9582412e-001
 -1.7379956e+000
  1.8754647e+000
 -8.3697923e-001
  1.3449251e-001
 -8.9137237e-001
  1.4454134e+000
 -2.3607585e+000
 -7.2028690e+000
  2.8639922e+000
  3.7639378e+001
  4.1233859e+000
 -5.4919347e+000
  1.9940418e+000
 -2.6947735e+000
  7.6855422e-001
  5.3088798e-001
  2.0377629e+000
 -3.9920064e+000
  3.1607188e+000
 -1.6958636e+000
 -1.8848629e-001
  3.4053693e+000
  8.6688624e-001
 -5.3418954e+000
  5.1700922e-001
  9.1634393e-001
  1.6979241e+000
 -2.3034700e+000
  1.5654617e+000
 -5.4862714e-001
 -1.3943759e+000
  1.2640222e+000
  5.5675402e+000
 -7.2486260e+000
  5.6318984e+000
 -4.4276735e+000
  1.1302639e+000
  2.3441430e+000
 -4.4022476e+000
  3.7692245e-002
 -2.5096555e+000
  2.0291433e+000
 -1.0951435e+000
  2.0798463e+000
 -1.6866238e+000
  1.2129650e+000
 -1.4007724e+000
  1.1033990e+000
 -2.1367063e-001
 -3.0534070e-001
  2.9965974e-001
 -9.4647138e-001
  1.5379839e-001
  1.7804380e+000
 -8.3621034e-001
 -2.0814160e-001
 -8.8153052e-003
  6.2420970e+000
 -4.9730895e+000
  7.6194768e-001
  7.7082980e-001
 -6.1188007e-001
 -2.3913633e+000
  1.2689755e-001
  4.5158895e-001
  9.1442624e-002
  1.7710209e+000
 -1.5570456e+000
  1.6494174e+000
 -2.0445814e+000
  9.8245912e-001
 -9.2404107e-001
  1.0237877e+000
 -1.7868345e+000
  3.1741490e+000
 -8.6551107e-002
 -6.3063961e-001
 -3.4487938e-001
  1.1864890e-001
  1.1916291e+000
 -2.1813348e+000
  6.0656443e-001
 -3.0296097e-001
 -1.2019998e+000
 -2.2018114e-001
  1.7691118e+000
  1.9281667e-003
 -1.6068574e+000
  4.1911238e-001
  1.1847291e-001
 -3.2312380e-001
  2.0251132e+000
 -4.0019908e-001
  4.4567412e-001
  7.4140672e-001
  8.7745155e+000
 -3.6109454e+000
 -6.0255539e-001
 -3.0700339e-001
  6.4877827e+000
 -6.5478396e+000
  2.6913060e+000
 -8.3035379e-001
 -3.6660049e+000
  1.7290530e+000
 -2.4548429e+000
 -2.4853963e-001
  7.4247506e-001
 -5.6115822e-001
  3.4077725e-001
  3.2577046e+000
 -3.8723246e-001
  1.0724229e+000
 -3.6413037e+000
 -7.5045471e-002
  1.3269707e+000
 -9.0410729e-001
 -6.3511827e-001
  6.5779155e+000
 -5.8960060e+000
  2.9061624e+000
  1.0774833e+000
 -3.2963755e+000
  3.9858017e-001
  4.3212744e+000
 -3.1963659e+000
 -7.0553052e-001
 -1.8497199e-001
  6.1836604e-001
 -2.1195907e+000
  1.1185529e+000
  1.3381977e+000
 -2.7475342e+000
 -5.0534145e-001
 -2.4152295e+000
  1.5227523e+000
 -2.0524717e+000
 -1.4959376e+000
  2.6866001e+000
 -1.7579535e+000
 -8.0420443e-001
  1.6188583e-001
  1.9797835e+000
  5.0266790e+000
 -5.6924710e+000
  4.6814333e+000
 -4.2626310e+000
  2.2924063e-001
 -2.3687986e-001
  1.5757771e+000
 -1.0288201e+000
 -3.7154228e-001
  4.4176769e+000
 -4.4381265e+000
  2.6938563e+000
 -2.4268465e+000
  3.7805005e+000
 -2.7164537e+000
  4.0114822e-002
 -8.0452292e-001
 -7.5340608e-001
  3.9669742e+000
 -4.8896730e+000
  3.9069407e-001
  1.3647419e+000
 -1.3073329e+000
  1.1116362e-001
 -9.4666285e-001
  2.6844510e+000
  7.9018233e-001
 -3.4151734e+000
  1.8140964e+000
  2.5401304e+000
 -3.9395971e-001
 -5.3168252e+000
 -7.7069262e-001
 -2.7749219e+000
  1.5175523e+000
  2.0893335e+000
 -9.7623501e-001
  1.0217745e+000
  1.1601885e-001
 -1.3818982e+000
  4.5936045e-001
  3.8683914e-001
 -9.8565343e-001
 -3.1798172e-001
 -2.7432173e+000
  9.1999800e-001
 -2.0284524e+000
  5.9669207e-001
 -4.8935733e-001
  4.9702569e-001
  1.7374041e+000
 -2.0668754e-001
 -1.7127945e+000
  8.5015045e+000
 -2.4193339e+000
 -1.6573196e+000
  8.2447213e-001
 -3.6827670e+000
  2.7842944e+000
 -1.9100924e+000
  1.9851768e+000
 -3.7536255e+000
  3.1546088e+000
 -2.4271330e+000
  6.8961626e-001
 -7.9275234e-001
 -9.8264081e-001
  2.4179690e+000
  3.2574994e-001
 -6.1592373e-001
 -1.2285027e+000
 -2.7053961e-001
  1.5776375e+000
  1.5274397e+000
 -2.0537973e+000
  4.1492281e-002
  5.0835191e+000
 -3.9553540e+000
 -2.4744940e-001
  1.1465219e+000
 -2.3753465e+000
  1.9174307e+000
 -1.6994669e+000
  5.1793617e-001
 -5.9157534e-001
  2.9376196e-001
 -7.2572490e-001
 -2.9810957e-001
  1.5692031e+000
 -1.1846060e+000
  1.0993750e+000
  6.9778165e-001
 -1.9953291e+000
  2.8141134e-002
  1.4562159e+000
  9.6397091e-001
 -1.5278550e+000
  9.9637367e-001
 -8.2565938e-001
  2.6540798e-001
 -7.1654195e-001
  2.7388459e+000
 -1.5010897e+000
  6.3979922e-001
  3.9583260e-001
 -6.3103065e-001
 -2.8281195e-001
  8.7523747e-001
 -1.1268600e+000
  2.6738809e+000
 -2.4837343e+000
 -2.0244754e+000
  4.2824625e+000
 -2.4668863e+000
  6.4271624e-001
  1.1309372e+000
 -1.8932001e+000
 -3.7569780e-001
 -8.1694993e-001
  2.6677675e+000
 -2.6094588e+000
  1.9030645e+000
  4.1775007e-001
  1.8423533e-002
  6.5927353e-002
 -2.8922902e+000
  2.3472566e+000
  1.2987725e+000
 -1.9428724e+000
 -2.1947823e+000
  2.2068424e+000
  5.6964054e+000
  1.3068617e+000
  1.0265077e+000
 -2.8322695e+000
  1.7475839e+000
 -1.3155876e+000
  2.3021062e+000
 -1.7583235e+000
  3.7890312e-002
  1.3338469e-001
  7.8645740e-002
  1.1472057e+000
 -1.6820912e+000
  2.0020822e+000
 -9.0137202e-001
 -2.7833643e-002
 -2.5460987e-001
  1.4687783e-001
  4.7872542e-001
 -6.7728485e-001
  3.6415035e+000
  2.1210062e+000
 -1.0986778e+000
 -2.6652124e+000
 -1.0480323e+000
  1.5199717e+000
 -1.4019790e+000
  4.6600339e-001
  1.2256776e+000
 -8.9768683e-003
 -1.3766977e+000
  2.1952348e+000
 -3.2852358e+000
  1.3560600e+000
  7.9328082e-002
 -6.1752163e-001
  1.8758311e+000
 -4.8069469e-001
  1.7791607e+000
 -1.9430770e+000
  2.3056000e+000
 -1.2271210e-001
 -2.8902120e+000
  3.7937465e+000
 -4.0256059e+000
  1.2094500e+000
 -1.0373932e-001
  1.2647003e+000
 -1.4837337e+000
 -1.0665784e+000
  3.9829590e+000
  3.7756532e-002
 -1.8007116e+000
  2.3876539e+000
 -1.0900923e+000
 -1.2139284e+000
  4.4593343e+000
 -8.5623353e-002
  4.4663341e+000
 -9.5264217e-001
 -5.4681710e-001
 -2.9538948e+000
  1.9974682e+000
 -2.9300940e-001
  2.4137246e+000
 -1.9093971e+000
  1.3496391e-001
 -3.3876753e-001
  3.8254146e-001
 -5.6386667e-001
  8.3267289e-002
  4.8924005e-001
 -4.2009832e-001
  1.7113868e-001
  1.8013270e+000
  1.0113047e+000
 -3.5994006e+000
  1.1941020e+000
 -6.2964543e-001
  4.7199010e-001
 -4.5037911e-001
  1.0240605e+000
  1.3333613e+000
 -3.0080755e+000
  6.2611193e-001
  3.5595608e-001
  4.0631485e-001
 -6.3511576e-002
 -1.7416226e-001
 -2.7421800e-001
  3.1340641e+000
 -1.2133409e+000
 -3.6449940e-001
 -2.5027534e-001
 -8.5562641e-001
  1.9490670e+000
 -2.8082790e+000
  4.2647569e+000
 -2.6192374e-001
 -8.2316088e-001
 -6.9969469e-001
 -4.7532130e-001
  1.0523453e+000
  3.0565768e-002
 -1.4473686e+000
  1.2383670e+000
 -6.0377344e-001
  7.5333291e-001
 -4.9380863e-001
  1.5188095e+000
 -2.3611358e+000
  1.2549771e+000
 -1.4953266e-001
 -1.0267440e+000
  1.5439407e+000
  5.9947719e-001
  5.0064446e-002
 -1.3710610e+000
  3.5535506e-001
  2.9746735e+000
 -2.5405232e+000
 -3.0112971e-001
  5.8871866e-001
 -2.3628290e+000
 -2.5574494e-001
  1.8198000e+000
 -7.9046447e-001
  6.2393965e-001
  1.4557722e+000
 -9.6694867e-001
 -7.6973668e-001
 -1.2310880e+000
  1.6754645e+000
  1.1593428e+000
 -1.3212597e-001
 -3.8870232e-001
  4.8610154e-001
 -2.1780022e+000
 -9.5899489e-001
  1.1460329e+000
  5.4749650e-001
  1.2545283e+000
  5.8887169e-001
  3.1627652e+000
  8.2643391e-001
 -1.6434733e+000
 -1.0870758e+000
 -1.1516485e+000
 -2.2756283e-001
  8.9671942e-001
  3.1694321e-001
 -1.9168669e+000
  9.3162972e-001
 -7.9436818e-001
 -1.1430864e-001
  2.3721539e-001
  1.8863107e+000
 -1.2861589e+000
 -2.2222470e-001
  5.8534215e-001
 -6.6865900e-001
  1.3554060e+000
  2.6625680e-001
 -2.0030056e+000
  9.6108523e+000
 -4.7084039e+000
  7.4386902e-001
 -3.8785504e+000
  1.3210030e+000
 -7.5276913e-001
  8.6894844e-001
  1.4952847e+000
  1.9268609e+000
 -6.1286831e-001
  3.3196722e-001
  1.4000583e+000
 -1.9057229e+000
 -1.7334612e+000
 -8.7597015e-001
  1.0569553e+000
 -1.0041511e+000
 -2.0928541e+000
  4.3222964e+000
 -2.2159960e+000
 -1.4214340e-001
  2.6315437e+000
  3.2105103e+000
 -6.0111235e+000
  4.5302788e+000
 -1.6997669e+000
 -1.7135999e+000
  6.5137349e-001
  5.6461808e-001
 -1.7190412e+000
  7.3510593e+000
 -5.3071455e+000
 -3.3650948e+000
  2.6587627e+000
 -2.6967505e+000
  5.5194975e+000
 -3.2719550e-001
 -1.1855327e+000
 -6.1040357e-001
 -4.2843713e-001
  1.0319500e-001
 -5.1202217e-001
  4.7543316e-001
 -4.3982751e-001
  6.6992065e-001
 -7.2201094e-001
  1.2221409e+000
 -9.0585924e-001
  1.5497417e+000
 -1.6135551e+000
  1.5353646e+000
