  9.4113719e+000
  2.0145489e+000
  3.1924409e+000
 -1.3433879e+001
  5.5388674e+000
  3.8973133e+000
 -8.8400451e+000
  1.0260469e+001
 -1.2568723e+000
 -2.2992766e+000
  1.9850441e+000
  3.6379154e-001
 -9.1205082e+000
  7.5906328e+000
 -4.8798146e+000
  6.0573156e+000
 -7.2611556e+000
 -1.0420753e+000
  1.2966799e-001
  2.8549862e+000
  5.3057892e+000
 -3.6748166e+000
 -1.4836066e+000
  1.5600046e-001
  8.2384121e-002
 -1.3548150e+000
  8.8759146e-001
 -2.9033468e+000
 -1.5611542e+000
  3.2893174e-001
  4.6165187e+000
  1.0324411e+000
 -4.0902412e+000
  4.6083990e+000
 -2.1397117e+000
 -1.0242180e+000
 -1.2248343e+000
  1.2949491e+000
  1.1989709e+000
 -2.0939575e+000
 -1.8502884e-001
  1.5045672e+000
 -3.2114779e+000
  2.8549546e+000
  1.0628830e+000
  1.6205714e+000
 -3.6910089e+000
  1.2119267e+000
 -4.8063770e-001
  1.8811603e+000
 -1.1164391e+000
 -1.9530025e-001
  5.4523407e+000
 -7.5618127e+000
  9.2417675e-001
 -3.1923201e-002
  9.1102768e-001
 -2.5957035e+000
 -2.9079087e+000
  5.5495382e+000
 -3.2383196e+000
  4.9574334e-001
  3.3888457e+000
 -2.8269632e+000
 -9.7455026e-001
  1.6229262e+000
 -2.4695886e+000
  2.7544635e+000
 -2.2869120e-002
 -9.5659210e-001
  5.0310224e-002
  7.5475490e-001
 -1.6883068e+000
 -5.2910753e-001
 -4.2117318e+000
  2.0329103e+000
 -2.1721109e+000
 -5.1575977e-001
 -2.0412228e+000
  1.2605072e+000
 -4.6065970e+000
  1.3050668e-001
  2.1972315e+000
  1.3660122e+000
 -2.6813946e+000
  2.2311668e+000
  6.3876215e-002
  1.5373899e+000
 -2.5994782e-001
 -1.1261752e+000
 -7.7405191e-001
 -9.7909352e-001
  6.7893678e+000
 -4.5511244e+000
  2.1733565e-001
  1.9931613e-001
 -2.6002846e+000
  1.4423161e-001
  5.8607258e+000
 -1.5113726e+000
  2.7532356e+000
 -1.7015957e+000
 -3.8257717e+000
  5.5171628e+000
 -7.3018410e-001
  4.5745484e+000
 -8.6534348e+000
  7.9092486e-001
  2.6625067e-002
 -8.7188654e-001
  1.4808382e+000
 -1.1023921e+000
  6.5419106e-001
 -3.8555182e+000
  3.1431729e+000
  1.4000326e+000
 -4.8385185e+000
  2.2181038e+000
 -3.2380039e-002
 -1.5674761e+000
 -7.6117129e+000
  1.6389531e+000
 -2.5469727e-001
  3.5575689e-001
 -2.9799780e+000
 -1.1703683e-001
  3.4363118e+000
 -1.1492166e-001
 -1.2620698e+000
 -5.2834536e-001
  5.7088236e-001
  3.9519027e-001
 -7.1231672e-001
  3.1147301e-001
  6.8012503e-001
 -1.0660248e+000
 -3.7352430e-001
  1.4962940e+000
 -2.2881532e+000
 -1.0638425e+000
  2.2713079e+000
 -2.6697483e-001
  1.0084212e-001
 -7.5291714e+000
 -2.9157963e+000
 -1.8810554e-001
  2.5903600e+000
 -1.5948742e+000
 -8.3716676e-001
  4.1218809e+000
 -3.6528293e+000
  1.6037097e+000
 -2.7218136e-001
 -1.8146831e+000
  1.9143226e+000
 -6.1227740e-001
  1.0155848e+000
 -5.2374347e-001
 -1.1250754e-001
  3.2406127e+000
 -4.0312744e+000
  3.2778052e+000
  6.4195095e-001
 -1.6492098e+000
  7.5856517e-001
 -3.4357647e+000
  3.1287583e+000
 -7.1613785e-001
 -1.2896634e+000
 -8.8317633e-001
  6.4615447e-001
  1.1127281e+000
  2.4134406e+000
 -2.8441679e+000
 -1.7282283e+000
  1.9640601e+000
  8.3993153e-001
 -2.5608639e-001
 -1.2603787e-001
 -3.5114858e+000
  1.6265636e-001
  1.8339440e+000
 -4.2546774e-001
  2.5782758e-001
  2.8433761e+000
 -1.6000491e+000
 -1.7054234e-001
  2.2837363e+000
 -2.9505397e+000
  3.1915599e+000
 -1.7642014e+000
  2.4843184e-002
  2.4373636e+000
 -4.0007163e+000
  3.3044920e-001
  2.9022719e+000
 -8.3868246e-001
  1.5522830e+000
 -2.7121205e+000
 -1.9481364e+000
  3.8301853e+000
 -5.3950930e+000
  3.6977057e+000
 -1.3555055e+000
  4.6852446e-001
 -2.2129058e+000
  1.1462766e-001
 -1.4125431e+000
  1.3522397e+000
  2.4681022e-002
 -5.7803375e-001
  4.9639959e+000
 -5.7673016e+000
  7.9913791e-001
  6.2382115e-001
 -8.8216351e-001
 -1.3608980e+000
  1.8028213e+000
 -1.2254834e-001
 -3.0521874e-001
  3.2963171e+000
 -3.6702779e+000
  1.2767212e+000
  8.2405667e-001
 -1.8833066e+000
 -5.1038706e-001
  6.1960457e-001
  3.0625728e-001
 -3.1933794e-001
 -1.2240436e+000
 -2.8846468e-001
  1.9428104e+000
 -1.6167951e+000
 -2.3606927e-001
  1.5871281e+000
 -7.3817450e-001
 -2.1751896e+000
 -4.1570274e+000
 -3.8971582e-001
 -2.4751421e+000
 -1.3404053e-002
  4.0081822e+000
 -1.2321468e+000
 -3.5474105e+000
  1.3205518e+000
 -1.4333479e+000
  2.9612391e-003
  2.1218079e+000
 -1.5090744e+000
 -9.2819564e-001
 -7.0056349e-002
  5.8299085e-001
 -4.8151684e-001
 -4.3606514e-002
 -3.0552417e-001
  1.8880646e+000
  1.4953344e-001
 -3.4277635e-001
 -5.4788044e-002
  1.8181493e+000
 -3.1451838e+000
  4.4194343e+000
 -3.7423773e+000
 -7.5379470e-001
  7.7737259e-001
  1.0424190e+000
 -4.8459905e-001
 -1.0869326e+000
  1.1384059e+000
  1.2078825e-002
  2.5517875e-001
 -6.8276202e-001
 -2.3932747e+000
  2.9986648e+000
 -1.9567286e+000
  4.8377599e-001
  5.5726189e-001
 -2.5154954e-001
 -1.0325040e-001
  4.3323260e-001
 -1.8132128e+000
  3.9796172e+000
 -2.3654219e+000
  1.2389722e+000
  5.8770619e-001
 -6.4105943e-001
 -1.6049722e+000
  1.5450204e+000
 -7.8932504e-001
  1.6037690e-001
  3.5719526e-002
 -1.9038674e+000
  1.5684290e+000
  4.1381967e+000
 -2.3886373e+000
  7.6709276e-001
  4.0671181e-001
 -6.5541173e-001
 -2.5367374e+000
  9.9294119e-001
  1.3428993e+000
  3.4804626e-001
 -9.3561289e-002
 -4.9612095e-001
  2.2133671e-001
 -1.5158072e+000
  2.0267509e+000
 -6.2708622e-001
  2.2766715e-001
  1.1655942e-001
 -1.1340713e+000
  4.9963173e+000
 -1.1269892e+000
  6.7747297e-001
  5.5699474e+000
 -6.3411293e+000
  3.3049823e-001
 -2.8537995e+000
  5.9362364e-001
 -5.1940465e-001
  2.4684825e-002
  2.7192943e+000
  1.0177549e+000
 -1.3955073e+000
 -3.2129502e-001
 -1.6768594e+000
  2.4053909e+000
 -5.3738939e-001
 -9.1095005e-001
  1.6909889e+000
 -2.1364777e+000
  4.4548811e-001
  8.4109067e-001
 -1.8924383e+000
  2.6581044e+000
 -1.5919386e+000
  4.3134314e-001
 -3.2081011e-001
 -1.2284318e+000
  9.9951946e-001
  9.0637603e-001
 -5.5147632e-001
  7.0712662e-001
 -1.6273741e+000
  2.8216439e+000
 -2.6781532e+000
  2.8425480e-001
  2.5073287e+000
 -1.6873290e+000
 -1.2703949e+000
  9.1965428e-001
  2.5284425e+000
 -2.9652472e+000
 -1.1026181e+000
 -2.2202657e-001
  3.3586793e+000
 -9.2578729e-001
 -4.1527613e-002
 -2.2196307e-001
  2.3837871e+000
 -3.5446643e+000
 -5.3356450e-001
  3.1046325e-001
  1.4670165e+000
  1.2443566e+000
  6.7542909e-001
 -5.9054363e-001
  1.8237106e+000
 -2.7805050e+000
 -3.6067557e-002
 -6.4012796e-001
  3.8039152e-001
  8.4650158e-001
 -1.4548801e+000
  1.2131776e+000
  2.1790374e-002
 -5.5833832e-001
  2.1058466e+000
 -3.3697612e+000
  1.3400912e+000
  1.3999068e+000
  1.3643987e+000
 -1.7643967e+000
 -1.8459776e+000
  1.5519331e+000
  8.5720649e-002
 -2.6631916e+000
  4.1608998e+000
 -1.9804459e+000
  5.7755522e-001
 -1.5626983e+000
  2.2942298e+000
 -2.7543285e+000
  1.9095649e+000
 -1.2774272e+000
 -5.3766674e-001
 -1.7914392e-001
 -4.5753410e-001
  3.6389611e-001
  6.7602588e-001
  4.2918717e-001
  1.0375366e+000
 -8.9285122e-002
  2.7042473e+000
 -4.0114423e+000
  2.6630309e+000
 -1.6175764e+000
  4.8140160e+000
  2.5333227e+000
 -1.5631425e+000
 -2.9664994e+000
 -4.5671334e-001
 -9.3179897e-001
  1.0989790e+000
 -1.6428675e+000
  4.4846865e+000
  4.1511195e+000
 -7.3800921e+000
  1.0754612e+000
  1.8477071e+000
 -1.5035819e+000
  2.0681848e+000
  1.5583617e-001
 -3.0806792e+000
  6.4999652e+000
 -5.2471683e+000
  3.3759995e+000
 -2.5872270e+000
 -5.6659925e-001
  8.2713970e-002
  1.5851979e+000
 -1.4465222e+000
  1.1239146e+000
 -1.1588484e+000
  3.0858258e-001
  1.3512736e+000
 -2.0463684e+000
  2.0524280e+000
 -1.1560497e+000
 -1.1837449e+000
  1.6439088e+000
 -2.4069859e+000
  1.0277040e+000
  1.1380415e+000
 -5.1577367e-002
  1.8153151e+000
 -4.3623061e-001
 -2.4684211e+000
  1.4656830e+000
  1.5076675e+000
 -1.2378945e+000
  9.4564932e-001
  3.2253706e+000
  3.4233768e+000
 -2.9990931e+000
  1.1231720e+000
 -1.0615944e+000
  4.2916974e-001
  1.8436704e+000
  1.4663341e-001
 -1.8240823e+000
 -2.8861317e-001
  5.2086062e-001
  6.7750985e-001
 -3.3444037e-002
  4.8250537e-001
 -1.4728018e+000
  3.5923430e+000
 -2.0326121e+000
 -6.6429079e-001
  1.3565156e+000
  3.1027344e-001
 -3.1085788e+000
  1.4510684e+000
 -6.6624908e-001
  5.4826503e-002
  1.6278673e+000
 -1.0519605e+000
 -1.1692130e-001
  1.1377912e+000
 -1.7630229e+000
  4.8242519e-001
 -1.3598338e+000
 -1.5332293e-001
  2.0333753e+000
 -1.5553036e+000
  1.9982892e+000
 -1.7790695e+000
  1.3073557e+000
  2.5559171e-002
 -4.8454374e-001
  2.4380458e-001
  1.3960894e+000
 -8.9666139e-001
  7.4655359e-001
 -1.0954638e+000
 -1.0537138e+000
  3.3008124e+000
 -2.6106767e+000
  3.2301797e-001
 -4.4908975e-001
  2.5072776e+000
 -1.2654472e+000
 -2.6670321e+000
 -9.3267753e-001
  3.8331468e+000
 -1.0150734e+000
 -1.8498472e+000
  1.6712028e+000
 -3.9450464e-001
 -6.1825130e-001
  7.6518538e-002
  6.7432462e-001
 -4.1885156e-001
 -7.3269352e-001
 -8.1998673e-001
  3.2459842e-001
  2.5237458e+000
 -2.1049828e-001
 -1.8433513e+000
  1.6578094e+000
  3.0506105e+000
 -3.9901872e+000
  5.9063031e+000
  1.8844374e+000
 -1.7926351e+000
 -8.3743286e-001
 -1.9897465e-001
  3.2353196e+000
  2.4255960e-001
 -1.4818642e+000
  4.9673581e-002
  7.4448268e-001
 -6.3696144e-001
  5.2318827e-002
 -3.7020905e-001
 -5.0987438e-001
  1.2975778e+000
 -3.6164790e-002
 -9.1534619e-001
 -3.5629278e-001
 -1.4815215e-001
  1.8113960e+000
 -7.3094364e-001
 -4.6593922e-001
 -2.6110614e-001
  2.0245627e+000
 -1.2003160e+000
 -1.4828197e-001
 -8.3422320e-002
  6.9570090e-001
 -1.1392803e+000
  1.3239012e+000
 -1.6141743e+000
 -7.2195690e-002
  2.3715061e-001
  8.7329442e-002
  3.3395530e+000
 -1.0875410e+000
  6.1966437e-002
  1.7083256e+000
  9.5789695e-001
 -2.5555893e-001
 -1.1955039e+000
 -5.0112854e-001
  2.4966988e-001
 -2.5830638e+000
  3.6624252e+000
 -2.9210310e-001
 -7.8644260e-001
 -6.4819006e-001
 -9.4256284e-001
  3.2205279e+000
 -2.6843126e+000
  1.5849835e+000
  2.4031640e-001
 -1.2529919e+000
 -9.5877646e-001
  7.4948368e-001
  2.3100848e-001
  3.2700192e-001
 -1.0190197e+000
  3.4597177e+000
 -4.6684992e+000
  2.6696287e+000
 -9.7469125e-001
  1.2161527e+000
 -8.0655745e-002
 -1.8079247e+000
  1.5055891e+000
 -4.8985821e-002
  2.5825832e+000
 -3.5317506e+000
  1.4763796e+000
  6.1696830e-002
  3.9564314e-001
 -5.3626719e-002
 -1.0700228e-001
 -1.2693340e+000
  1.2097837e+001
 -5.6958366e+000
 -2.4066917e+000
 -3.0653090e+000
  2.6432904e+000
 -9.8259828e-001
 -3.9811179e-001
  2.6701863e+000
 -1.5596628e+000
 -1.2490337e+000
  3.2991728e-001
  1.3841019e+000
 -2.1641869e+000
  4.1971418e+000
 -8.2895417e-001
  1.1413839e-001
 -2.1726455e-001
 -4.0565600e+000
  1.8976140e+000
  2.0088880e+000
 -1.3180824e+000
 -1.6203731e+000
  1.8670591e-001
  8.6376289e-002
  2.6530202e-001
  2.0682496e+000
 -1.5354674e+000
  8.1796873e-001
 -9.5737005e-001
  4.9334151e-001
 -1.4781302e+000
  1.3280750e+000
 -1.9098957e+000
  1.6936159e+000
 -1.3658245e+000
  2.4107606e+000
 -1.4105750e+000
  5.9877690e+000
 -3.3854108e+000
 -1.0455857e+000
 -3.2100559e-001
 -5.4126872e-002
  1.4581990e+000
 -9.6326724e-001
 -1.1535357e+000
  2.8920550e+000
 -1.7186094e+000
  1.0419254e+000
 -8.1249030e-001
  4.8206752e-001
 -5.0551963e-001
  1.7419900e-001
 -4.5175255e-001
  6.0546170e-001
 -8.5762123e-001
  4.4953465e-001
  2.4759441e+000
 -1.8686851e+000
  8.8206925e-001
 -4.5906363e-001
  5.1373461e+000
 -3.8725807e+000
  4.6696838e+000
 -5.4466936e+000
 -1.2294536e+000
 -8.5886197e-001
  2.3369331e+000
 -9.8644219e-002
  4.1360806e-002
  2.3511385e-001
 -2.2301383e+000
  1.1107072e+000
 -1.1606698e-001
 -3.7841972e-001
  7.4179510e-001
  2.7615906e+000
 -1.9342098e+000
 -6.4612271e-001
 -5.9217630e-001
 -2.8187731e-001
  5.3006666e-001
  1.1242387e-001
  1.4014669e+000
  5.6631285e-001
 -2.1089646e+000
  1.1789570e+000
 -3.3217946e-001
  6.6074277e-001
  2.6260261e-002
  3.1159392e+000
 -3.4219623e+000
  2.1961598e+000
 -1.5131104e+000
 -3.4841267e-002
 -1.3740339e+000
  1.2285447e+000
  1.0408716e+000
 -1.3174469e+000
  6.1200595e-001
  2.0852624e+000
 -2.5759315e+000
  1.4114154e+000
 -1.9593881e+000
 -8.1873578e-002
  1.3716206e+000
  6.3728337e-001
 -3.8586932e+000
  7.0768694e+000
 -4.5721135e+000
 -9.5891488e-001
  3.2676366e+000
 -1.2488388e+000
 -1.6872586e+000
 -1.3004229e+000
  5.4337536e-001
  1.8989840e+000
 -4.2522906e+000
  1.9085818e-001
  1.8323294e+000
 -9.9051262e-001
  2.5644845e+000
 -1.9997449e+000
 -6.3979309e-001
  2.4940228e+000
  1.7722756e-001
 -1.3157628e+000
 -1.7693861e+000
  1.0540338e-001
  1.0573493e+000
  1.0718042e+000
  4.9987297e-001
 -1.5770277e+000
 -1.4562266e+000
  9.9303441e-001
  9.1965774e-001
 -8.3140753e-003
 -2.5872439e-001
 -8.1582017e-001
  1.2846658e+000
  8.7472114e-001
  3.8058181e-001
 -1.5969127e-001
 -1.4695305e+000
  4.2012992e+000
 -5.8256318e+000
 -3.9194958e-001
  1.8445124e+000
 -1.6370330e+000
  2.5050187e-001
  6.6553533e-002
  2.8216959e+000
 -2.0615440e+000
  1.7538269e+000
 -3.1200036e-001
 -1.7294798e+000
  2.4059835e+000
 -1.3027571e+000
  8.0012216e-001
 -2.6769132e-001
  7.3673585e-001
 -2.3974797e+000
 -1.2157686e-001
 -1.4527488e+000
  9.3066775e-001
  1.6909877e+000
 -6.0292068e-001
 -1.8759881e+000
  4.3631223e+000
 -3.5489364e+000
  4.5146147e+000
 -5.0712044e+000
  3.5648120e+000
 -4.8692824e+000
 -7.4799735e-001
 -1.4294740e+000
  2.2148306e+000
 -1.4229797e+000
  3.6565630e+000
 -1.7981781e+000
  9.5827430e-001
 -1.2244354e+000
  7.5188548e-001
  1.7647730e+001
 -1.5407864e+001
 -1.2944032e+000
  9.1918189e-001
  3.3687574e+000
 -2.2813012e+000
  1.2438142e+000
  1.5627742e+000
 -1.9327123e+000
 -4.4905723e-002
 -2.5066701e+000
  7.5220403e+000
 -6.0696114e+000
 -7.0067564e-001
  1.1414950e+000
 -9.4357822e-001
  1.1141039e+000
  6.4886486e-001
 -1.2089472e+000
 -1.0721316e-001
  1.2291219e+000
  7.6699944e-001
 -1.2184093e+000
 -5.0179633e-001
  9.1057535e-001
 -4.9248955e-002
 -4.6993881e-002
 -5.0382457e-001
 -3.8514192e-001
 -1.3161694e-001
  6.0557446e-001
  2.2016714e-001
  8.8174888e-001
 -3.0400208e+000
  7.1822749e-001
  2.6088347e+000
 -2.0213170e+000
 -7.1971891e-001
  1.5624316e+000
 -1.0348438e+000
  3.0929564e+000
 -1.1949554e+000
 -2.6922022e+000
  2.5956823e+000
 -4.4438544e-001
 -7.1946500e-001
 -1.2824313e+000
  1.4467364e+000
  9.4904659e-002
 -2.9408705e+000
  9.4795416e-001
  2.5431289e+000
  5.4794738e-002
 -1.5694309e-001
  8.7418941e-001
 -3.5702156e+000
  2.4508278e+000
  6.7591774e-001
 -2.4622209e+000
 -1.0245650e+000
  1.2050998e+000
  9.4399172e-001
 -3.3804235e+000
  8.8102112e-001
 -5.3028558e-001
 -4.1891796e-001
  2.1951758e+000
  4.1206834e-002
 -4.1071446e-001
 -2.8594708e+000
  3.9936958e-001
  5.2729331e+000
 -6.8541726e+000
 -2.3841490e+000
  3.9227783e+000
 -1.0836850e+000
  1.1130368e+000
 -2.0855569e-001
 -1.7396767e+000
 -8.6886896e-001
 -1.3305647e+000
  7.6253085e-001
  8.4521067e-001
 -1.2658101e+000
  5.6098510e-001
  1.4516225e+000
  1.1101965e-001
 -1.3787028e-001
 -1.8184049e+000
  6.3452194e-001
 -1.6078650e-001
  2.8681286e+000
 -2.5381289e+000
  6.7387786e-001
  5.2099592e-001
 -5.3477772e-001
  2.3369016e-001
 -1.9462011e+000
  1.0439351e+000
  3.2363941e-001
 -1.5262653e+000
  2.2603616e+000
 -8.2401657e-001
 -3.3383272e-001
 -2.6048102e-001
  1.0463731e-001
  8.6474713e-001
 -7.3704872e-001
 -7.3600972e-001
  6.1522591e-001
  4.6970321e+000
  6.1553047e+000
 -1.1934153e+000
 -3.3993987e-001
  3.3844035e+000
  6.1849675e-001
 -4.7520047e+000
  5.4118698e-001
 -1.3017850e+000
  2.1107428e-001
  1.2545287e+000
  1.2633824e+001
 -1.2152678e+001
  3.5131617e+000
 -1.5709842e+000
 -1.5356407e-001
 -5.9545492e-001
 -2.7312775e-001
  2.2535339e+000
  3.3087993e+000
 -1.7207538e+000
 -3.1618680e+000
  5.1101429e+000
 -3.2306062e+000
 -5.5300630e-001
 -2.6210096e-001
  5.1737176e-001
 -2.0052244e+000
 -3.2810181e-001
  3.5714310e+000
 -1.0795619e+000
 -2.5774197e-001
  1.6160999e+000
 -7.3930099e-001
  1.6883061e+000
  1.4189629e+000
 -3.7966929e+000
  6.2467161e-001
  1.3590042e+000
 -8.6502188e-001
  1.4249593e+000
 -1.3304058e+000
 -2.7036054e+000
  2.0004741e+000
  2.4715550e+000
  1.8202178e-001
 -5.1650034e+000
  2.6321814e+000
  6.3462234e-001
  5.7030937e+000
 -6.3293090e+000
  1.8349419e-001
  3.2446927e+000
 -2.2777497e+000
 -4.1663119e+000
 -5.2933146e-002
  3.5603452e-001
  9.7544275e-001
  3.0193913e+000
 -1.7379056e+000
 -3.5064041e-001
  2.2682393e-001
 -1.0121197e+000
  9.5381854e-001
 -5.9629022e-001
 -8.2797535e-001
  1.4408209e+000
 -3.2883453e+000
  1.7171249e+000
  2.1489645e+000
  2.2058475e-001
  5.1445971e+000
 -4.8954943e+000
  8.2450565e-001
 -5.3902852e-001
 -2.7028784e+000
  3.1310704e+000
 -2.3704394e-001
 -4.9310055e-001
  1.4880291e+001
  4.2980478e+000
 -3.4327863e+000
  3.0705187e-003
 -1.4691264e-001
  3.1164542e+000
 -3.4615942e+000
 -5.4413039e-001
  1.4725060e+000
  1.9033048e+000
  1.0313538e+000
  3.7854838e+000
 -6.1434749e+000
  1.9828725e+000
  4.9460925e-001
 -3.0402866e+000
  3.6498426e+000
 -2.3566338e-001
 -8.7810911e-001
  5.8690206e-002
 -8.3097453e-001
 -1.0400911e+000
  7.0507691e-001
  1.8251022e+000
 -2.5753977e+000
  1.2084043e+000
 -1.4131514e+000
 -6.9792767e-001
  1.3885410e+000
 -1.5115664e-001
  3.1062405e-001
 -8.3819935e-001
  1.2122204e+000
 -1.2929784e+000
  1.8435942e+000
  5.0108687e+000
 -3.4084520e+000
  1.2237774e+000
 -6.8379618e-001
  4.3200791e-001
 -3.3828854e-001
  4.3499983e-001
 -1.6064952e+000
  1.1182938e+000
  1.8298761e+000
 -3.1333644e+000
 -2.5176330e-001
  6.3361299e+000
 -1.7790687e+000
 -2.6246027e-001
 -8.1170030e-002
  5.3639014e-001
  5.3261400e+000
 -4.3525175e+000
 -1.0627997e+000
 -1.9692881e+000
  4.6888896e+000
 -9.2982436e-002
 -8.2115279e-001
 -4.8127518e-002
  8.4793831e-001
 -1.2318020e+000
 -4.9846871e-001
  6.9042992e+000
 -6.9027047e+000
 -8.5437066e-001
  1.8412073e+000
  1.1093779e+000
 -4.4107214e+000
  1.0278037e+001
 -8.2170534e+000
 -9.4610662e-001
  3.0100897e-001
  1.8221759e-001
 -6.6040954e-001
 -1.8956359e+000
 -1.2167158e-001
  1.7884807e+001
 -1.3984807e+001
  1.8044642e+000
 -7.3849042e-001
 -2.9894044e-001
 -7.4476357e-001
  1.7713583e+000
 -3.4963098e+000
  1.5806574e+000
 -2.9991945e+000
 -2.2342073e-002
  3.5242471e+000
  2.7419233e-001
  1.9224109e+000
  1.3938390e+000
 -5.8018087e+000
  3.5123017e+000
  1.7910932e+000
 -1.3954686e+000
 -1.7337257e+000
  4.4158414e+000
 -2.3152323e+000
  2.5899350e+000
 -6.8401643e+000
  1.5033961e+000
  9.4754597e-001
 -1.8937159e+000
  1.6485360e-001
 -1.7508392e+000
 -5.7384317e+000
  1.0433125e+001
 -5.3443036e+000
 -7.2425882e-001
  3.8414416e+000
 -5.2461053e+000
  2.5173726e+000
 -1.9675994e+000
