  9.6005425e+000
 -5.2418453e+000
 -7.3803890e-001
 -2.3586582e+000
  2.9393209e-001
  5.1360974e+000
 -4.1214960e+000
 -5.7859211e-001
  3.1450174e+000
  5.9418775e-001
 -3.1191895e+000
 -1.2073198e-001
  3.6676284e+000
 -6.1348839e-001
  1.0215453e-001
 -1.5117811e+000
 -8.7852862e-001
  5.4296914e-001
 -6.3739353e-001
  2.0215376e+000
 -1.2238789e+000
 -1.2331698e+000
  1.5395069e+000
 -2.8251445e-001
 -1.1292490e+000
  1.3676234e+000
  1.0806596e+000
 -8.3833094e-001
  2.7265389e+000
 -2.4991641e+000
 -2.4940028e+000
 -9.3005772e-001
  3.2009298e+000
  6.9013607e-001
 -8.6151024e-001
  1.2789676e+000
 -1.9560887e+000
  1.1359201e-002
  8.6296065e-001
 -4.9699302e-001
 -4.9401526e-001
  2.2923374e+000
 -2.6682261e+000
 -6.3166682e-001
  7.9073091e-001
  2.1536162e+000
 -5.2586540e-001
 -2.8447357e+000
  2.1979724e+000
  1.5852532e+000
 -2.5013617e+000
  1.9296406e-001
  1.3846369e-001
 -2.8935702e-001
 -2.4808773e-001
 -8.1797690e-001
  2.5437329e+000
  4.6665744e-002
  1.7048538e+000
 -3.1693347e+000
  2.2897937e+000
  7.1946743e-001
  1.3954833e+000
 -2.0765125e+000
 -2.1052196e+000
 -2.1270526e+000
 -3.1011926e-001
 -2.6479754e-001
  2.9333370e+000
 -2.2943922e+000
  3.2653654e-001
 -1.9644686e-001
 -6.0891118e-001
  1.1232813e-001
 -5.7280581e-001
 -2.5766156e-001
 -2.3276655e-001
  2.3612721e+000
 -2.8815410e-001
 -3.8887236e-001
 -5.4572810e-001
  1.8172201e+000
 -2.9353116e+000
  3.7789908e+000
  2.8799208e-001
 -3.6848763e-001
  1.4056035e+000
 -2.0584376e+000
 -7.8238293e-002
  6.7106230e+000
 -4.5060903e+000
 -7.0977819e-001
 -2.4413341e+000
  4.3945862e-001
 -2.1951176e+000
  2.6243496e+000
 -1.4591288e+000
 -2.0609591e-001
  3.7162252e-001
 -9.8807568e-001
 -6.7572839e-001
  1.4371098e+000
  6.8383366e-001
 -5.3595376e-001
  1.7487507e+000
 -2.8052969e+000
 -7.0466484e-001
  1.0313576e+000
 -3.4758921e-001
  9.6457895e-001
 -9.5493744e-001
 -1.9086389e+000
  4.4432082e+000
 -1.4854265e+000
 -6.8637849e-001
 -3.5920857e+000
  6.7356632e+000
  8.6518943e-001
 -6.3569992e+000
 -1.3469990e-001
 -8.1962316e-001
 -4.2326546e-002
 -1.0126128e+000
 -5.7988793e-001
  6.9789145e-001
  8.7778524e-001
 -1.7960945e+000
 -3.2362143e-001
  1.3526248e+000
 -6.8740930e-001
 -6.6146909e-001
  2.5074423e+000
 -2.5994918e+000
  1.3977012e+000
  2.1846133e+000
  1.2253222e-001
 -2.1326771e+000
 -7.2390313e-001
  1.4450121e+000
  5.0143396e-001
  1.6347833e+000
  5.0459093e-001
  6.4554793e-001
 -3.8505734e-001
 -1.4545568e+000
 -4.6148661e-001
  1.4507554e+000
 -1.9211447e+000
 -7.8019979e-001
  3.7905169e+000
 -2.4473146e+000
 -3.9542033e-001
  3.3350972e+000
 -3.2093443e+000
 -5.9815429e-001
  1.0792176e+000
  3.2359716e+000
 -2.7027045e+000
  1.6393949e-001
  9.3642666e-001
  4.5861929e+000
 -7.4254491e+000
  3.0640389e+000
 -4.4407996e+000
  2.6059156e+000
  2.1481139e+000
  1.6454741e-001
  1.0119802e+000
 -2.7736283e+000
  6.5738580e-001
 -1.3817194e-001
 -2.5094949e-001
 -1.4975363e+000
  2.2661947e+000
  8.9934564e-001
 -2.9332673e+000
 -6.3088643e-002
 -2.8636863e+000
  2.3039061e+000
  4.2338173e+000
 -4.4382067e+000
  1.4263512e+000
 -1.4560572e+000
  6.0764976e-001
 -4.6061673e-001
 -7.4892183e-001
  1.1153438e+000
  5.5674643e-002
  3.7043636e+000
 -3.2997589e+000
 -4.5487623e+000
  5.5508195e+000
 -3.0344013e+000
  1.3881057e+000
  3.0617503e-001
  1.8693061e+000
 -3.5094709e+000
 -2.9106590e-001
 -5.1243070e-001
  2.6529826e-001
  9.1506598e-002
  5.7936911e-001
  2.4902360e-001
 -9.7984586e-001
  1.1037054e+000
 -7.0262762e-001
  1.3862355e+000
  5.2219950e-002
  2.9195976e+000
 -3.6692790e+000
  2.1447734e+000
  1.3424798e+000
 -3.2330449e+000
 -2.4928303e-001
  1.1188857e+000
 -8.5199569e-001
  1.5922224e+000
 -2.2510702e+000
  1.8135978e-001
  8.3565688e+000
 -5.8834688e+000
  3.2646858e-001
 -1.2769816e+000
 -7.0428491e-001
 -9.3167137e-001
  3.7590048e+000
 -2.9281004e+000
  1.8042709e+000
 -2.3316130e+000
  3.7808289e+000
 -2.2430966e+000
  2.0942202e-001
 -5.8615558e-003
 -2.3959669e+000
 -1.3353719e+000
  9.3942977e-001
 -6.0327187e-002
  3.5678699e+000
 -4.4916893e-001
 -1.1863363e+000
  1.6283901e-001
  2.9570127e-001
  1.2643963e-001
  1.8926843e+000
 -4.1074804e+000
  3.7373394e+000
 -2.4949047e+000
 -1.9191099e+000
  3.2868249e-001
  4.9216722e-001
  5.4640194e-001
  1.7288378e+000
  2.7125321e-001
 -3.7165497e+000
  2.2060431e+000
 -1.4195977e+000
  3.3047877e+000
  2.3439277e+000
 -4.3467025e+000
 -1.8266941e+000
  3.7378412e+000
 -1.1713869e+000
 -2.4069352e+000
 -1.4689602e-001
  4.1370132e-001
 -2.8573369e+000
  1.9809330e+000
  1.6380032e+000
 -1.7863457e+000
  2.5488912e+000
 -4.1952082e+000
  8.2222497e-001
 -2.0324233e+000
  2.5061929e+000
 -3.2586393e+000
  7.2086083e+000
 -2.5616498e+000
 -3.7495330e+000
  6.0644932e+000
 -5.5646202e+000
  5.0053210e+000
 -3.2056951e+000
 -1.6656242e+000
  1.1531466e+001
 -7.1985246e+000
 -3.9992640e+000
  5.6512121e-002
 -6.2255335e-002
  8.5633919e+000
 -4.4199900e+000
 -6.7698932e-001
 -2.5077682e+000
  5.7050697e+000
 -2.2700946e+000
  3.3467746e+000
 -9.3190334e+000
  4.3845549e+000
 -9.8418869e-001
  1.3959956e+000
 -9.2156599e-001
 -8.4406357e-001
 -1.2538224e+000
  4.4050865e-001
  1.3910466e+000
  2.8927117e+000
 -6.8001173e-001
 -7.5199162e-001
 -1.5383282e+000
  2.3211933e+000
 -9.9411063e-001
  2.7127042e+000
 -2.9789592e+000
  2.6814615e+000
  1.8473427e+000
 -3.7829493e+000
 -2.4572728e+000
  1.8605767e+000
  4.4556908e-001
 -2.4456582e+000
 -2.3538362e+000
 -2.5222038e-001
  1.4706035e+000
 -1.1332731e-002
  5.0794931e-001
 -2.0118902e+000
  5.3360596e+000
 -2.9150619e+000
  5.6173793e-001
 -1.5712302e+000
 -9.7450499e-001
  2.5307721e+000
 -2.3461652e+000
 -1.8004247e+000
  8.0992117e-001
  5.3393933e+000
 -3.9026164e+000
 -1.1946759e+000
 -1.2576337e+000
  3.2580253e+000
 -1.1089207e+000
 -3.7022766e+000
  1.0715493e+000
  1.1281307e+000
 -2.3205267e-001
  1.2730585e+000
 -2.3137843e+000
  2.2820041e+000
  4.3729504e-001
 -4.0291932e+000
 -2.0049251e+000
  8.5002215e+000
 -8.6726668e+000
 -2.2986553e+000
  3.0294415e+000
 -1.2040916e+000
 -9.4116328e-001
 -1.5220831e+000
  9.4714111e-001
 -2.8537277e-001
 -1.4876796e+000
  3.6640954e+000
 -1.8888909e+000
 -1.9530904e+000
  3.5605014e-001
  5.0339440e+000
 -4.9856094e+000
  1.5841056e+000
 -1.5279096e+000
 -7.4402898e-001
  2.4353271e-001
  4.4025659e-001
 -1.1245188e-001
  1.0729215e+000
 -1.3167697e+000
 -2.3251537e-001
  3.7092716e+000
 -3.8807745e-001
 -1.4181262e+000
 -1.0850412e+000
 -1.5733019e+000
  3.7333346e+000
 -8.7533687e-001
 -1.9437205e-001
  5.0637363e+000
 -1.8032644e+000
 -3.5408555e+000
 -1.1138041e+000
  2.8029524e+000
 -5.1968867e-001
  4.1195148e-001
 -6.1790897e-001
  7.8465291e-001
 -6.5672494e-001
  8.5552657e-001
 -2.7049428e+000
  4.5964006e+000
 -4.8583730e+000
 -7.4253726e-001
  7.9287557e+000
 -7.7301184e+000
 -1.2116996e-001
  1.0129866e+000
  3.5178622e+000
 -2.5212667e+000
 -2.6237363e+000
  2.4873897e+000
  1.5802744e+000
 -2.2866658e+000
  3.5193957e-001
 -2.1726141e+000
  1.1002674e+000
  8.2352914e-001
  1.3012660e+000
 -2.1638799e+000
 -2.2389375e-001
  1.4532963e+000
  9.1763597e-001
  9.5780051e+000
 -5.5962394e+000
 -1.7399782e+000
  3.3180655e-001
  1.8463267e-002
  1.3211870e-002
 -9.4968955e-001
 -1.2080238e-002
  4.9249869e+000
 -6.7328289e+000
  2.9639335e+000
 -7.7473197e-002
  2.7644842e+000
 -2.2661838e+000
  1.8014620e+000
 -1.8462994e+000
  1.2423515e+000
 -1.6084913e+000
  9.6475272e-001
  1.3271527e+000
  1.2620959e+000
 -3.3756138e+000
  1.9302820e-001
 -9.6422895e-002
  1.3016331e+000
 -1.8927154e+000
 -1.8201500e-001
  4.9954509e-001
  1.8716958e+000
 -1.4073854e+000
  5.0115128e-001
 -2.8268445e+000
  2.4775826e+000
  2.7060933e-001
 -5.1677506e-001
  3.0618896e-002
 -5.1534274e+000
  2.2424468e+000
 -1.9879124e-001
  1.0489838e+000
 -8.7297546e-001
  1.3568130e-001
  1.9912937e+000
  1.8395438e+000
 -2.9202222e+000
  2.9787855e+000
 -3.1138696e+000
 -3.5995299e-001
  2.4835843e+000
 -4.7760781e-001
 -3.3469077e+000
  1.7378810e+000
 -9.9266137e-001
  7.2012086e-001
 -5.1967691e-001
  5.5273832e+000
 -4.0339381e+000
  2.6676656e-001
  3.6269326e-001
 -1.7437780e+000
  3.6953432e-002
  9.1545463e-001
  2.1598002e+000
 -1.1053726e+000
 -1.5269802e+000
 -8.8187842e-001
  7.2673438e-001
  1.0812295e+000
 -1.7960012e+000
  1.3434214e+000
  8.8992784e-002
 -7.6922486e-001
 -5.7896064e-001
  4.2077811e+000
 -2.6614951e+000
  1.5984174e+000
  3.6549977e-001
 -1.0630800e+000
  4.2514848e+000
 -1.4469037e+000
 -2.7999945e+000
 -5.4594405e-001
  8.9711778e+000
  1.2597830e+000
  5.2677654e+000
 -2.6959148e+000
 -1.9991384e+000
  8.7338800e-001
 -7.0721602e-002
  1.9781606e+000
 -1.4063284e+000
 -1.1231869e+000
  1.6117708e+000
  1.6371772e+000
 -3.8526944e+000
  1.7404083e+000
 -4.8541264e-001
  3.0104483e+000
 -1.9792370e+000
 -1.6382438e+000
  6.9670126e+000
 -3.8441903e+000
  3.7647899e+000
 -3.6545526e+000
 -2.3037808e+000
  4.3534511e+000
 -1.7399028e+000
 -4.3619848e-001
  1.8410092e+000
 -4.3481138e+000
  1.1836647e+000
 -1.2405113e+000
 -5.2141861e-001
 -1.6146908e+000
 -9.6518236e-001
  2.5089479e+000
 -2.3731305e+000
  1.4587410e+000
 -1.6884463e+000
 -3.7759635e-001
 -1.8256336e+000
 -2.5986118e+000
  3.2487846e-001
 -2.8918626e-001
  1.5242324e+000
 -1.1274191e+000
  3.0352201e-001
  5.1083218e+000
 -3.1686758e-001
 -4.2572970e+000
 -6.0192700e-001
  4.6694697e+000
 -2.3870480e+000
 -3.2725079e-001
 -1.6893486e+000
  2.3614933e+000
 -3.8315936e-001
  7.1081378e-001
 -2.2190124e-001
  3.3185068e+000
 -4.1674833e+000
  5.0537542e+000
 -6.7905355e+000
  1.2786478e+000
  3.1824709e+000
 -3.9231392e+000
  1.2093414e+000
 -5.8417413e-002
 -1.8288694e+000
 -1.1205186e-001
  2.5930673e+000
 -3.0350490e-001
  4.3479904e+000
 -5.3731890e+000
 -9.4460606e-001
  1.8446708e+000
 -1.9168490e+000
 -3.0048332e+000
  2.6615740e-001
 -1.1236550e+000
  4.2022371e-001
 -2.8771664e-001
  7.1408897e-002
 -5.4041113e-001
 -4.8256729e-001
  2.6782049e+000
 -1.6777899e+000
  6.1397387e+000
 -4.2771175e+000
 -2.8216164e+000
  6.2912241e+000
 -2.3932839e+000
 -4.8466432e+000
  4.0337620e+000
 -2.4302870e+000
 -1.4889327e-001
  3.3722729e+000
  2.4992220e+000
 -2.8555102e+000
  6.2531078e+000
  7.7297750e-001
 -4.0165295e+000
  4.7590143e-002
 -7.5522852e-001
  6.5492041e-001
  3.6283812e-001
 -2.3755963e+000
 -1.7599932e-001
  4.4585466e-001
  3.5281087e-001
 -1.3349146e-001
 -1.2622903e+000
  4.3201693e+000
 -4.3525080e+000
  1.0201745e+000
 -1.6266143e-001
  3.8549469e-002
  5.7420650e-001
 -1.4272324e+000
  2.0990569e+000
 -1.2026920e+000
  2.1669121e+000
 -2.4715928e+000
  1.9764385e-001
  1.4706419e+000
 -9.2139634e-002
 -2.9046737e-003
  1.8917378e-001
 -2.3540398e+000
  3.0553825e+000
 -1.9945995e+000
  2.2281844e-001
 -1.8144014e-001
 -2.3638949e-002
  1.3072147e-001
  3.2450037e+000
 -1.6759300e+000
  3.2482217e+000
 -8.3823717e-001
 -3.8369388e+000
 -1.7441988e+000
  3.6401577e+000
 -4.8478817e-001
 -2.2779886e+000
  4.6539970e+000
 -1.6646539e+000
 -7.9356010e-001
  4.1578025e-001
 -9.1122608e-001
 -2.4614049e+000
  4.7251789e+000
 -4.2349326e+000
  1.2598788e+000
  3.3230544e+000
 -4.3138436e+000
  8.2670414e-001
  6.0808765e-001
 -2.2761391e-001
  2.7793658e+000
 -1.7312786e+000
 -8.4986961e-001
  2.8442690e+000
 -1.6444067e+000
 -1.3551723e+000
 -1.1148648e+000
  4.0002986e+000
 -1.7446843e+000
  2.6205646e+000
 -4.2952866e+000
  1.5645012e+000
  5.1683561e-001
  3.9246526e-001
 -1.1935389e+000
 -1.0633607e+000
  2.4161830e+000
 -9.7588465e-001
  2.3892667e+000
 -2.4409416e+000
  1.5971105e+000
  4.0742153e-001
 -1.3759355e+000
 -1.8200745e+000
 -3.2384836e+000
  1.2731550e+000
 -1.1581581e+000
 -5.7753403e-001
 -2.2431305e+000
  1.7521229e-001
  6.6547567e-001
  4.1314469e-001
 -1.7208254e+000
  3.9921920e+000
 -4.1214388e+000
  2.9583852e+000
 -1.6788518e+000
 -1.2590571e+000
  1.5222895e+000
 -1.0890749e+000
 -9.1387347e-001
 -1.1845321e+000
  3.8527819e+000
 -1.4032637e+000
  1.6608451e+000
  4.0587498e-001
 -3.1330404e+000
  4.2831270e+000
 -3.7368156e+000
  3.4538670e+000
 -1.2368622e+000
  2.5317415e+000
 -2.4428226e+000
  1.3013200e+000
  1.9478506e-001
 -3.2353044e+000
  8.7492045e+000
 -4.5716179e+000
 -1.4952989e+000
 -1.6723746e+000
  8.1723876e-001
 -8.2890166e-001
 -1.5321984e+000
  1.7338225e+000
  2.2716325e+000
 -3.0204205e+000
  3.9971335e-001
  1.4671026e+000
 -1.9788164e+000
  1.3325431e+000
  4.5755384e-001
  6.6048651e-001
 -1.4659918e+000
  9.2552115e-001
 -6.8849739e-001
  2.1920546e+000
 -1.6903827e+000
 -1.5458090e+000
  5.5740596e-001
 -2.6451946e+000
  7.5073090e+000
 -3.3890449e+000
  8.7347805e-001
 -3.1304348e+000
  9.0249736e-001
  3.5293011e-001
 -1.6938680e+000
  3.8559890e-001
  2.6503584e+000
 -7.4612397e-001
  1.7254528e+000
 -2.0752628e+000
 -1.5114776e-001
  3.2890535e+000
 -5.9269336e+000
  2.3733556e+000
  1.9178687e+000
 -1.9901957e+000
 -1.5180875e+000
  3.6970869e-001
  7.9695142e-001
  7.6944077e-001
 -1.3625293e-001
 -7.5228825e-001
  4.8305920e+000
 -1.2333242e+000
 -2.1666947e+000
  4.6640258e-001
 -1.8242574e+000
  4.8736936e-001
  7.0968022e-001
  9.5238531e-001
 -9.6001621e-001
 -1.6674294e+000
  1.2232308e+000
  2.4000290e+000
 -2.1122465e+000
  1.4291092e-001
 -6.4240820e-001
  3.3920386e+000
 -3.5786240e+000
  7.3215074e+000
 -3.6177795e+000
  1.4968451e+000
 -2.9086657e+000
  3.2199514e+000
 -5.2323664e+000
  7.6754895e-002
  3.5910920e-001
  1.5514347e+000
 -1.7601621e+000
  5.6080240e-001
 -2.3116587e-001
  5.8481255e+000
 -5.1162300e+000
  9.1831896e-001
 -1.8399130e+000
  6.6299668e-001
  1.1972962e+000
 -9.7281418e-001
  4.3242842e+000
 -3.5903855e+000
 -4.1330772e-001
  6.2206577e-001
  2.4644328e+000
 -4.4448989e+000
  2.9332101e+000
 -2.9389820e+000
  2.0719963e+000
  1.4464724e+000
 -1.5973407e+000
 -1.6681189e-001
  9.2049095e-001
 -7.2882428e-001
  8.0221684e-001
 -8.4307054e-001
  2.4933756e+000
  1.2111537e+000
 -7.5388998e-001
 -1.3168385e+000
 -4.6045034e-001
 -2.2177844e-001
 -3.1160879e-001
 -3.3051610e+000
 -4.6272531e+000
  7.8609266e-001
 -9.4414327e-001
 -4.0684128e-001
  1.5869040e+000
  1.8382131e+000
 -2.2125266e+000
 -1.3542381e+000
  1.6026385e+000
  5.4318932e-001
  4.2547218e-001
  5.7126213e-001
 -9.5992371e-001
 -1.2745461e+000
 -1.3112859e-001
 -6.6580346e-002
  1.3061825e+000
 -1.8195869e-002
 -1.3815404e+000
  1.3750479e+000
 -2.3810297e+000
  3.3957185e-001
  1.5960100e+000
 -2.0997246e+000
  3.0291911e-001
  1.0463888e+000
  2.3768239e-001
  2.7187015e-001
  2.2440540e+000
 -1.6136234e+000
 -6.5814612e-002
 -1.1482615e+000
  2.0043825e+000
 -2.8197780e+000
  1.2156102e+000
 -9.0493288e-001
  1.1702861e+000
 -1.2552772e+000
  2.3419166e+000
 -3.5466033e+000
  2.5884933e+000
  3.1960109e-001
  9.2014661e-001
 -7.6394497e-001
  4.0038280e-001
  2.0248152e+000
 -2.7618293e+000
 -3.7925336e-001
  8.3436511e-001
  2.7913875e-001
 -1.2592752e-001
  3.4881968e+000
 -2.6091416e+000
  1.9259694e+000
 -2.1383766e+000
 -7.1465928e-001
  3.1426292e+000
  3.1131142e+000
 -3.9677027e+000
  2.4939202e+000
 -2.1276844e+000
  3.1599183e+000
 -3.7596297e+000
  2.8942253e+000
 -1.5110872e+000
 -2.2948206e+000
  2.3017208e+000
 -2.3395695e+000
 -9.8742501e-001
  1.6393034e+000
  2.7634065e+000
 -2.3266844e+000
  8.8789898e-001
 -2.4402149e+000
  6.2853288e-001
  3.2550233e+000
 -2.3726120e+000
 -5.3204201e-001
  3.5380164e+000
 -1.0202526e+000
 -2.8221946e+000
 -1.8622085e+000
  2.1021815e+000
  3.3268327e-001
 -5.7317135e-001
  1.4805748e+000
  4.6081861e-001
  2.1221266e+000
 -4.2691933e+000
  5.9265704e+000
  1.9303000e+000
 -5.7011877e+000
  2.5472004e+000
  4.5919558e-001
  2.1326081e-001
 -5.3413285e+000
  6.4560349e-001
  1.4338670e+000
 -2.4167497e+000
  3.7663912e+000
 -1.4599880e+000
 -2.5055922e+000
 -1.0737733e+000
  9.0408293e-001
  4.4389204e-001
  2.6962133e+000
 -2.6557463e+000
 -2.0418957e-001
  2.8026724e+000
 -2.9647406e+000
  2.4160559e+000
 -6.7509821e-001
 -4.5468825e+000
  9.5534431e+000
 -6.1054988e+000
  9.2523393e-001
 -2.5573762e+000
  5.1411973e-001
 -2.0672658e+000
  2.3297507e+000
 -1.2474137e+000
 -6.3420435e-003
  5.7681132e-001
  2.9024988e+000
 -2.6149891e+000
 -2.4749913e+000
  2.8211849e+000
 -7.6119295e-001
 -7.5973519e-001
 -1.3392718e-001
  7.9808449e-001
  3.8554948e+000
 -3.9617342e+000
  9.5776782e-001
 -8.6225996e-001
  2.3210681e-001
  1.7408199e+000
 -4.1793788e-001
 -1.0642027e+000
  5.4183923e+000
 -6.1205094e+000
  4.7544580e+000
 -4.1084160e+000
  2.0879708e+000
  2.4788284e+000
 -9.7942679e-001
 -1.5356439e+000
  1.8624730e+000
 -3.1787287e+000
  3.5854485e+000
 -4.2156595e+000
 -7.8655517e-001
  2.9373147e+000
  3.6300687e+000
 -2.4131905e+000
 -2.1324105e+000
  1.7518782e+000
 -2.1707235e+000
  4.5784164e+000
 -2.4088949e+000
 -2.1968476e+000
  1.3195441e+000
  2.4290795e+000
 -3.8229714e+000
  7.2502449e+000
 -3.3824861e+000
  2.1114272e+000
  1.5324450e-001
 -3.7864461e+000
  4.0709152e+000
 -3.0923885e+000
  4.2530279e-001
 -8.0544348e-001
 -4.7549305e-001
 -3.6995006e-001
 -5.0409839e-001
  6.8350025e+000
 -4.5989311e+000
  6.3693948e-001
 -1.9988787e+000
  1.3795064e+000
  4.8770708e-001
 -1.1826086e+000
  1.8862559e+000
 -2.1357930e-001
 -1.7957938e+000
  1.5315001e+000
  7.3323079e-001
 -2.1417141e+000
 -1.2940937e+000
  4.9296438e+000
 -3.0587448e+000
 -1.2313316e+000
  3.3121573e+000
 -7.2716195e-001
  8.5353269e-001
 -2.1158645e+000
 -2.6461895e+000
  4.8448754e+000
 -2.4072035e+000
  2.8554112e+000
 -1.4382022e+000
  2.3959596e+000
  7.1433513e-001
 -2.9646288e+000
  3.5731681e+000
 -3.9014730e+000
  1.8776111e+000
 -4.1384526e+000
  4.0083842e+000
  3.9551599e+000
 -4.6415420e+000
  2.2809746e+000
 -3.3716603e+000
 -5.5992262e-001
  6.6731649e-001
 -5.2803667e-001
  3.6253585e+000
 -1.6258438e+000
 -3.2620508e+000
  4.4234934e+000
 -2.5617941e+000
 -1.9699795e+000
 -1.5391510e+000
 -9.1053562e-001
  1.5138133e+000
  2.1352618e+000
  4.9651380e-001
 -8.5160561e-001
  1.2357118e+000
 -1.5583725e+000
  9.2189116e-001
 -3.1922519e-001
 -5.6391049e-001
  1.4483004e-001
 -7.0002911e-001
  9.1298789e-001
  1.9827451e+000
 -9.8437896e-002
  2.6021104e-001
 -2.1384572e-001
  6.5329599e-001
  9.1303393e-001
 -4.1219505e+000
  2.6516060e+000
 -2.0384180e+000
  4.3322869e+000
 -2.0495798e+000
 -3.2305258e+000
  3.4716234e-001
  2.4552270e+000
 -2.1531970e+000
 -1.6885327e+000
  3.9513066e+000
 -1.8279388e+000
 -8.5775263e-001
 -1.2455361e+000
  1.3313232e+000
  3.7676150e-001
  7.9490586e-001
 -1.1396053e+000
 -1.5597891e+000
  7.5047836e-003
  1.8477601e+000
  1.0852547e-001
  2.4136472e-001
 -3.2656644e-001
 -2.0499019e+000
 -2.1104284e+000
 -3.6836823e+000
  3.4252704e+000
 -8.8728211e-001
  4.1781080e-001
  1.5453059e+000
 -7.9281631e-001
  9.9034204e-001
 -9.1035843e-001
 -3.5004330e+000
  1.1160685e+000
 -9.9725468e-001
  1.9381113e+000
 -4.0738700e+000
  5.2397688e-001
  1.4958328e+000
 -7.9711977e-001
  1.0755810e+001
 -4.1538100e+000
 -2.0170195e-001
  1.0188038e+000
 -5.7803207e+000
 -2.1872991e-001
  1.0516184e+000
 -1.1243869e+000
 -3.9798321e-001
  4.8060033e+000
 -1.1352466e+000
 -2.3587913e+000
 -1.6259996e-001
 -1.4150713e+000
  2.7415500e+000
 -1.2570931e+000
  6.4339819e-001
 -2.6106588e-001
  2.1363387e+000
  9.2313407e-001
 -3.3960586e+000
 -6.5039997e-001
  3.0689268e+000
 -1.1603664e+000
 -6.1915604e-001
  2.1065073e+000
 -1.5053615e+000
  1.8919872e-001
  1.4936622e-002
  4.3103423e+000
 -3.8427974e+000
 -5.5681254e-002
 -4.8892858e-001
  1.6968204e-001
  1.6332888e+000
 -1.5179839e+000
  1.6321427e-001
  8.6053375e-001
 -1.5867177e+000
 -4.6678861e-001
  6.2019506e-001
  2.1393893e-002
  1.2858415e+000
  1.8408724e-001
  3.8229729e-001
 -5.4799925e-001
  4.0745566e-001
 -1.0889649e+000
 -1.9455210e+000
 -5.9179375e-001
 -5.3936580e-001
  1.7724320e+000
  1.7873429e+000
 -3.5605455e+000
  7.1147225e-002
  1.7986455e+000
  1.3562266e+000
 -2.3403690e+000
  3.9550795e+000
 -1.2756805e+000
 -7.8130247e-001
 -2.9362442e+000
  4.2738438e+000
 -2.5974083e+000
 -2.0994077e+000
  2.9390223e+000
 -3.3038467e+000
  1.1147710e-001
  1.9449549e+000
 -9.5960692e-001
  2.1386294e-001
  7.9869088e-001
  1.1209439e+000
 -1.2862051e+000
 -1.5571234e+000
  1.4603950e+000
  3.5811905e+000
 -5.2380497e-001
 -1.3186010e+000
 -3.5753244e-002
  2.7971668e-001
  1.2325565e+000
  9.7393465e-001
 -2.0710266e+000
 -2.1054042e+000
  3.2023672e+000
  2.1782477e+000
 -3.8431432e+000
 -2.6405288e-001
 -1.1565116e+000
  1.3335756e+000
 -3.6969229e-002
  1.8548599e-003
 -1.0291197e+000
  2.2786581e+000
 -3.5496564e-001
 -1.3973059e+000
  3.5962800e+000
 -3.3839486e-002
  4.9866075e+000
 -8.5198756e+000
  1.7279285e+000
  1.1915409e+000
 -5.6301540e+000
  2.2217494e+000
 -4.9135984e+000
  2.3225860e+000
 -5.4721408e-001
 -8.3220757e-001
 -1.5393471e+000
  8.5797874e-001
  3.0577391e+000
 -2.4262278e+000
 -2.1193451e+000
 -3.8234523e-001
  2.4621760e-002
  3.3437655e+000
  1.6464198e+000
 -1.1327682e+000
 -3.5513863e+000
  3.5365113e+000
  2.4742657e-001
 -9.0086267e-001
 -9.8828699e-001
  4.1060083e-001
 -8.4626272e-001
  7.1326989e-001
 -1.2090614e+000
  1.4090698e-001
 -6.1321137e-001
  1.3727268e+000
 -3.3702532e-001
  2.7360684e-001
 -1.2020987e+000
  2.3140389e+000
 -1.8515702e+000
 -1.4768942e-001
 -6.1887221e-001
  2.9721164e+000
  4.3730593e-001
  1.9100703e-002
  4.4576324e-001
 -1.3049990e+000
 -1.1201897e+000
  1.1398105e+000
  1.8200127e+000
 -2.1744082e+000
  4.6693437e+000
 -3.1858635e+000
 -5.5217840e-001
  1.0732252e+000
  2.1752594e+000
 -2.6340044e+000
 -4.9606473e-001
  7.2406456e-001
 -2.2945271e+000
  2.2496025e-001
 -1.8952164e-001
  2.7274483e+000
 -3.8551439e-001
 -8.6966354e-001
 -2.2629852e-001
 -7.8160349e-002
 -1.9877453e+000
  5.6700325e-001
  9.7734305e-001
  3.9280453e-001
  1.9773504e-001
 -1.5461426e+000
  1.4661111e+000
 -2.1583555e+000
  4.5084195e+000
 -5.0381826e+000
  1.8606208e+000
 -7.7102855e-001
  2.0138039e+000
  7.6394946e-001
 -1.3225564e+000
  6.9954490e-001
 -1.5876847e+000
  3.5808974e+000
  1.3687054e+000
 -1.2060292e+000
 -5.0196094e+000
  3.0869430e-001
  2.4772797e+000
 -2.2597080e+000
  8.1607204e-002
  1.7187004e+000
  2.2101000e+000
  1.2130114e+000
 -4.5596623e+000
  1.7877244e+000
 -8.7516728e-001
  4.1000960e+000
 -3.3790177e+000
  7.6922729e-001
 -1.9419003e+000
  6.9226062e-001
  1.5579538e+000
  1.9113009e+000
 -3.5985626e+000
 -2.0821680e+000
 -1.6155617e+000
  1.7008867e+000
 -8.5468802e-001
  1.9562417e-001
  1.4740784e+000
 -7.9892962e-001
 -1.0998195e+000
  1.0264180e+000
  4.1210927e+000
 -3.7102235e+000
 -5.9288032e-002
  4.6629073e-001
 -1.3765044e+000
  3.0373257e+000
 -4.6072649e+000
  4.1325916e+000
 -2.9093482e+000
  1.9817566e+000
 -2.5066959e+000
  7.7461562e-001
 -1.0162676e+000
 -1.6323243e+000
  3.7497458e+000
  6.1830389e-001
  1.3798814e-001
 -1.7053238e+000
  5.2822679e-001
 -1.3764203e+000
  2.2611187e+000
 -3.6750711e+000
  4.6305053e+000
 -5.0459082e+000
  4.3573969e-001
  2.0962028e+000
 -1.3175157e+000
  2.6081548e+000
 -2.5479172e+000
  6.4114173e+000
 -4.4658637e+000
 -2.2580825e+000
 -1.4723141e-001
  1.8390098e+000
 -3.4232702e+000
  2.0445445e+000
  1.4250270e+000
  1.7676090e+000
 -1.4053638e+000
 -3.1338213e+000
  1.0181656e+000
 -4.1276567e+000
  2.1862726e-001
 -6.9176840e-001
  1.7972134e+000
 -1.2533822e+000
  6.1601462e-001
  1.6537226e-001
  7.0363709e-001
 -4.5102780e-001
  4.2099450e+000
 -6.0170250e+000
  1.0431367e+000
 -1.1322656e+000
 -1.4974762e+000
 -1.8165081e+000
 -8.5812823e-001
  4.3632423e-001
 -6.1861203e-001
  9.2133777e-001
 -1.2840014e+000
  2.6269340e+000
 -1.2398037e-001
 -1.7818672e+000
  5.8145593e-001
 -1.5552823e+000
  7.8814824e-001
 -7.2518062e-002
 -3.8219508e-001
  3.6206871e+000
  3.8661073e-001
 -2.0884158e+000
 -1.3895086e+000
 -2.5310190e-001
  2.5589672e+000
 -3.2385420e-001
 -1.0013063e+000
  9.5333904e-001
 -1.2243427e+000
  1.0244999e+000
 -3.8939696e+000
  2.6256163e-001
 -8.8301124e-001
  1.2668060e+000
 -8.5065635e-001
 -1.1662411e+000
  2.5058587e+000
 -4.0956480e-001
  1.0037061e+000
 -4.1945343e+000
  6.8721072e+000
 -1.1092260e+000
 -1.5593761e+000
 -1.1512706e+000
  9.0773352e-002
 -2.9391956e-001
 -1.5743335e+000
  1.3825014e+000
 -3.4836851e-001
  3.2840138e-001
 -8.3922486e-001
 -6.2321693e-001
  1.5139136e+000
 -1.0062954e+000
  3.3409764e+000
 -2.4481895e-001
 -5.0465597e-001
 -1.8351905e+000
  1.5511785e+000
  5.6696423e-001
  2.8523537e+000
 -3.4799868e+000
 -3.9375234e-001
  8.9857069e-001
 -8.6799988e-001
  5.3090576e+000
 -5.5658644e+000
 -7.1508377e-001
  3.3657532e+000
  5.4723070e-001
 -1.5971460e+000
 -2.4747009e+000
 -3.9373822e-001
  9.0514121e-002
  5.0940828e+000
 -5.1007624e+000
  8.4519076e-001
  4.5838451e-001
 -2.1495828e-001
  2.4811734e+000
  3.4148693e+000
 -6.4514662e+000
  2.5369361e+000
  1.1827237e+000
 -5.5155714e+000
  2.0377916e+000
 -1.3073282e+000
  2.5467423e+000
 -1.0630706e+000
  1.6713346e-001
  2.8873919e+000
 -3.6189968e+000
 -9.4404650e-001
  1.4077553e+000
 -6.1545508e-001
 -1.0066739e+000
  1.9443637e+000
 -2.9877035e-001
  2.4782168e+000
  1.3426648e+000
 -4.4063220e+000
  7.0941898e-001
 -3.1934915e-001
 -1.1405447e+000
  1.1737603e+000
  1.2128933e+000
  1.2253551e+000
 -1.4887212e+000
  3.1961237e-001
  6.0271176e-001
 -2.5183040e+000
  1.0456604e+000
  1.1694815e+000
  1.1629360e+000
 -2.1894990e+000
  3.6365058e-001
  2.9588960e-001
  2.0910610e+000
 -9.0641240e-001
  1.1965288e+000
 -3.5605277e+000
  3.9905698e+000
 -2.7930896e+000
  3.0578492e+000
 -2.6012090e+000
  1.2085239e+000
 -2.0742590e+000
  5.3920924e-001
  6.6119477e+000
 -4.5746342e+000
 -3.1318414e+000
  3.8206199e+000
 -8.8230650e-001
 -9.3531004e-002
 -6.5662150e-001
 -1.9960033e+000
  1.3003029e+000
  1.7226352e+000
 -1.1301286e+000
 -2.9295973e+000
  4.4706628e+000
  1.9597196e-001
 -4.8749237e+000
  2.8383500e+000
 -3.0778285e+000
  5.2558985e+000
 -4.5862485e+000
  1.7718326e+000
  2.0355765e+000
 -1.6113793e+000
 -2.7562312e-001
 -1.3819434e+000
 -2.7084230e-001
  7.0921856e-001
  9.4658524e-001
 -1.2913294e+000
  8.0763155e-002
 -2.9616939e-001
 -3.9945362e-001
  1.6063098e+000
 -1.4000880e+000
  3.2652106e+000
 -4.0944414e+000
 -6.4160010e-001
  2.0037315e+000
  1.0484093e+000
  2.2156605e+000
 -2.0233570e+000
  5.5341172e+000
 -2.2763689e+000
  6.0369629e-001
  1.0160935e-001
 -1.2847291e+000
  1.6123753e+000
  2.0091594e-001
 -1.5875263e+000
  9.6521991e-001
  3.0598010e-001
 -1.7885351e+000
  5.4579341e+000
 -3.7171992e+000
  6.1803337e+000
 -2.1740231e+000
  1.1368426e-001
  1.9249994e+000
