  1.3600258e+001
 -9.5508010e+000
 -2.9471309e-001
  1.1956200e+000
 -1.8796461e+000
  5.3257267e-001
  8.9755361e-002
 -7.0928757e-001
 -1.2633809e+000
 -1.9715590e-001
  1.3834092e+000
  1.9111473e+000
 -1.4634223e+000
  5.9902292e-001
 -1.4149517e+000
 -1.6551949e+000
  2.2915918e+000
  8.3685744e-001
 -1.4925343e+000
  7.0657901e-001
 -3.9756275e-001
 -3.7742925e-001
  1.4426710e+000
 -9.7715902e-001
 -3.9709898e-001
  1.6541282e+000
 -7.2955299e-001
 -1.3600252e+000
  2.3955532e+000
 -1.8887692e+000
 -2.7513968e-001
  2.1494115e+000
 -1.7938726e+000
  1.0825318e+000
  3.9263247e-001
 -6.3593123e-001
 -2.9370506e+000
  3.1518402e+000
 -1.0236963e+000
  1.1279232e-001
  4.8157308e-001
 -1.8551159e+000
  2.5725449e+000
  7.9364278e-001
 -1.8366506e+000
  2.6651873e-001
 -8.5329686e-001
  5.3302982e-001
  1.4424897e+000
  6.8626298e-001
 -3.4869492e-001
 -1.5740591e+000
  1.2587333e+000
 -7.7241451e-001
  3.1371061e-001
 -1.7560377e+000
  4.0797103e-001
 -5.3867370e-001
  2.2598081e+000
 -6.3526933e-001
 -1.2635261e+000
  9.7492250e-001
  6.3902573e-001
  4.6924375e-001
  1.4624195e+000
 -1.3878409e+000
  1.0283430e+000
  8.4455213e-001
 -2.1615272e+000
 -1.8352666e+000
  1.1902156e+000
 -1.3445592e+000
  1.5545142e+000
 -1.7942930e+000
  2.0077884e-001
  1.0575423e+000
 -1.1046138e+000
  4.5428870e+000
 -1.4365853e-001
 -2.3236339e+000
  9.0468543e-001
  1.3971497e-001
 -2.1449009e+000
  2.9408831e+000
 -3.6675158e+000
 -2.3862669e-001
 -1.3678869e+000
  3.9478044e-001
  3.2319304e+000
  2.2889671e+000
 -1.3749394e+000
  1.3876754e+000
 -2.2875737e+000
  1.4440106e+000
 -2.1437658e+000
  2.8914618e+000
 -2.7135779e+000
  3.4915067e+000
 -2.9381662e+000
  1.8881624e+000
 -1.9478422e-002
 -7.5500941e-001
  1.9012841e+000
 -2.3932761e+000
  3.7250839e-001
  2.2444107e+000
 -2.1854461e+000
 -1.1310134e+000
  1.4461631e+000
 -1.5874383e+000
  8.0628541e-001
 -1.4587595e+000
  1.3848175e+000
 -1.8629169e+000
  6.1728795e+000
 -4.6185783e+000
 -4.9355917e-001
 -4.8179563e-001
  1.0344013e+000
  1.4882414e+000
 -1.4882436e+000
  2.8531801e+000
 -1.4244364e+000
  1.1459593e+000
 -2.1047539e+000
  5.5862184e-001
  5.0224984e-001
  4.1425840e+000
 -4.0016227e+000
 -2.6046972e-001
  5.3414082e-001
 -1.3421855e+000
  4.5660391e+000
 -4.6010886e+000
  2.8051854e+000
 -1.6248988e+000
  5.5823806e-002
 -1.8003069e+000
  6.1415904e-001
  9.5181220e-001
  1.6518836e+000
 -1.4326785e+000
 -7.5827706e-001
  1.0724901e+000
 -4.9383674e-001
 -5.8100284e-001
  4.6183082e-002
  9.3900047e-001
 -1.1155140e+000
 -5.1453346e-001
  1.2950385e+000
  2.1519414e+000
 -2.1655408e+000
 -1.2967902e+000
  2.7890066e+000
 -2.8189609e+000
 -8.6694434e-001
  3.8914436e+000
 -1.9226399e+000
  2.1649356e-001
  5.6972155e-001
  3.9199784e+000
 -6.9659478e-001
 -4.1693292e-001
 -3.8844248e-001
  1.3686292e+000
  1.5778499e+000
 -4.1980661e+000
  2.4252475e+000
 -6.0285090e-001
  6.2613970e-001
  1.2749721e+000
 -1.0547553e+000
  6.7930265e-002
 -1.4692074e+000
  1.2878060e+000
 -9.3046144e-001
 -2.9504189e-001
  1.4521617e+000
 -3.3675239e+000
  4.6501061e-001
  1.5153912e+000
 -1.9133308e+000
  7.2626076e-001
  5.1841201e-001
  8.9124806e-001
 -8.0646398e-001
 -8.0716354e-001
  5.5355672e-001
  4.7136872e-001
 -5.6020684e-001
  6.4986946e-001
  1.5887711e-001
 -7.7559444e-002
  7.7737622e-001
 -3.1033087e+000
 -2.6452459e+000
 -3.1209038e-001
  4.4209707e-001
  3.0493202e+000
 -2.8930149e+000
 -2.0703404e-001
  3.3975687e-001
  1.2484030e+000
  1.6562630e+000
 -8.9826636e-001
 -1.0161062e+000
  4.1934487e+000
 -2.8724601e+000
 -3.1797153e-001
  1.4282959e+000
 -2.1430845e-001
  2.9365800e+000
 -1.2834676e+000
  1.6748647e+000
 -2.3454083e+000
  8.4382980e-001
 -1.6335257e+000
  6.3249754e+000
 -5.9123603e+000
 -2.0104203e-001
  2.7305823e+000
 -2.0607766e-001
  6.0169348e-001
 -2.5047663e+000
 -1.2633267e+000
  1.4558836e+000
  9.6354016e-001
 -2.3576102e+000
 -2.6088778e-001
  2.5422355e+000
  7.3655017e-001
 -3.2969910e+000
  6.0279870e-001
  1.9569751e+000
  8.7407211e-001
 -2.0887127e+000
  1.6870778e+000
  1.6294551e+000
 -1.8875327e+000
  3.7689217e+000
 -4.0606808e+000
 -1.8324802e+000
  2.6966958e+000
 -4.0385215e+000
  4.6468112e+000
 -6.8764184e-001
 -1.3316083e+000
 -1.3720110e-001
 -1.7658541e+000
  5.6003380e+000
 -2.2637030e+000
 -4.8879389e+000
  8.1342377e+000
 -6.0730462e+000
 -8.1011638e-001
 -1.7057513e+000
  3.5271503e+000
 -4.5245983e+000
  5.4606464e+000
 -2.8017639e+000
 -6.4069770e-001
  2.4919145e+000
 -1.6905467e+000
  4.9225693e-001
  1.0120249e-001
 -5.9345924e-001
  1.8790513e+000
 -2.0878553e+000
  1.6391845e+000
 -2.3616232e+000
  2.1090258e+000
 -1.4694388e+000
  1.2826727e+000
 -1.7862326e+000
  4.9121862e-001
 -1.1075687e+000
  3.8250002e+000
 -1.5022498e+000
  6.7201854e-001
 -2.5634555e+000
 -2.0605243e-001
  1.8849472e+000
  1.2910426e+000
 -1.4119694e-002
 -6.5934481e-001
 -1.8583681e+000
  2.2551846e+000
  2.7292482e-001
 -1.1489990e+000
  3.9978785e+000
 -4.4175192e+000
  4.9734930e+000
 -4.8985628e+000
  8.6812912e-001
 -1.0974332e+000
  3.9085299e+000
 -3.5255814e+000
 -2.0774570e-001
  4.1475866e+000
 -2.5485172e+000
  6.7410279e-001
 -2.4207362e+000
  3.9262205e-001
  1.8819869e+000
 -1.6823988e+000
  2.3021968e+000
  1.1687585e+000
 -1.5455225e+000
 -7.3478009e-001
  8.2807706e-001
  2.0479556e-003
  2.9414304e-001
 -1.0145245e+000
 -4.1683712e-001
  1.8633049e+000
 -1.4927862e-001
  1.0527218e+000
 -1.6345183e+000
  2.5178066e+000
 -2.3544164e+000
  8.4004372e-001
 -1.8506878e+000
  3.5011935e+000
 -3.7846248e+000
  2.1859993e+000
 -1.3683618e+000
  6.1558599e+000
 -7.1218030e+000
  3.9280086e-001
  1.2910724e-001
  3.3098937e+000
 -3.2761073e+000
  4.4319277e-001
 -1.9133963e-001
 -6.8040567e-001
  4.0315927e-001
  1.1125039e+000
 -1.1362383e+000
 -5.8374030e-001
 -9.6966952e-001
  9.3872540e-001
 -1.1807487e+000
  3.2797252e+000
  2.4856211e+000
 -4.5934305e+000
 -1.4871062e-001
  7.6367575e-001
 -8.8916764e-001
 -1.1402096e+000
  1.5952224e+000
  2.8492074e-001
  9.1387423e-001
 -2.3993181e-001
 -1.6285388e-001
 -3.8895668e-004
 -1.3068254e+000
  2.8163631e-001
 -6.3988923e-001
  1.4638227e+000
  8.7013378e-001
  3.5099291e-001
 -3.7600415e-001
 -1.1663947e+000
  2.1803606e+000
  1.8655657e+000
  3.3354219e+000
 -3.4294980e+000
 -5.8181391e-001
 -2.4061852e+000
  3.6784819e-001
 -6.5393773e-001
  2.2530413e+000
  9.2323948e-001
  4.1271570e-001
 -3.7619257e+000
  3.3879270e+000
 -2.0631687e+000
 -9.3110840e-001
  1.9123858e+000
 -1.8780552e+000
  8.7128086e-001
  5.7363046e-001
 -1.5048354e+000
  1.8251424e+000
  1.8478162e+000
 -3.4526249e-001
 -2.2758169e+000
  4.7372770e+000
 -2.6791865e+000
 -3.1531532e-001
  1.1344405e+001
 -1.2609092e+001
  4.3718334e+000
 -2.4590795e+000
  3.5845432e+000
 -5.1395282e+000
  5.2340056e+000
 -4.6416240e+000
  2.4666139e+000
 -2.4620786e+000
 -6.6319565e-001
  3.4885729e+000
 -3.9253762e+000
  4.3798623e-001
  4.2472052e+000
 -3.4134456e+000
 -8.0174480e-001
  1.0981003e+000
 -6.9259088e-001
  1.1865877e+000
  7.4210304e-001
 -1.4996732e+000
  1.9444675e+000
  1.9306096e+000
  3.2267530e+000
 -5.9960066e+000
  3.4124533e+000
 -3.3117557e+000
  1.1105981e+000
 -7.4759782e-001
  2.0606867e+000
  3.9977342e-001
  2.7833831e+000
 -3.0129395e+000
  1.9337460e-001
  9.3451922e-001
 -1.7648317e+000
  1.1030409e+000
 -5.8895539e-001
 -6.1248292e-001
  3.7520323e+000
 -2.4682574e+000
 -1.4575539e+000
  9.3695992e-001
 -1.7696905e+000
  2.3467402e+000
  1.4107288e-001
 -1.1249167e+000
  1.1392867e-001
  1.7733187e+000
 -2.7160273e+000
  1.1531243e+000
  2.4425350e+000
 -2.3490751e+000
  1.5255486e+000
 -8.0420424e-002
 -1.2405220e+000
  3.5559259e+000
 -2.2324859e-001
  1.3323328e+000
  1.1848080e+000
 -5.5508934e+000
 -1.1127540e+000
  2.7730256e-001
  5.2333719e-001
  1.4623590e+000
 -1.5086620e-001
  2.1109608e+000
 -1.4384867e-001
 -2.9691351e+000
  1.1971939e+000
  9.1439677e-001
 -2.7256701e+000
  3.1966066e+000
 -9.9024876e-001
  2.1014998e+000
 -1.6560292e+000
 -2.6780984e+000
  1.8990317e+000
 -1.3895857e+000
  4.4509467e-001
  1.4863919e+000
 -1.3594479e+000
 -2.7705346e-001
 -2.6967111e+000
  2.3644468e+000
  1.1635812e+000
 -2.1417967e+000
  1.0249758e+001
 -7.0293702e+000
 -1.6177642e+000
  1.7219067e+000
 -5.0939306e-001
 -5.3156447e-001
 -3.7420737e-002
  3.0591379e+000
 -2.1247866e+000
 -2.5850187e+000
  1.2913109e+000
 -4.9148120e-001
  1.4328469e+000
 -2.0930493e-001
  1.2808605e+000
  1.4193999e+000
 -2.7999697e+000
  1.7209490e+000
 -1.8048342e+000
  8.5707850e-001
  4.6107162e-001
  4.6925129e-001
 -1.7226631e+000
  2.3695108e-001
 -2.1532289e-001
  9.8804287e-001
  1.6506888e+000
 -2.8450201e+000
  1.3350848e+000
 -2.6756845e-001
 -5.0530976e-001
  1.9549810e-001
 -6.8905456e-001
  1.0280471e+000
 -6.7661849e-001
  2.5071166e-001
 -8.5988866e-001
 -7.2939311e-004
  4.3466074e-001
  9.8259458e-001
 -1.4659687e+000
 -8.5532343e-001
  2.1677403e+000
  3.3268156e-001
 -1.8901547e+000
  1.3732066e+000
  6.3159632e-002
  2.3791514e-001
 -1.0707679e+000
  7.8042605e-001
  1.4124611e+000
 -1.6420085e+000
 -2.2669861e-001
  8.4412350e-001
 -1.3692398e+000
  4.0584648e-001
 -2.2549913e-001
  2.5458557e-001
 -6.8966088e-001
  1.1659602e+000
 -1.3624916e+000
  2.5949534e+000
 -1.0946473e+000
  7.2548484e-001
 -1.4331194e+000
 -6.3966796e-001
  3.0782213e+000
 -3.5162927e+000
  6.5801465e-001
  1.1417656e+000
 -1.8165260e+000
  1.1610503e+000
 -1.3809119e+000
  2.0840196e+000
 -1.0953235e+000
  1.5794611e+000
 -1.6850927e+000
  5.2804356e-001
  1.8089059e-001
  1.3860885e+000
 -6.0313595e-001
 -1.2690647e+000
 -3.0001949e-001
  1.5229857e+000
 -8.0554849e-001
  1.2118140e+000
  1.5940956e+000
  1.8114205e+000
 -9.6331323e-001
 -1.0525727e+000
  5.1384846e-001
 -4.5151539e-001
  2.7930882e-001
 -1.8112608e+000
  3.2315306e+000
 -4.0676824e+000
  6.2629366e-001
  3.4691977e-001
  3.7919533e-001
  4.0268039e-001
  6.8237901e-001
 -1.5733084e+000
 -5.9550785e-002
 -3.3460795e-001
  9.1508397e-001
  1.1430617e+000
 -8.2356808e-001
 -1.0057698e-001
 -1.5510337e-001
 -2.7810433e-001
  4.5528988e-001
  3.9229267e-001
  3.1381955e-001
  1.5259860e+000
 -5.7793396e-001
 -7.4298163e-001
 -1.1573920e+000
 -1.0459379e+000
  1.1955339e+000
 -4.0316150e-004
  3.1263851e-001
 -3.8170270e-001
  1.5097862e+000
 -1.6805618e+000
  9.4391310e-001
 -1.4716636e+000
  7.6269940e-001
 -1.5002638e+000
  8.1223986e-001
  4.2191205e-001
  1.3937241e+000
  4.5276321e-002
 -9.6174595e-001
  8.7190073e-001
 -1.1720483e+000
  8.3382666e-001
 -5.1529665e-001
  1.8012584e-001
  2.1016719e+000
 -3.0908135e-001
 -2.5550070e+000
 -3.5060813e-001
  1.0655929e+000
  2.3094616e+000
 -9.1031966e-001
  3.0557496e-001
 -8.0734023e-001
 -4.9316169e-001
  2.4043402e+000
 -2.2733758e+000
 -5.1139627e-001
 -4.2382585e-001
  1.6498768e+000
 -2.4353003e-001
  4.5133258e-001
 -2.3354148e+000
  1.9442373e+000
  5.1643168e-001
 -8.3219728e-001
  9.9526627e-001
 -5.2748301e-001
 -2.7492684e-001
  1.8512705e-001
  1.5258811e+000
 -2.1713234e+000
 -1.3523041e+000
  1.6496577e+000
  1.6038340e+000
 -5.3913783e-001
 -9.7183636e-001
  1.8939236e+000
 -8.8263035e-001
 -8.1648429e-001
  1.9086884e+000
 -2.2618962e+000
  1.5705832e+000
 -1.0022793e-001
 -9.7347137e-001
  1.5544553e-001
  1.0547896e-001
  2.2435583e+000
 -2.3630084e+000
  3.5726375e+000
 -8.8227354e-001
 -3.3009342e+000
  1.0080353e-001
  5.2373675e-001
  4.7397228e-001
 -2.5119529e-001
 -8.0799681e-001
  2.4689419e+000
 -2.0586381e+000
 -3.5715371e-001
  1.6188863e+000
 -7.4094636e-001
  3.4686435e-001
 -3.0999439e-001
  1.8819959e+000
 -2.1330747e+000
 -1.5166917e+000
  4.0324690e+000
 -1.8517125e+000
 -2.3447413e+000
  4.1550935e+000
 -3.3683981e-001
 -4.8224454e+000
  2.4548825e+000
 -5.7890220e-001
  3.3659403e+000
 -3.1003989e+000
  3.3586117e-001
  4.9403849e+000
 -5.2826911e+000
  2.2328814e+000
 -2.9472807e+000
 -2.2748494e-001
  1.4309201e+000
 -9.6253319e-001
  3.6470136e+000
 -3.1912445e+000
  9.8593321e-001
  8.8354027e-001
 -1.5236054e+000
 -9.6831100e-001
  4.0708913e+000
 -2.1195361e+000
  1.7334116e+000
 -2.7490395e+000
  8.1280598e-001
  4.4865277e-001
  2.4046136e+000
 -2.5257464e+000
 -8.1081362e-001
 -6.7046227e-001
 -5.4328410e+000
  2.0971917e+000
  1.3295953e+000
  7.9085151e-001
  1.1345129e+000
  5.2934928e-001
 -3.3696582e+000
  1.2012983e+000
  1.9398338e+000
 -2.5118537e+000
 -1.0752628e+000
  1.9396855e+000
 -1.4711509e+000
  4.4906496e+000
 -4.7660496e+000
  2.5100117e+000
 -2.5446543e+000
  6.0022251e+000
 -5.2167608e+000
 -1.0003308e+000
  2.5069879e+000
 -2.5408515e+000
  8.6225960e+000
 -5.4317811e+000
 -1.0108149e+000
 -2.7461290e-001
  9.6384625e-001
 -5.1923335e-001
  7.8703358e-002
 -8.0229723e-001
  7.8575105e-001
 -4.7409193e-001
  2.2466452e-001
  3.0473856e+000
 -3.2048244e+000
  1.6483656e+000
  1.1532243e+000
 -5.0463768e-001
 -3.3722432e+000
  3.3143963e+000
 -2.4766294e+000
  5.1018982e+000
 -3.9714422e+000
  1.7741331e+000
 -1.2354243e+000
  3.3263433e+000
 -2.4761550e+000
 -8.6285373e-001
 -1.7927630e+000
  2.5953860e+000
  1.8757617e-001
 -2.3626342e+000
  1.4404599e+000
 -7.5963597e-001
 -1.8793525e-001
  4.0094935e-001
 -4.4666325e-001
  2.5158738e+000
 -1.9803465e+000
  2.9771594e+000
 -4.1586969e+000
 -4.3503726e-001
  2.9783822e+000
 -7.4575050e-001
  1.3047986e-001
  1.0544448e+000
  9.2182526e-001
 -3.3200235e+000
  2.1763677e+000
 -1.7357519e+000
  3.1782360e+000
 -3.9652334e+000
  3.1974246e+000
 -2.8663755e+000
  1.5079316e+000
 -1.7809136e+000
  1.0045235e+000
 -2.8069465e-001
 -2.1060942e-001
  2.9377497e+000
 -1.8978549e+000
  9.0865369e-001
 -1.1971240e+000
  7.3641656e-001
 -1.2875308e+000
  1.5418063e+000
 -1.1826633e+000
 -5.4572511e-001
 -8.4354917e-001
  3.7081188e+000
 -2.9303588e+000
  4.4949104e-001
 -1.3130385e+000
  7.7360233e-001
 -4.2493110e-001
  1.6109611e+000
 -1.0960849e+000
  1.3058582e+000
  3.1923575e-001
 -1.7150438e+000
 -1.0464917e+000
  1.2862690e+000
  1.9469664e+000
 -1.4383423e+000
 -1.3592231e-002
 -1.3534786e-001
 -2.7344602e-001
  1.2059517e+000
 -5.9655189e-001
  1.9350375e-001
 -6.3175129e-001
  2.2196456e+000
 -1.4924793e+000
  1.3795214e+000
 -8.3123116e-001
  5.5660374e-001
  4.3239937e-001
  7.1234301e-001
 -6.5031868e-001
  3.7174841e-001
  6.6496663e-001
 -5.1473203e-001
  3.6029762e-001
 -1.5830819e-001
 -4.0049974e-001
  9.7785619e-001
 -1.6407928e+000
  1.6406390e+000
 -9.9388375e-001
 -1.0972421e+000
  7.5739591e-001
  2.0813941e-002
  1.6344203e+000
 -1.8138691e+000
  5.4933318e-001
  1.1528929e+000
 -2.2909034e+000
  6.5981397e-001
  1.1858026e+000
 -1.7863585e+000
  5.0435768e-001
  5.0020212e-001
 -8.1832377e-001
 -2.4839996e-001
 -8.5896948e-001
  2.2796180e+000
  1.2516622e+000
 -1.1172096e+000
  2.2224949e+000
 -3.1963125e+000
  2.6211923e+000
 -2.5482953e+000
  4.3840267e-001
 -5.5912666e-001
 -5.8967268e-001
  1.6191244e+000
 -1.2661707e+000
  1.6726545e+000
 -2.4054990e+000
  1.0686372e+000
  6.2813847e-001
 -1.5496237e+000
  1.8903194e+000
 -1.3926552e+000
 -6.0998981e-001
  1.7055520e+000
  1.7119797e+001
 -1.4352975e+001
 -9.5235166e-001
  2.2377525e+000
 -1.2031872e+000
 -1.2047085e-002
  1.2817247e+000
 -2.3356533e+000
  5.5894932e-001
  2.9171740e+000
 -2.8267358e+000
  6.2547508e-002
 -1.0915347e+000
  2.8562314e-001
  3.3707271e-001
  1.7506553e+000
  7.0760670e-003
 -2.1569574e+000
  1.1311866e+000
  1.4153477e+000
 -1.6321056e+000
  5.9822744e-001
  5.4755376e-001
 -1.0908216e-001
  2.3000719e+000
 -2.9212039e+000
 -4.2959537e-001
  1.3300401e+000
 -6.3559943e-002
 -2.0136422e+000
  1.7993620e-001
 -1.8581686e-001
  3.3108487e+000
  1.0781251e-002
 -1.3086443e+000
  1.8666463e-001
 -1.0698049e+000
  1.1886703e+000
 -6.3375676e-001
  6.4210536e-001
 -4.1696569e-001
  6.1458876e-001
 -5.5111125e-001
 -1.7005041e-002
 -2.1166712e-001
 -4.0741879e-001
  1.0281977e+000
  1.6114135e+000
 -1.3706226e+000
  1.2977659e+000
  8.6655342e-001
  5.5432393e-001
 -4.2122685e-001
  8.4943319e-001
  3.4026493e-001
 -1.1230657e+000
  1.3549897e+000
  3.6762875e+000
 -5.7258327e+000
  2.6107863e+000
 -2.1961088e+000
  9.4629951e-001
 -1.4420428e+000
  3.2931166e+000
 -1.7013857e+000
  3.7742606e-001
 -8.5919933e-001
  4.4039306e+000
  4.1018412e-001
 -2.9103757e+000
 -1.0569117e+000
 -1.6847904e+000
  2.2059258e+000
  1.7739826e-001
 -2.6623499e+000
  2.9633138e+000
  8.6254400e-001
 -3.2882261e+000
  2.8137861e+000
 -1.4339319e+000
  8.8081440e-001
 -1.5126054e+000
  2.4287314e+000
 -3.3242120e+000
  1.3265754e+000
  1.9808300e+000
 -1.4421549e+000
  1.1265554e+000
 -2.5155780e+000
 -1.9030339e+000
 -1.2452116e+000
  1.3884257e+000
  3.8138386e-001
  2.3540025e+000
 -4.4560950e+000
  3.0409642e+000
 -1.8707502e+000
  2.4322923e+000
 -2.5127057e+000
  1.1372343e+000
 -9.6683650e-001
  2.8904636e+000
  7.1585340e-003
  3.5253525e+000
 -2.5252716e+000
  1.4711705e+000
 -1.1404050e+000
  4.1671048e-002
 -7.9044686e-001
  2.7538479e+000
 -1.7981941e+000
 -5.8537337e-001
  3.8887116e+000
 -2.3087868e+000
  1.0941754e+000
 -1.4382847e+000
 -6.8629688e-001
  1.1675537e+000
 -5.3161451e-001
 -7.0891716e-001
  5.0051379e-001
  8.4630154e-001
 -2.8802540e-001
  2.3248961e+000
 -4.5044792e+000
 -9.2185562e-001
  1.4716855e+000
  3.0858832e+000
 -8.2070337e-001
 -1.5830535e+000
 -1.3675457e+000
  1.0820626e+000
  2.2978405e+000
 -5.3465052e-001
 -2.1417648e+000
  5.8362979e-001
  1.5451223e+000
 -2.7459121e+000
  5.9244570e+000
 -5.9308088e+000
  3.1302827e+000
  2.6274928e+000
 -5.1754228e+000
  1.5137947e+000
  9.9265867e-001
 -1.4349865e+000
  1.5262477e-001
  9.7943431e-001
 -6.7880728e-001
  1.8193234e-001
  7.5420609e-001
  1.8089900e+000
 -5.5382130e+000
  3.3676771e+000
 -5.6396942e-001
  7.4211310e-002
  1.0422628e+000
 -4.0385261e-001
 -6.0751566e-001
  1.1236874e+000
  1.0985938e+000
 -2.1291851e+000
 -4.6169519e-001
 -1.3321888e+000
 -5.3445058e-001
  1.0256653e+001
 -7.3175881e+000
  2.0290217e+000
 -7.3671327e-001
 -5.8651354e-001
 -5.2965570e-001
  7.7570375e-002
 -8.5311695e-001
 -3.5690556e-001
  9.4726369e-001
  2.1394729e+000
  1.2762643e-001
  2.9394178e-001
 -1.2916535e+000
 -6.4315484e-001
  7.4004380e-001
  2.1292354e+000
 -3.4185676e+000
 -3.3889508e-001
  2.4176901e+000
 -2.1592852e+000
 -3.7542286e-002
 -2.3598890e-001
  2.2173066e-001
 -2.1149799e-001
  3.7274920e-001
 -6.8591410e-001
  1.6914068e-001
  1.1014847e+000
  6.1226494e+000
 -2.7857789e+000
 -2.0148580e+000
 -7.8598156e-001
 -5.6946716e-001
  1.7204315e+000
  9.9603296e-001
 -2.0006800e+000
  2.3512410e+000
 -2.6064557e+000
 -6.3184550e-001
 -5.6719846e-001
  1.0090813e-001
 -8.0621155e-002
  5.2722089e+000
 -1.1426088e+000
 -2.5392301e+000
  8.0747665e+000
 -7.3496984e+000
  1.5612082e+000
 -8.0912140e-001
