  8.3635324e+000
 -2.1767562e+000
 -1.3398597e+000
 -3.3071438e+000
  6.5497946e+000
 -3.2156977e-001
 -3.2052129e+000
 -2.1357786e-001
 -1.3941772e+000
  2.0338079e+000
  3.7478064e-001
 -4.5406344e+000
  8.8118693e-001
  2.8481255e+000
 -1.8258882e+000
  3.4726846e-001
  1.3505077e+000
  2.7435915e-001
 -1.3643876e+000
  1.0909210e+000
 -2.0850806e+000
  2.4945780e+000
 -2.1114663e+000
  1.6015930e+000
 -1.4932753e+000
  4.1282734e+000
 -6.0000595e+000
  3.1238987e+000
 -1.6074750e+000
  1.9191422e+000
 -6.7879283e-001
 -9.9256081e-001
  4.1739029e-001
  1.0733210e+000
 -4.0897927e-001
 -1.0258167e-001
  1.9765201e+000
 -6.0313251e-001
 -1.6425395e+000
  7.8346544e-001
  5.7411678e-001
  6.0683555e-001
 -1.8890085e+000
  1.1705201e+000
 -1.7261665e-001
 -3.6010904e-001
  8.4487265e-001
 -7.6864666e-001
  1.4563879e+000
 -1.4974565e+000
 -1.0670057e+000
  8.3302347e-001
 -3.2672481e-001
  3.1653351e+000
 -8.3168415e-001
  1.3737238e+000
  7.2826431e-001
 -2.2142769e+000
  8.0941645e-001
  2.6229710e+000
 -2.8911150e+000
  2.0749227e+000
  1.4594943e+000
 -2.9918080e+000
  3.4734597e+000
 -4.5769295e+000
  1.4555050e+000
 -1.2034570e+000
 -1.2343243e+000
  5.3141221e-001
  1.3800004e+000
 -8.6029686e-001
  5.0961363e-001
  1.7749011e+000
 -7.0261493e-001
 -3.5884786e+000
  3.9033352e+000
 -2.5272629e+000
  3.5171609e+000
 -3.2954200e+000
  4.7774913e+000
 -4.3164318e+000
  1.8443229e+000
 -3.2280037e-002
 -5.9835475e-001
  1.4250897e+000
  8.3704971e-001
 -1.4184308e+000
  4.6778234e-001
 -1.7406398e+000
  2.9696198e+000
  8.1142538e-001
 -2.6733996e+000
  3.5554745e+000
 -4.6449164e+000
  6.9601143e-001
  1.1639522e+000
 -1.3166110e+000
 -3.5494105e-001
  2.7507123e+000
 -3.1133735e+000
 -2.1610559e+000
  5.7736888e+000
 -1.8112196e+000
 -2.6745773e+000
 -1.0414500e-001
  4.1870331e+000
 -4.1639670e+000
  1.4232862e-002
  5.4067046e+000
 -4.3456084e+000
 -1.3885873e-002
  2.4980441e+000
  3.5105502e+000
 -5.8147562e+000
  1.8147965e+000
  1.4260877e+000
 -2.5759611e+000
  4.4418734e+000
 -5.5382786e+000
  5.5558574e-001
  6.3055983e-001
  7.4379718e+000
 -3.1909966e+000
 -1.4195343e+000
 -2.3649546e-001
  1.3155293e+000
 -1.2894565e+000
  5.9168418e-001
 -1.6634362e+000
  8.3553207e-001
 -2.4503233e+000
  4.3901642e-001
  1.7788902e+000
 -7.1512952e-001
  3.4780617e+000
 -3.4786158e+000
  2.7647076e+000
 -2.7415786e+000
  1.8679139e+000
 -1.3328164e+000
  1.8337397e+000
  5.1235607e-001
 -1.7598240e-001
  8.9785637e-001
  3.3137488e-001
 -9.2392219e-001
 -2.6212661e+000
  3.5586982e+000
  9.7077309e-001
 -2.6851367e+000
  1.3760067e+000
 -9.7904598e-001
  3.2415001e+000
 -3.0554091e+000
  1.7139820e+000
 -3.5457260e+000
  3.6534677e+000
  4.1019884e+000
 -7.1314724e-001
 -1.1022052e+000
 -5.0823466e+000
  2.3384549e+000
  5.0811815e-001
 -1.1527478e+000
 -3.5182913e+000
 -2.3536943e+000
  1.8865589e+000
 -2.9255345e-001
  3.0659573e+000
 -2.0165787e+000
 -5.7952409e-001
  1.4765704e+000
 -3.2907028e-001
  1.9724108e+000
 -1.9013578e+000
  4.6422883e-001
 -1.0878855e+000
  1.0572229e+000
 -1.5081066e+000
  3.3559961e+000
 -2.9657432e+000
  7.4060753e+000
 -7.9600534e+000
  8.7810557e-001
 -1.1726330e+000
  3.2423685e-001
  1.7196313e+000
 -8.6459592e-002
  7.5785170e+000
 -4.2696657e+000
  1.8083192e+000
 -2.9969911e+000
 -2.2002248e+000
  6.5103043e-001
  2.2069086e+000
 -4.0903024e+000
  6.1605928e+000
 -6.1137576e+000
  3.0447250e-001
 -1.0118693e+000
  4.5723932e-001
 -1.9244563e+000
  1.5803021e+000
  4.3698714e-001
  1.2448227e+000
 -2.5410100e+000
 -1.9197004e+000
  1.8147699e+000
  1.9328621e+000
 -2.1061325e+000
  4.2019380e-001
  6.8528793e-001
  7.1056786e-001
  1.0292127e+000
 -2.8403808e+000
 -5.9841747e-002
  5.7877068e-001
  2.4033479e-001
 -1.2946243e+000
  3.6805435e+000
  1.7519565e+000
 -4.5488619e+000
 -1.2771408e+000
  3.2146988e+000
 -6.2718212e-001
  6.7234349e-002
  1.0843910e+000
  9.5573099e-001
 -3.1580489e+000
  1.9859672e-001
 -3.2763881e-001
 -1.1180727e+000
  1.1826168e+000
 -1.8650920e-001
  1.2980831e+000
 -6.5007990e-001
 -2.2797527e-002
 -1.2369289e+000
  7.2408755e-001
  1.5901816e+000
 -1.5661325e+000
  3.5883827e-001
  2.5815893e-001
 -2.5180221e+000
  3.9468291e+000
 -3.0200716e+000
  1.6773369e-001
  1.0283074e+000
  3.1298769e-002
  9.3489829e-001
 -9.8222797e-001
  3.0668441e+000
 -3.1326206e+000
 -3.1717384e-001
  1.9531662e+000
 -2.8235687e+000
 -2.6786859e+000
  1.1064337e+000
  1.5351617e+000
 -8.4515261e-002
 -1.5845303e-001
  6.4534606e-001
  4.2212956e-001
  1.2396241e-001
  1.0012151e+000
 -1.4282029e+000
  1.4765903e+000
 -3.1115926e+000
  5.5412804e-001
 -1.2241943e-001
  3.4766778e-001
 -1.0258995e+000
  1.6695888e+000
  2.1193682e-001
 -5.9700972e-001
 -1.0149965e+000
 -6.9412019e-002
  2.2894620e+000
 -8.7164066e-001
 -1.9029237e+000
  1.7721019e+000
 -1.0292955e+000
  2.6300020e+000
 -1.8571436e+000
  4.3973859e+000
 -2.0783256e+000
 -9.6445243e-002
  2.5266232e+000
 -6.4232472e+000
  1.0614579e+000
  1.5239452e+000
 -6.2379371e-001
  9.8459591e-001
 -2.1591440e+000
  5.9028426e+000
 -2.8088688e+000
  1.7777704e+000
  8.9742613e-001
 -8.9649980e-002
 -2.1917852e+000
 -1.0473032e+000
  1.7795907e+000
 -1.0934943e+000
 -1.1327945e+000
  3.9896882e+000
 -2.3155096e+000
  1.7453992e+000
  5.9895324e-001
 -4.1121253e+000
 -2.6873120e+000
  1.6980119e+000
 -5.1161081e-001
  1.5822070e+000
 -8.4164373e-001
  1.1581794e-001
 -4.1195836e-001
  8.5977001e-001
 -2.7445203e+000
  5.1698726e+000
 -2.4925409e+000
  2.1090212e+000
  3.3805272e-001
  4.5114535e-001
 -1.9885391e+000
  3.8821453e-001
  1.4179552e-001
 -2.2998818e+000
  3.5293451e+000
  4.5844189e-001
  1.5684750e-001
 -2.8711041e+000
  4.2775551e-001
 -1.9933143e+000
  5.7335474e-002
  1.3993771e-001
  8.5996024e-001
  1.7223275e+000
 -8.4093563e-003
 -2.1044423e-004
  1.5181480e+000
  4.4080578e-001
 -9.0823314e-001
 -1.2623198e+000
  1.7146253e+000
  1.1001048e+000
  3.1553449e-001
 -4.1777993e+000
 -2.0842707e+000
  8.6700493e+000
 -3.2996396e+000
 -8.1277967e-001
  1.4166877e-001
 -7.7388160e-001
 -4.0824413e-001
 -1.5273250e+000
  1.6496726e+000
 -2.9359860e-001
 -1.1040109e-001
 -1.5879460e+000
  1.1127340e+000
  3.2339014e-001
 -4.8986116e-001
 -9.7272818e-001
  3.0251174e+000
 -5.9716786e-001
 -6.1297134e-001
  9.0154126e-001
 -9.8577892e-001
  3.7987911e-001
 -1.1889180e+000
  1.1630694e-001
 -1.3749619e-001
  1.7593599e+000
 -2.1783352e-001
 -1.8712970e+000
  2.3294913e+000
  9.8481025e-001
 -3.0801686e-001
 -2.7403142e+000
  7.5529080e-001
  1.9493712e+000
 -6.1657460e-001
  3.1456563e-001
 -1.0976836e+000
 -1.1581392e+000
  7.6237449e-001
  5.0229923e-001
  3.0176595e+000
 -3.4695260e+000
  1.3388478e+000
  6.7431964e+000
 -6.6692963e+000
  3.2879509e+000
 -3.5591935e+000
  1.3944745e+000
 -2.9189041e+000
 -2.3887805e+000
 -3.2097402e+000
  1.8447466e+000
 -4.0991246e-001
  1.3058269e+000
  9.2281883e-001
  4.2559299e-001
 -1.7823688e+000
  5.7705680e-001
 -1.3459481e+000
 -9.9469899e-001
  4.3760003e+000
  2.7217394e-001
  1.6821809e+000
 -5.2121362e+000
  1.7386052e-002
  2.1468321e+000
  1.1703024e+000
 -1.2991481e+000
 -7.5061938e-001
  2.1408811e-001
  3.5568240e+000
  4.7640502e-001
 -3.6992280e-001
 -2.3266722e+000
 -3.2294273e+000
  1.2602869e+000
  1.4230990e+000
 -1.2954882e-001
  1.3552852e+000
  9.5501112e-001
 -6.8591911e-001
 -1.1583029e+000
  1.8070327e+000
 -1.6783652e+000
  2.6481881e-001
  3.0558109e-002
  1.8107149e+000
 -1.9759253e+000
  5.0435230e+000
 -2.9057546e+000
 -6.2659116e-001
  3.5167489e+000
 -2.2204677e+000
 -3.0716093e+000
  3.3610067e+000
 -3.5853234e+000
 -1.9072828e-001
  2.8743615e+000
  9.9663743e-001
 -2.8077910e+000
  3.6891630e+000
 -1.5689171e+000
 -3.3390951e-002
 -2.1141835e+000
  4.1224289e+000
 -7.5238590e-001
 -2.1023650e+000
  7.0001412e-001
  5.5206851e-002
  3.3608363e-001
  3.6151000e-001
  1.7269318e+000
 -1.4788688e+000
  7.6034155e-001
 -5.8226226e-001
  1.5579029e-001
  1.6254704e+000
 -4.0374086e-001
 -1.0060376e+000
 -8.2596441e-002
 -8.3697531e-001
  3.4236466e+000
 -1.2842098e+000
  1.3565556e+000
 -4.6860839e-001
 -5.3349672e-001
 -6.3033401e-001
  1.8973829e+000
 -9.1403830e-001
  3.2690780e+000
 -3.0399070e+000
  2.7549779e+000
 -1.8554329e+000
  3.0834321e-001
  1.0739010e+000
 -3.3236171e+000
  1.9619381e+000
 -4.1204289e-001
 -1.6520385e+000
  3.6285926e+000
  1.1045082e+000
 -1.5790664e+000
  5.2348187e-002
 -1.1338049e+000
  2.8635310e+000
 -1.3580390e+000
  1.6155198e+000
 -2.5671317e+000
  1.0202861e+000
 -1.5091693e-001
  6.6020761e-001
  3.6479097e+000
 -4.2924544e+000
  7.7924339e-002
  6.3629112e-001
  1.5419168e-001
  4.0963578e+000
 -6.6961059e+000
  2.0349744e+000
  3.7082217e-003
 -3.0750943e+000
  4.4580128e+000
 -2.5712789e+000
  1.3754935e+000
 -6.0838576e-001
  1.2313888e+000
  1.1095819e+000
  1.2146791e+000
 -1.9718000e+000
  1.0369272e+000
  4.1487755e+000
 -5.9505231e+000
  9.6092086e-001
  1.3993038e+000
 -2.8697869e+000
  6.7962094e-001
  1.4008192e+000
 -1.6956970e+000
  1.6071898e+000
  9.3780004e-001
 -3.1310333e+000
  2.8453844e+000
 -1.2860962e+000
 -1.0066471e+000
  7.9694589e+000
 -3.1239146e+000
  5.1664737e-001
 -7.1926090e-001
 -1.9672253e+000
  2.0890793e-001
 -1.1990671e-001
 -2.5150114e-001
  1.3097113e+000
 -7.4715613e-002
 -6.6405049e-001
 -8.1265196e-001
  1.4111208e+000
 -1.9760441e+000
  4.1539210e+000
 -2.8077449e+000
  2.4225744e+000
 -7.7484678e-001
 -7.9247382e-001
 -2.7999065e-003
  1.5115995e+000
 -1.1526047e+000
  9.8975405e-001
 -2.2084745e+000
  3.1452954e+000
 -2.2868875e+000
  3.1914358e-001
  1.5124821e+000
 -1.0703721e+000
  1.8975447e-001
 -6.7978798e-001
 -3.5104260e+000
  6.1158858e+000
 -2.6563723e+000
 -6.5764299e-001
 -2.4082319e-001
 -3.6286905e-001
  1.7572387e+000
 -7.2179029e-001
  2.0225558e+000
 -5.5240071e-002
  6.3115223e+000
 -5.4225567e+000
  2.0280116e+000
 -2.0269565e+000
 -2.1004416e-001
  1.7251032e+000
  9.6012523e+000
 -8.0503684e+000
  1.6835679e+000
 -3.7379103e+000
 -1.8837212e+000
  2.3449358e+000
 -5.6909552e-001
  1.1113647e+000
  3.3954799e-003
 -2.5058293e+000
  1.2781850e+000
 -1.8189559e+000
  1.1527737e+000
 -9.5765035e-001
  2.7687737e+000
 -6.8861440e-001
  1.6561407e+000
  3.5551886e+000
 -1.3398915e+000
 -1.9344088e+000
 -1.7955029e+000
  2.5913398e+000
 -2.5578831e+000
  2.8385788e+000
 -2.0063297e+000
  2.3116002e+000
 -2.2087892e+000
  1.4036564e+000
  1.2288018e+000
  3.3905676e+000
 -7.0169645e+000
  3.2348616e+000
 -1.8051564e+000
 -5.1234424e-001
  3.7157342e+000
 -5.5908210e-001
 -2.8610353e-001
 -1.2789940e+000
  1.5412377e+000
 -1.7067492e+000
  1.0321443e+000
 -1.1316948e-001
  3.0530205e-001
 -2.0758645e+000
  7.8564903e-001
 -3.7302190e-001
  2.9985566e+000
 -4.1998549e+000
  3.9307355e+000
 -6.9614350e-001
 -6.2555872e-001
  2.0774157e+000
 -3.5049040e+000
 -1.8922911e+000
  6.6874438e+000
 -2.7808084e+000
 -7.8463282e-001
  4.0563200e-001
 -2.2671203e+000
 -1.8482773e-001
  2.4886928e+000
 -4.2125986e-001
  9.0453417e-001
  5.3717000e-001
 -2.7549329e+000
  9.8906300e-001
 -5.5632339e-001
  8.0675002e-001
  4.1120951e-001
 -2.0105888e+000
 -6.0000200e-001
  1.5126469e+000
  8.6359809e-001
  2.1705624e+000
 -2.6499844e+000
  2.4744184e+000
  1.0398176e+000
 -2.7617501e-001
 -1.6853284e+000
  5.9053830e-001
 -3.1885581e-002
  3.1023517e+000
 -2.8266770e+000
  1.6650695e+000
  3.6067689e+000
 -8.5373686e-001
  3.2763861e+000
 -3.8231840e+000
 -3.1756356e+000
 -1.8134211e+000
  3.3750865e+000
  7.1185819e+000
 -2.9595743e+000
 -4.6662336e+000
 -5.8534339e-001
  4.8778385e-001
 -2.8578908e-001
  6.6420748e-002
  4.5753797e-001
 -1.3773407e+000
  9.8516967e-001
  1.5146233e+000
  4.2619846e+000
  2.1664085e+000
 -1.0305290e+000
  7.5149434e-001
  4.2233612e-001
  1.1178638e-001
  4.4654757e-001
  2.7071412e+000
 -2.6418344e+000
  1.4917129e+000
  6.9760377e-001
 -2.1528641e+000
  1.0711024e+001
 -5.8925383e+000
 -1.6113214e+000
 -2.4994210e+000
  1.2924071e+000
  2.9819078e+000
 -1.0308927e+000
  2.0926844e-001
  1.9448818e+000
 -2.8998502e+000
 -1.0782608e+000
  3.0547457e+000
 -2.9734212e-001
 -4.5053304e-001
 -9.1906689e-001
  1.2086559e+000
 -5.7688123e-001
 -1.4349928e+000
  1.5406911e+000
 -8.9770675e-001
  2.9565056e-001
  3.5500263e+000
 -2.2969329e+000
 -1.3150054e+000
  5.0006747e+000
 -2.0885217e+000
 -6.2024049e-001
 -5.9171401e-001
  1.8961083e+000
 -4.4001255e+000
  2.4951750e+000
  9.9677594e-001
 -2.1524524e+000
 -1.4381881e-001
 -1.3020552e-001
  1.3700483e+000
 -1.9302469e+000
  6.3706395e+000
  4.0056425e-001
 -4.0428066e-001
 -5.3345025e-001
 -5.6606445e+000
 -5.1290973e+000
  3.0045492e+000
  2.0962576e-001
 -2.3017960e+000
  1.8630698e+000
  3.8695856e+000
  1.5029131e+000
 -1.3675665e+000
  9.1368636e+000
 -6.2894612e+000
  2.7669755e-001
  7.2135117e-001
 -1.5961392e+000
 -8.0238330e-001
  1.1427610e+000
  1.4624723e+000
 -9.3015928e-001
 -9.4530019e-002
 -1.4839372e+000
