  7.6880158e+000
 -8.3856327e-001
 -3.8540394e+000
  2.6522598e+000
 -2.6131384e+000
  1.9256048e+000
 -2.6002237e+000
  7.7522390e-001
  1.2615520e+000
  1.3710519e-001
  1.4872580e+000
 -2.2679367e+000
 -1.8131954e+000
  2.3945202e+000
  1.1003568e-001
 -1.3580398e+000
 -1.6126004e+000
  8.5702091e-001
 -1.7793166e+000
  3.7974465e+000
 -6.3247190e-001
  7.1212880e-002
 -5.4436656e-001
  1.3038303e+000
 -1.4030524e+000
  4.7317739e-001
 -5.1949870e-001
  3.5051727e+000
 -2.8264234e+000
 -2.1395777e-001
  2.6405939e+000
 -1.6694130e+000
 -2.3624776e+000
  6.9876918e-001
  6.4493012e-001
  3.4235401e-001
  1.6439505e+000
 -1.7536556e+000
 -4.7956170e-001
 -1.6272116e-001
  2.5796451e+000
  2.3254282e+000
 -3.2638103e+000
  1.3566344e+000
 -1.5458027e+000
 -1.0528354e+000
  3.6903035e+000
 -2.0913636e+000
 -3.8035439e+000
  2.6877693e+000
 -1.4563215e+000
  2.4343956e+000
 -5.3234611e-001
 -4.8212428e-001
  1.8348581e+000
  4.6723654e+000
 -6.7954934e+000
  6.5594405e-001
 -1.3697566e+000
  2.1311921e+000
 -5.7662998e-001
  7.6008186e-001
 -1.4944671e+000
 -3.2222484e-001
  1.8320808e+000
  2.2927133e-001
 -8.8973184e-001
  1.9437642e+000
 -8.3635608e-001
 -4.3220317e+000
  1.3230117e+000
  8.1205853e-001
  1.5419954e+000
 -2.0781107e+000
  2.1710714e+000
 -3.7743005e+000
  1.6032367e+000
  3.4749465e+000
  1.0217061e+000
  7.3615782e+000
 -1.8280632e-001
 -5.4946516e+000
 -6.2579324e-001
  1.1031639e+000
  6.4902537e-002
  2.3350798e+000
  3.2531857e-001
  2.0870649e-001
  1.7786656e+000
 -2.1684674e+000
  1.3393776e-001
 -2.4942230e+000
  6.2323763e+000
 -6.8332604e+000
 -1.6786036e+000
  1.4100409e+000
  1.1738902e+000
  3.2267224e-001
 -1.9111786e+000
  4.0645431e+000
 -2.3764781e+000
  4.0251981e-001
  1.7591316e+000
 -1.0108600e+000
 -5.4627246e-001
 -3.5568214e-001
 -1.5520493e+000
  1.4205511e+000
  1.6128755e-001
 -2.5330242e+000
  3.3175242e+000
 -1.4521127e+000
  1.0572120e-001
  4.3349235e+000
 -4.1969057e+000
  4.3367243e-001
 -1.8696539e+000
  2.4978944e+000
 -4.2018543e-001
 -3.5519846e-001
 -5.9899029e-002
 -2.2631153e-001
  3.3577796e+000
  4.7260439e+000
 -2.8971164e+000
  2.7648237e+000
 -1.3769606e-001
  9.8058335e-001
 -7.7925021e-002
  3.1747624e+000
 -2.7734348e+000
 -5.2852598e-001
 -5.4189433e-001
 -8.0887049e-001
 -2.0658688e+000
  6.3810439e+000
 -5.0015811e+000
  1.0174804e+000
  9.1033645e-002
 -1.7202246e+000
  1.4746907e+000
 -4.6091083e-001
 -3.3068772e-001
  2.8861696e+000
 -2.9779769e+000
  3.0185251e+000
 -1.5291121e+000
 -1.3081495e+000
  1.7734601e-001
  1.9579648e+000
  6.2111506e-001
 -2.8666602e-001
 -3.3016211e+000
  1.8129772e+000
 -7.8472625e-001
  4.2350019e+000
 -2.7075371e+000
 -1.9880766e+000
  2.9951281e+000
 -1.0202666e+000
 -2.5060097e+000
  6.0172752e+000
 -2.6596264e+000
 -4.3183796e-001
 -3.8774411e+000
  1.5820716e+000
  2.0681740e+000
  1.2255519e+000
 -2.1476820e+000
  1.8153407e+000
 -3.4904408e+000
 -3.5693511e-001
  5.0695759e-001
 -1.9753390e+000
  3.2355012e+000
  5.2427724e+000
  1.9250318e-001
 -3.5681415e-001
 -7.8008940e-001
  5.2538040e-002
 -4.7556908e-002
 -2.2000759e+000
  2.4362152e-002
  8.2130371e-001
  1.3056071e+000
 -1.3728226e+000
 -5.7078667e-001
  3.2309693e+000
 -2.7312967e+000
  6.2685457e-001
 -1.8358509e+000
 -1.1834098e-001
  6.7047059e-001
 -3.0875233e-001
  4.1579575e-001
  2.2893365e+000
  2.2848638e+000
 -3.8237575e+000
 -6.2328220e-001
  1.0519391e+000
 -3.1006434e-001
  2.3550534e-001
  4.1502292e+000
 -5.0325687e+000
 -4.6593707e-001
  2.5250016e-001
  4.0816207e-001
  4.6844442e-001
 -4.0308826e-001
  6.5196814e-001
 -2.0435094e+000
  2.6141602e-001
  2.2778617e+000
 -1.5123397e+000
  1.8550461e+000
  3.1909704e+000
 -2.2395710e+000
 -1.8475759e+000
 -1.4584760e+000
  5.3823534e-001
  7.9216556e+000
 -4.1095601e+000
 -2.4790490e+000
 -1.9716696e+000
  6.4253072e-001
  1.4385057e+000
  8.4769859e-001
 -1.4578451e+000
  0.0000000e+000
 -1.4554471e+000
  7.2525704e-001
  3.0517779e+000
 -3.9266557e+000
 -1.0088302e+000
  5.2217550e-001
 -1.6080059e+000
  2.3961860e+000
 -1.1506637e+000
  5.2570197e+000
 -3.1440833e+000
  1.0349490e+000
 -2.8272313e+000
  4.5769839e+000
 -1.2915567e+000
  1.9050222e+000
  6.8522635e-001
 -4.0865518e+000
  4.3866558e+000
 -3.6094064e+000
 -6.3559968e-001
  2.8256499e+000
 -1.2972250e+000
 -2.2766468e-001
  9.3219950e-002
 -9.7393184e-001
  5.0518976e-001
  5.3979939e-002
  4.8827947e-001
 -8.4312090e-001
  3.5654115e+000
 -1.1059793e+000
 -4.5970076e-001
 -2.0444623e+000
  1.3321900e+000
  1.3772962e+000
 -6.9936596e-001
 -9.2182341e-001
  2.9791168e+000
 -1.9646789e+000
 -3.5394299e-001
  4.1768475e-001
 -1.3645248e+000
  1.2066845e+000
 -5.4370000e-001
 -1.4202012e+000
  3.3733752e+000
  3.7357365e-001
 -2.6733172e+000
  1.1438294e+000
 -1.0452936e+000
 -2.3220406e+000
  6.0461643e-001
  6.4538357e-001
  1.2595127e-001
  2.0983250e+000
 -1.1928057e+000
 -4.9171159e-001
  2.3241167e-001
 -1.3644519e+000
  6.0158275e+000
 -3.9332812e+000
  5.7904449e-001
 -1.7904509e+000
  1.3979255e+000
 -1.5043114e+000
 -3.4235801e-001
  1.7795578e+000
  5.0229177e+000
 -3.1528015e+000
 -4.2714968e+000
  3.9529209e+000
 -5.0694239e-001
 -1.7034480e+000
  2.9375970e-001
 -2.2555552e+000
  1.8050366e-001
  8.9435098e-001
  1.7319936e+000
  1.2473988e+000
 -1.9369234e+000
 -7.9695738e-001
 -6.9670994e-002
  3.2507589e+000
 -1.9675345e+000
 -6.5451549e-001
  2.1049789e+000
 -3.0480475e+000
 -2.7322369e-001
  1.3714119e-001
 -1.1456281e+000
  5.3124935e+000
 -6.1897781e+000
 -1.3048829e+000
  3.2296670e+000
 -3.2638842e+000
  2.3354580e+000
 -3.5277658e+000
  8.5897324e-001
 -2.2697192e+000
  9.2654215e-001
  2.6289670e+000
 -3.5013429e+000
  3.8029496e-001
  1.0858066e+000
  2.6906030e+000
 -3.8014254e+000
  2.8465113e+000
 -1.0913898e+000
  7.8640199e-001
 -6.6512274e-001
  1.0874490e+000
  3.6799868e+000
 -4.5115636e+000
  2.2577058e+000
 -2.3410763e+000
  9.7130070e+000
 -9.5888029e+000
  9.2264249e-001
 -9.5190466e-001
  9.9379146e-001
  3.0973929e+000
 -3.7680114e+000
  4.1730077e+000
  3.5604737e+000
  3.7150641e+000
 -5.9632316e+000
 -3.0692304e+000
  5.2146289e-001
  2.3350850e+000
 -1.6790920e+000
  1.2540871e+000
 -1.5876053e+000
  1.3158572e+000
  1.5979832e+000
 -1.7419150e+000
 -5.8679729e-002
 -5.5060214e-002
  1.8442741e+000
 -1.4979150e+000
 -1.2222134e+000
  2.1393467e+000
  2.1801109e+000
 -2.9310881e+000
 -4.2138110e-001
  1.7647606e+000
 -1.6009733e+000
  5.6353053e-001
 -7.2431405e-001
 -8.5062595e-001
  4.6320668e-001
  1.0974242e+000
  1.1733540e+000
  4.5496773e-001
 -4.1068333e-001
  3.3379097e-002
 -6.4627117e-001
 -2.5709657e-001
 -1.5902208e+000
 -1.4288018e+000
  1.9809697e+000
  2.3492936e+000
 -1.5159442e+000
 -1.1830657e+000
 -1.0850737e+000
  7.0785505e+000
 -5.1134186e+000
 -2.4918531e+000
  4.0322696e+000
 -1.6009497e+000
 -1.1670789e+000
  1.5285589e+000
  4.9733772e-001
 -3.5305931e+000
  4.5915450e+000
 -1.6541838e+000
  3.4915073e+000
 -2.0008629e+000
  7.0706821e+000
 -5.4293512e+000
 -6.4744596e-001
  3.4270968e+000
 -2.5132898e+000
  1.1824705e+000
 -2.8754082e+000
  9.7701713e-001
  2.5534080e+000
  3.9518724e+000
 -7.8610361e+000
  4.0053717e+000
 -4.4356333e-001
 -3.0848667e+000
  6.6815743e+000
 -5.3890458e+000
  1.1799646e+000
 -1.5873655e+000
  3.5994737e+000
 -2.6446429e+000
  1.7667689e+000
 -6.4702744e-001
  1.6287083e+000
 -2.4641115e+000
  1.2108548e+000
  8.0622132e-001
 -9.7575770e-001
  3.3001880e-001
 -2.4166029e-001
 -1.4604199e+000
  1.4418060e+000
  3.8107707e+000
 -4.0487765e+000
  1.4095050e+000
 -8.1313854e-002
 -8.2358530e-001
  4.5690965e-001
 -2.0211310e+000
  9.2488900e-001
 -9.6399930e-001
  2.4858374e+000
 -4.5219974e-001
  1.5056904e+000
  6.4856616e-002
 -1.8960861e+000
 -4.0881049e-001
  3.1526395e+000
 -1.7335451e+000
 -1.3148003e+000
  2.9091599e+000
 -4.9244255e-002
 -4.4243522e+000
  5.3967388e-001
 -3.8800920e-001
  2.8585346e+000
 -3.5015452e-001
  6.2546243e-001
 -3.9879307e+000
 -3.4689453e+000
  2.2178524e+000
 -3.3202346e+000
  2.6155794e+000
 -1.6445205e-001
  6.9274850e-001
  2.4988375e-001
 -1.6599361e+000
  1.9785385e-001
 -5.7055757e-001
 -2.9640934e-002
  1.1729552e+000
 -1.5936473e+000
  1.7768586e+000
 -5.4560961e-001
  1.3203147e+000
 -7.4453898e-001
 -1.4223175e+000
  6.4495011e-001
  2.5574580e-001
 -1.3837843e+000
  1.3266920e+000
  1.7152013e-001
 -1.0420100e+000
  2.2645861e+000
 -4.8253381e-001
 -4.9477755e-001
 -2.7884125e-001
 -1.6055254e+000
  1.3826879e-001
  2.1685208e+000
 -1.1274735e+000
  3.7409374e+000
 -3.2115931e+000
  4.4139625e+000
 -5.1258596e+000
 -6.5890769e-001
  7.0544600e-001
 -3.7495565e-001
 -3.7730837e-001
  1.3775699e+000
  4.6952161e-001
 -1.7755703e+000
 -8.7719980e-001
  2.0065508e+000
  8.2428959e-001
 -3.1271350e+000
 -6.1786586e-001
  1.9496566e+000
  1.3505207e+000
  6.0811695e-001
 -1.1806107e+000
 -1.7341595e+000
  9.5476583e-001
 -4.3976739e+000
  1.1646370e+000
  5.7668816e-001
 -3.7008982e-001
  2.3181960e+000
 -1.8789893e+000
  3.8630781e-001
  1.5587300e+000
 -1.4409011e+000
  5.0909600e-001
 -1.0371171e-001
 -1.8573032e+000
  9.8876052e-001
  2.5437557e+000
  4.1509736e-001
 -3.7376449e+000
  7.5757176e-002
  3.1522221e+000
  8.8621934e+000
 -6.9340337e+000
 -3.3954399e-001
 -5.9907040e-001
  2.0465377e+000
  2.8564462e+000
 -6.0393767e-001
 -2.1076954e+000
  1.2498717e+000
 -8.6464900e-001
  4.5040958e-001
  3.1676261e-001
 -7.1481118e-001
  6.4571955e-001
 -1.4007359e-001
 -1.2443710e+000
 -7.9605710e-001
  8.0050219e-001
  6.6274792e-002
  2.6189228e-001
  2.1973033e-001
 -2.3462792e+000
  2.6307940e+000
 -6.1222738e-001
 -1.1333711e+000
  1.4955429e+000
  1.4116470e+000
 -1.8512507e+000
  1.1172223e+000
  2.4074642e+000
 -3.0243187e+000
 -1.0855152e+000
  6.5725511e-001
  3.0847525e+000
 -6.6102828e-001
 -1.0461198e+000
  6.0743999e-001
 -2.2133391e+000
  8.9895091e-003
 -1.4029659e+000
  4.6935038e+000
 -2.1558210e-001
  1.5529217e+000
 -4.9736671e+000
  2.8312044e+000
 -3.1851780e+000
  2.3347661e+000
 -4.9568168e-001
 -1.9549829e-002
 -1.6330284e+000
  1.6107310e+000
 -6.8952125e-001
 -5.8737584e-001
  6.7235234e-001
 -1.8374680e+000
  2.5366049e-001
 -7.9280113e-002
  9.6011690e-001
 -6.8917416e-001
  3.8290652e+000
 -2.2382019e+000
 -1.4395956e+000
  3.8045742e+000
 -1.6237976e+000
 -1.9253246e+000
 -3.0859568e-001
  2.1359725e+000
 -1.0052055e+000
  3.2136078e-002
 -1.4438016e+000
  2.3120977e+000
  6.4504292e-001
 -1.6836564e+000
  1.2666601e+000
 -2.4760702e+000
 -3.9372031e+000
  3.2912717e+000
 -1.9588916e+000
  9.3692462e-001
 -1.9458175e+000
  3.8109986e+000
 -2.9993406e+000
 -1.2018766e+000
  4.0175482e+000
 -2.1450120e+000
  7.3834403e-001
 -2.2933004e+000
 -1.6987807e-001
  8.2260156e-001
  3.2690468e+000
 -1.6297237e+000
 -2.0320486e+000
  1.9192582e+000
 -1.3646693e+000
  3.1756586e+000
 -1.2480395e-001
 -3.2062084e+000
  2.3539818e+000
  9.5884325e-001
  4.1329381e+000
 -4.6745310e+000
 -1.9005656e-002
 -2.1079637e+000
 -5.6959993e-001
  3.4117970e-001
  1.8880712e+000
 -1.2539039e+000
  1.4946459e+000
 -3.7276555e+000
  3.1602969e+000
 -1.1922775e+000
 -8.0139542e-001
  4.3439686e-001
 -5.9161378e-001
 -7.9906456e-001
  1.2535695e+000
 -2.8091241e-001
 -1.0093371e+000
  3.9345808e+000
 -2.6661092e-001
 -3.1126407e+000
 -1.4543074e+000
  2.4999192e-001
  1.9466304e+000
  3.0736471e+000
 -3.5702418e+000
 -8.4021229e-001
  1.6156376e+000
 -1.9078390e-001
  8.6739441e-002
 -1.9447578e+000
  2.9519920e+000
  2.1113637e+000
 -2.6159568e-001
  1.1925294e-001
 -2.5653420e+000
  3.1292375e+000
 -3.0443715e+000
 -1.0569667e+000
  1.9256358e+000
 -2.5486629e+000
  3.6313007e+000
 -1.8620112e+000
 -1.7000263e-001
  1.3655654e+000
 -1.1912620e+000
  1.0953334e+000
 -2.9683986e-001
 -1.7169405e+000
  1.0291539e+000
 -3.3892354e-001
  1.6257677e+000
  4.6864052e-001
  2.7033451e+000
 -6.1451590e-001
  2.8226273e+000
 -1.8654145e+000
 -2.4358378e+000
  4.5559039e+000
 -1.6640934e+000
 -9.4133278e-001
 -1.9504777e+000
  7.9177086e-001
  3.3563916e-001
 -2.1034031e-001
 -1.0524597e-001
  1.7274805e-001
  3.5512566e+000
 -1.1530995e+000
 -3.0727472e+000
 -2.2904098e-001
  1.3003166e+000
  9.5419574e-001
  5.4458304e-001
 -5.3657832e-001
 -2.0164257e+000
 -1.1396625e-001
  2.5511659e+000
 -1.9904500e+000
  1.9708091e+000
  8.4965858e-002
 -1.0279274e+000
 -1.0623264e+000
  1.6019917e+000
 -2.2332345e+000
  4.4665734e+000
  6.6104670e-001
 -3.0195794e+000
  1.5423447e+000
  8.0115466e-001
 -7.8002235e-001
 -4.0578773e+000
  1.5781237e+000
  1.2102109e+000
  3.3678329e-002
 -1.1514889e+000
 -1.6426787e-002
 -1.2414402e+000
  1.6684223e+000
 -2.8437514e-001
 -2.0892634e-001
  7.4114723e-001
 -9.8798795e-002
 -1.1092450e+000
  8.0841168e-001
 -1.1018451e+000
 -7.9148004e-003
  7.9964786e-001
 -1.0017111e+000
  7.7852666e-001
  1.3052944e+000
 -1.1331758e+000
 -6.6657814e-002
  7.4271203e-001
 -1.1852478e+000
 -5.1349503e-001
  8.4195542e-002
  1.6653648e+000
 -1.5965140e+000
 -1.1028868e+000
  2.7326413e+000
 -1.1763730e-001
  1.8817272e-001
 -2.4179234e-001
 -1.4713721e+000
  1.0445301e+000
  2.1411060e-001
  6.7141245e-001
 -1.7306646e+000
  7.2528723e+000
 -2.4511018e+000
 -3.8366798e+000
 -1.8246688e-001
  4.4774618e+000
 -1.8791839e+000
 -3.6690103e-001
  1.8172104e+000
 -1.4191726e+000
  1.4774797e+000
 -3.8087303e+000
  2.2026391e+000
 -4.6553781e-001
 -1.0017111e+000
 -5.6617816e-001
  2.0072989e+000
  2.6561613e+000
  2.4830271e-002
 -3.1237380e+000
  2.1494978e+000
 -1.3938271e+000
  6.2268827e-001
  1.4609440e+000
 -3.7678760e+000
  1.4222483e+000
 -8.0373176e-001
  2.1928437e+000
  4.0623916e-001
 -8.9832330e-001
 -2.1033463e+000
  2.5853138e-001
  4.4057787e+000
 -6.1749653e-001
 -1.1183660e+000
  1.5000848e+000
 -3.0975083e+000
  1.1260322e+000
 -1.5450327e-001
  1.6902366e+000
  1.1785198e-001
 -2.3690514e+000
  7.5480957e-001
 -1.6283081e+000
  1.8210829e+000
 -1.1879588e+000
 -2.9027718e+000
 -1.7273965e+000
  5.9262124e-001
 -1.0659332e+000
  3.7042738e+000
 -1.8484837e+000
  3.5238854e-001
 -3.5485050e+000
  2.2835941e+000
  5.7422867e-001
 -1.4744024e+000
  2.7756489e-001
  1.1787171e+000
 -2.0854012e+000
 -6.5260883e-002
  4.4352289e+000
 -5.4575972e-001
  2.0463535e+000
 -2.2763225e+000
 -2.4298358e+000
  2.3307543e+000
 -1.4331069e+000
 -2.0536999e+000
  7.5033386e-001
  1.2364934e+000
  3.1204328e+000
  1.5676271e+000
 -2.9770471e+000
 -1.5922399e+000
 -1.1821997e-001
 -8.6838350e-002
 -1.0416766e+000
  4.4240242e-001
 -1.3163121e+000
  1.1525657e+000
 -5.3401270e-001
  1.0573523e+001
 -5.1648390e+000
 -3.7210400e+000
  6.6167264e-001
 -1.0094994e+000
  3.2147573e+000
 -3.1356759e+000
  2.1686475e+000
 -1.2941103e+000
  1.2574906e+000
 -1.5106041e+000
  1.6912340e+000
  6.4460776e-001
 -2.2071667e+000
 -1.1739875e+000
  8.5445219e-001
 -1.5455247e-001
 -1.0959987e+000
  2.7386177e+000
 -1.0924797e+000
  3.4244218e+000
 -4.2199015e+000
  2.3785100e+000
  8.9761734e-001
 -2.3360148e+000
  1.0433404e+000
 -1.1757832e+000
  4.7239698e+000
 -8.5792359e-001
 -3.6288395e+000
 -1.9015244e+000
 -5.1599384e-001
  1.8469073e+000
  1.3183649e-001
  1.4628489e+000
 -1.9265588e+000
 -6.6153012e-001
 -1.1611484e+000
 -7.3274326e-001
  4.2118900e+000
 -2.8357121e-001
  1.3175672e+000
  4.1998440e+000
 -8.5519466e+000
  1.0343206e+001
 -6.8042730e+000
 -1.6710031e+000
  5.1018077e-001
  1.4560759e+000
 -1.5176139e+000
  1.7355316e+000
  1.4639582e+000
 -5.3141673e+000
  4.7770529e+000
 -3.7063127e+000
  1.2119182e+000
 -3.5111614e+000
  6.0093414e+000
 -3.7563958e+000
 -2.1282829e+000
  5.5955859e+000
 -2.0618834e+000
 -2.0616217e+000
  2.3677529e+000
 -1.1104873e+000
  2.5606401e+000
 -4.0043658e+000
  1.1298664e+001
 -6.5542987e+000
 -4.9827375e-001
  2.2672832e-001
 -2.7837389e+000
  4.2250821e+000
 -2.3206826e+000
  3.2878755e-001
  1.5869807e+000
 -2.2253493e+000
  1.2064565e+000
  4.4989939e-001
 -5.3094850e-001
 -1.4393055e+000
  2.8937441e+000
 -2.0403284e+000
 -2.8834217e+000
  6.2001000e-001
  9.6161712e-001
  1.9020455e+000
 -2.1448569e+000
  1.0317994e+000
 -1.3751544e+000
  8.8356897e-001
  2.8399663e+000
 -3.0864213e+000
  1.4549482e+000
  2.6631563e-001
  6.2978479e-001
 -9.9540580e-001
  7.6451795e-001
  3.4680329e-001
 -9.3246861e-001
 -4.9286489e-001
  1.4857403e-002
  1.0718485e+000
 -1.1923860e+000
 -7.8123214e-001
  1.5089033e+000
  1.6591310e+000
 -3.0364160e+000
  1.2181637e+000
  1.1882685e-001
 -1.9329323e+000
  1.2512919e+000
  7.5502883e-004
 -6.2070746e-001
  2.1940647e-002
  3.0903071e+000
  5.3908599e+000
 -3.2601374e+000
  6.3767687e-001
  1.0572003e+000
 -8.6315868e-001
 -9.4091605e-001
  6.5019467e-001
  9.1205678e-001
  6.1515842e-001
 -2.3177207e+000
  3.9039440e-001
  6.4536041e-001
 -3.9566811e-002
  5.1398907e-001
 -5.6459953e-002
 -1.6040467e+000
  1.4281447e+000
 -2.2290284e+000
  1.8560483e+000
  3.3588461e+000
 -5.9762686e+000
  1.1161520e+000
  1.1849157e+000
  4.6336159e-001
 -1.2444732e+000
 -1.6312229e+000
  1.7154088e+000
  1.0132775e+000
 -1.5260223e+000
 -5.5428605e-001
  3.1534564e+000
 -2.5442979e+000
 -5.2560267e-001
  1.3358237e+000
 -1.5941399e+000
  2.9785782e+000
 -2.5420883e+000
 -8.7204507e-001
  3.6617480e+000
 -2.3428122e+000
  1.5079658e-001
  6.2182052e-001
 -3.0497720e-001
 -2.6881524e-002
  8.8758359e-001
 -1.4433290e+000
 -3.3320335e-001
  2.2681697e-001
  6.0823596e-001
 -6.9888120e-002
  1.1310739e+000
 -4.4411975e-001
 -2.2932985e+000
  2.1263904e+000
 -1.8466166e+000
  3.5775457e-001
  1.4469391e+000
 -2.0613189e-003
  1.2690318e+000
  9.2882700e+000
 -6.0797365e+000
 -1.6546326e+000
  1.0970188e+000
  5.6364457e-001
  1.7653055e+000
 -5.0875531e+000
  2.6109672e+000
  2.0276757e+000
  1.3899702e+000
 -1.9341623e+000
 -5.9856839e-001
 -5.4429946e-001
  5.3403770e-001
  5.2803754e-001
  8.2179953e-001
  2.3028165e+000
 -4.6217878e+000
 -3.2835843e-001
 -2.4128836e+000
  6.4335831e+000
 -4.8079849e+000
  1.5345327e+001
 -1.1788854e+001
 -9.8074007e-001
 -5.2946802e-001
  1.4141116e+000
  4.7240782e+000
 -2.4378286e+000
 -3.3343665e+000
  2.9717343e+000
 -7.8568886e-001
 -1.5275904e+000
 -3.7088010e-001
  1.2467330e+000
 -1.1286782e+000
 -7.1510467e-001
  6.8190629e-001
  1.1153091e+000
  1.1888204e+000
 -1.9608184e+000
  1.4683227e+000
 -4.9395732e-001
 -1.0944767e+000
  1.1411137e-001
 -5.0314755e-001
  5.0088974e-001
  1.2359085e+000
 -3.4256607e+000
  6.3401108e-001
  1.9253139e+000
  6.3487597e-001
  3.2655723e-002
  1.6016262e+000
 -2.8116794e+000
  8.7739729e-002
  1.9447779e+000
  9.1903497e-001
 -8.2838774e-001
 -7.5512109e-001
 -1.6619010e+000
  5.1471464e-001
  7.6065436e+000
 -7.5545371e+000
  4.2360967e-001
  3.6088219e+000
  2.0307384e+000
 -4.6503405e+000
  3.8041109e+000
 -6.6298070e+000
 -6.1901766e-001
  2.3008828e+000
  1.9098433e+000
 -8.1276470e-001
 -2.8479980e+000
  2.2474358e+000
  2.6701251e+000
 -1.9930673e+000
 -3.3154047e+000
  1.4540410e+000
  1.9184028e+000
  1.9673284e-001
 -8.7828413e-001
 -1.7777749e+000
  4.8042472e-001
  1.0255694e+000
 -2.8469920e+000
  1.3694859e+000
  2.2304849e+000
  6.0097634e-002
 -1.5465353e+000
 -1.0781214e+000
  1.3766766e-014
  2.0721739e+000
  1.5078317e-001
 -1.3405210e+000
 -1.1641891e-001
 -2.1636448e-001
  1.7402020e-001
  2.9685659e-001
 -4.3011686e-001
  1.0832860e+000
 -3.0609635e+000
 -8.3698979e-001
 -9.2166836e-001
  1.9545278e+000
 -6.9990134e+000
  1.1759376e+001
 -1.2146481e+001
  1.0249139e+001
 -5.3913098e+000
 -1.3423487e+000
  7.9835815e-001
 -1.3881424e+000
  6.5332638e-001
  3.8234439e+000
 -3.6994254e+000
  1.7792027e+000
  1.6031704e-001
 -3.0067300e+000
  4.2091791e-001
  1.7248948e+000
  6.4514218e-001
 -1.3652466e+000
  1.2817407e-001
  2.6273455e-001
  7.8446558e+000
 -3.4252328e+000
  1.9194964e+000
 -3.4267210e+000
 -3.6840309e-001
  1.4853493e+000
  8.7683245e-001
 -3.6992219e-001
 -4.0920452e-001
