  6.6402009e+000
  1.9024261e+000
 -4.2131444e+000
  1.6189122e+000
 -1.7386802e+000
 -1.2810461e+000
  1.6834660e+000
 -3.5965558e+000
  2.6946364e+000
 -1.1910681e+000
  4.4509686e+000
 -2.9351578e+000
  9.7136301e-002
  3.9766201e+000
 -5.8233908e+000
  1.2068436e-001
  5.4071926e+000
 -1.4061262e+000
 -4.0917341e+000
  5.7092367e-001
  2.0161806e+000
  5.8182180e+000
 -9.3545046e+000
  2.7038422e+000
  7.7432571e-001
 -4.7862989e-001
  7.8088077e-001
  1.6584189e+000
 -1.4632355e+000
 -7.4345121e-001
  8.9479756e+000
 -5.6405903e+000
 -5.7353070e+000
  4.0831213e-001
  2.3596667e+000
  9.5395803e-001
  9.0985515e-001
 -4.4228917e+000
  3.3855475e+000
  2.8514870e+000
 -6.3924975e+000
  5.3933629e+000
 -1.2518236e+000
 -1.8925511e+000
 -2.0523358e-001
 -5.5179317e-002
  3.8309835e-002
 -7.3089656e-001
  8.1175286e-001
 -1.3572573e+000
  1.5953714e+000
  1.6311055e+000
 -1.1320648e-001
 -3.8499903e+000
  1.3559719e+000
 -8.4157959e-001
  6.0279250e-001
  3.0156328e+000
 -2.5893370e+000
  1.6088732e+000
 -3.2111940e+000
  1.7451753e+000
  1.2631454e+000
 -7.5322201e-001
  6.2954914e+000
 -2.3978903e+000
  3.5012434e-001
 -9.7787206e-001
 -2.3558627e+000
  6.5991924e-001
 -1.3434492e+000
 -2.6840980e+000
  6.2092198e-001
  1.9750262e+000
 -3.4329005e+000
  3.2262009e+000
 -2.2809503e+000
  1.4075551e+000
 -2.7646724e+000
  4.1354046e+000
 -1.9304091e+000
 -2.2017489e+000
  5.7876065e+000
 -4.0133788e+000
 -3.9689549e+000
 -7.0235182e+000
 -1.8560605e-001
 -1.0999159e-001
 -1.5756812e-001
  1.9474183e+000
 -1.0254290e+000
 -1.2511766e+000
 -7.8928126e-001
  2.5847846e-001
  1.5980812e-001
  9.8056106e-001
 -2.1243564e+000
  1.9461199e+000
  2.3156324e+000
 -1.0492669e+000
  2.7212138e-001
 -3.7054150e+000
  3.6092291e+000
 -1.0399620e+000
  1.1636901e+000
  2.8988841e-002
 -3.9506692e+000
  6.3383968e-002
  2.2518082e+000
  1.8417003e+000
 -2.9879653e+000
  1.3453715e+000
 -6.5923516e-001
  3.4617389e+000
 -3.4050276e+000
 -2.5649951e+000
  3.7189054e+000
  2.5523284e-001
 -1.7740927e+000
  5.2677114e-001
  5.4211964e-001
  3.6124639e-001
  1.5736216e+000
 -4.9330704e+000
  1.9445712e+000
 -8.7415233e-001
  4.0668569e+000
 -3.5867904e+000
 -1.0547496e+000
  7.3894158e-001
  4.3250358e+000
 -3.3599295e+000
  1.3193453e+000
  5.4863083e-001
  1.3273320e+000
 -2.2106861e+000
 -5.1848263e-001
 -3.0107273e+000
 -2.3149309e-001
  7.0059258e-001
  3.9758670e+000
 -4.3954202e+000
  2.5117438e+000
 -5.3870332e+000
  4.5274317e+000
 -4.6113235e+000
  2.8278282e+000
 -3.4562228e-002
  5.8725214e-002
 -2.5530909e+000
  4.6237571e+000
  4.3809013e-001
 -2.0994195e+000
  4.3522057e-001
  1.4840457e+000
 -6.0900846e+000
  2.9912743e+000
  3.0192390e+000
 -4.3574622e+000
 -1.1618473e+000
  4.1697398e+000
 -5.6514752e+000
  3.1938179e+000
 -3.7105976e+000
  3.9217095e+000
 -1.1931565e+000
  1.5837694e+000
 -2.3567434e+000
  3.6355395e+000
 -1.8248995e+000
 -8.4061248e-001
 -8.3881620e-002
 -2.0617248e+000
  3.4081712e+000
  1.1949842e+000
 -2.6192746e+000
  3.1143435e-001
  2.4956393e+000
 -2.4108157e+000
 -6.2116428e-001
  3.8895803e+000
 -4.1959654e+000
 -6.8584188e-001
  5.2677440e+000
 -2.2502815e+000
 -2.9596821e+000
 -5.9536515e-001
  3.3677508e+000
 -1.9272589e-001
 -1.0786735e+000
  1.2002213e+000
 -3.0109308e-001
 -8.9289289e-001
  4.7738706e+000
  1.0205582e+000
 -3.1507491e+000
  1.4994075e+000
  7.8097110e-002
 -1.3272579e+000
  7.7630191e-001
 -2.0525247e+000
  3.9355003e-001
  2.7153768e-001
 -2.6110875e-001
  3.2389675e+000
 -4.1019304e-001
  4.0877578e+000
 -1.6657136e+000
 -3.5244610e+000
  2.6561982e+000
 -1.9770523e+000
  3.5315304e+000
  1.9819719e+000
  4.2713866e-001
 -2.8001792e-001
 -1.4831632e+000
  1.8097977e-001
 -1.5920315e+000
 -7.7364028e-001
  1.1975633e+000
 -4.6888462e-001
  1.0070674e+000
 -4.6574937e-001
  2.3868345e+000
 -1.7023195e+000
 -2.2602394e+000
  6.0181874e-001
  9.8929970e-001
 -4.0355374e-001
  1.5800814e+000
 -4.0875077e-001
  3.1305650e-001
 -9.4487209e-002
  1.5421740e+000
  2.3653467e+000
 -1.1954996e+000
  3.7179958e+000
 -2.2852381e+000
 -2.1258240e+000
  3.4078427e+000
 -2.5291039e+000
  1.4963189e+000
 -7.4316791e-001
 -1.8564153e+000
 -2.0413934e-001
 -1.4612647e+000
  4.6784825e+000
 -3.4284825e+000
  2.7629883e-001
  2.5870953e+000
 -8.2967521e-001
 -1.8245836e+000
  1.8775208e+000
 -1.8179657e+000
  1.0225131e+000
  5.2452032e-001
  7.7971005e-001
  1.9426509e+000
 -6.5429726e-001
  7.6424027e-001
  1.0822384e+000
 -4.0064346e+000
  1.3591519e+000
 -9.9577024e-001
 -1.5725809e-001
 -8.3546013e-001
  3.7081141e+000
 -1.3563339e+000
 -1.7508941e+000
 -9.8281096e-001
  4.3335649e+000
 -2.5330623e+000
 -8.4290958e-001
 -9.0546720e-001
  1.8369852e+000
 -9.7094250e-001
 -1.6607353e-001
 -9.5151650e-001
  3.0707090e+000
 -7.1782162e-001
  8.3748490e-001
 -1.7909776e+000
  8.7576508e-001
  5.7052217e-001
 -4.6522106e+000
  1.5723202e-001
  1.6817098e+000
 -2.0666050e-002
 -1.2073169e+000
  1.3335698e+000
 -2.1971594e+000
  1.8597472e-001
  3.2527693e+000
 -8.0096041e-002
 -6.6456563e-001
 -2.4984983e+000
  2.6181178e+000
 -2.7621523e+000
 -2.2720388e-001
  1.0007965e-001
  1.8960994e+000
  2.3778319e+000
  1.8105773e+000
 -5.3320843e+000
  5.6495983e+000
 -6.3735258e+000
  2.1956518e+000
 -2.5254072e+000
  2.2846509e+000
 -6.9564720e-001
  3.4171644e+000
 -4.8959717e-002
 -1.7158737e+000
  3.4935186e-001
 -1.6160298e-001
  3.6099476e+000
 -4.8669902e+000
  4.9712175e-001
 -5.3529236e-001
 -8.9112958e-001
  1.0024443e+000
  3.6600190e-001
 -4.2913702e-001
  2.9492973e+000
 -3.3332846e+000
 -4.8858896e-002
  3.5492856e+000
 -5.5832223e+000
  2.7034584e+000
 -8.2728036e-001
 -9.9444446e-001
  1.9389591e+000
 -5.6243480e-001
 -2.0790681e+000
  2.1639192e+000
  1.4056142e+000
  1.0511001e+000
  2.8228319e-001
 -1.6800975e+000
  9.5288094e-001
 -1.1556835e+000
 -1.1808471e+000
  2.5929662e+000
 -1.3262485e+000
  2.8537878e-001
 -2.5091629e+000
  3.6322238e-001
  8.0754589e-001
  2.0654150e+000
  6.8771165e-001
 -2.1449241e+000
 -8.3374013e-001
  4.1843729e+000
 -2.0947083e+000
 -5.2223351e-001
 -2.6672327e+000
  8.2871057e-001
  1.4667810e+000
 -1.8868817e+000
  1.2725369e+000
 -7.2832979e-002
 -2.9907721e+000
  1.3633126e+000
  2.3141617e+000
 -4.1835519e+000
  1.9672772e+000
  2.1079165e+000
 -4.2847069e-001
 -8.3335306e-001
  2.8305063e+000
 -1.5458900e+000
 -3.8010131e-001
  1.3963882e-001
 -3.5662324e-001
 -4.1890269e+000
  3.9793615e+000
 -4.0416436e+000
  3.0342468e+000
 -1.1604613e+000
  3.1312697e+000
 -4.2282228e+000
  1.7552464e+000
  3.2283945e+000
 -1.7591692e+000
 -1.4706164e+000
 -2.2320851e-002
  1.6076565e+000
  8.8985812e-001
 -3.2958805e+000
  5.9160348e+000
 -2.2851507e+000
  1.4794981e+000
 -2.6442008e+000
  7.9741676e+000
 -7.7492238e+000
 -1.7581134e+000
  1.6683161e+000
 -2.6489186e+000
  6.1083451e-001
  3.4486360e+000
 -4.1988646e+000
 -1.3763219e-001
  1.9096049e+000
 -2.8670357e+000
 -1.9081625e+000
  2.9231818e+000
  6.1511001e+000
 -6.3425034e+000
  8.1214070e-001
  6.3885903e-001
  2.1782570e+000
 -5.1460737e+000
  1.7616347e+000
 -2.1377681e+000
 -9.8205328e-001
 -2.8295804e+000
  6.2490319e-001
  1.5779999e+000
 -6.5567054e-001
 -6.2423994e-002
  5.3133391e+000
 -2.1860132e+000
  7.2417482e+000
 -4.1220527e+000
 -1.5000042e+000
  1.9872464e+000
 -7.1493233e-001
 -6.9396084e-001
  9.7441532e-001
  2.1755484e-001
 -1.0821803e+000
  1.1941090e+000
 -1.5428375e+000
  1.6533595e+000
 -6.1219947e-001
 -1.6551747e-001
 -9.7104277e-001
  1.3935932e+000
 -7.1668937e-001
  7.5578304e-001
 -7.8000839e-001
  5.8899812e-001
  2.9440886e+000
 -2.7979334e+000
 -7.3429647e-001
  5.1770425e-001
  7.5098964e-001
  3.1070972e-001
 -8.9169400e-001
 -3.8487742e-002
 -3.2947497e-001
  1.3303179e-001
 -9.4002073e-001
  1.5420163e+000
  5.5844201e+000
 -5.5937402e+000
  3.4470499e+000
 -5.2648951e+000
  3.3081711e+000
 -1.7395193e+000
  1.7488593e+000
 -1.6302612e+000
  1.5583392e+000
 -2.8641975e+000
  1.3709740e+000
 -2.0314037e+000
 -7.8330828e-001
  2.2104822e+000
 -2.6217902e-001
 -6.4261033e-001
 -1.4913649e-002
  1.9763061e+000
 -1.2999392e+000
 -7.0768058e-001
 -1.3883156e+000
  9.9559815e-001
  4.6206994e-001
  2.4928845e+000
 -1.5330514e+000
  9.5574349e-001
 -9.7686592e-001
 -3.3854041e-001
 -2.0538921e-001
  6.7205738e-001
 -3.5835380e-002
 -7.2383841e-001
 -5.3296267e-001
  7.5571745e-001
  1.8922441e-002
  2.8422552e+000
 -1.8529063e+000
  1.3710485e+000
 -1.2847768e+000
  1.8070619e+000
 -9.4983777e-002
  1.9785619e+000
 -2.7741131e+000
 -2.8809814e+000
  1.5188712e-001
  2.5127629e+000
 -2.0499965e+000
  4.1331787e-001
  6.1483252e-001
 -4.3597486e-001
 -5.2383474e-001
  4.9996016e-001
  1.1236093e+000
 -1.2164210e+000
  5.2746768e-001
 -2.9692044e+000
  3.7002960e+000
 -1.7079170e+000
  1.0314415e+000
 -1.5260842e+000
  3.3606953e-001
 -1.9413884e-003
  1.4121043e+000
 -5.7116460e-001
  2.9470162e+000
 -2.6662702e+000
  9.1978916e-001
 -2.6430092e+000
  7.9318269e-001
  1.2740282e+000
 -9.2425724e-001
 -7.9893704e-002
  1.0810815e+000
 -3.8310911e-001
 -9.8822580e-001
  1.7119179e+000
 -1.5409678e+000
  8.1758458e-001
 -3.1199972e+000
  7.8146789e-001
  9.9235919e-001
  4.2801814e-001
 -6.9326541e-001
  5.1464550e-001
  1.1420738e+000
 -2.3257799e+000
  3.4679341e+000
 -1.4913595e+000
  2.4205516e+000
 -3.9332352e+000
 -1.3837006e+000
  2.3763121e+000
 -6.5205169e-001
 -2.6570650e+000
  2.9524455e-001
  1.1588661e-001
  1.4045535e+000
 -1.7393851e+000
  1.0217113e+000
  1.6530882e+000
  2.0566769e-002
 -3.1446451e+000
  2.1159318e+000
  1.9099266e-001
 -3.0584724e-001
 -1.5420384e+000
 -3.7791682e-001
  2.5107323e+000
 -1.2630895e+000
  1.8779239e+000
  6.0210377e-001
 -1.7971832e+000
  2.8970846e+000
 -3.5642608e+000
  6.4397475e-001
 -4.9163420e-001
 -5.5695321e-001
  1.6418225e+000
 -2.6450837e-001
 -9.7397845e-001
  1.4591321e-001
  3.4277269e+000
  2.2889957e-001
  1.3255896e+000
 -3.8739486e+000
  6.1303255e-001
 -2.5013000e+000
  8.8351985e-001
  8.6750451e-001
  1.6970584e+000
 -9.2146555e-002
 -1.2325067e+000
 -1.4795138e+000
  5.2068609e-001
 -5.2924390e-001
 -4.6447784e-001
  7.9365878e-001
 -1.3316088e-001
  1.2437217e+000
 -7.5175329e-001
  4.2274703e-001
  2.0277936e+000
  3.1993497e-001
 -2.0941285e+000
 -3.2118251e-001
 -2.6378244e+000
 -1.0955498e+000
  1.3979580e+000
 -1.3750648e-001
  2.3366839e+000
  5.4522470e-001
 -4.1851244e+000
  3.7034267e+000
 -2.1476526e+000
  1.2491593e+000
 -5.6422298e-001
 -7.0115421e-001
  3.0132965e+000
 -5.1870776e+000
  5.0278371e+000
 -4.7178381e+000
  1.4121594e+000
 -8.2308446e-002
  2.7650347e+000
 -3.7336822e+000
  1.1448326e+000
  2.6024541e+000
 -2.2023999e+000
  2.0094054e+000
 -2.1954976e+000
  1.3423766e+000
 -1.2349800e+000
 -6.1092318e-001
 -5.4824879e-001
 -4.4194282e-001
  1.5186166e-001
  1.5750779e+000
 -1.1074334e+000
 -2.0764791e+000
  3.4273971e+000
  6.9148425e-001
 -1.2447099e+000
 -2.5007288e+000
  9.4274534e-001
  6.6214775e-001
  4.0356715e+000
 -4.0501962e+000
  2.2509904e+000
 -3.1475041e+000
  4.1581167e+000
 -4.2300582e+000
  6.0288036e-001
  1.6480698e+000
  3.5386282e+000
 -1.7357981e+000
 -2.2884085e+000
 -1.7549241e+000
  1.6963738e+000
  2.2655226e+000
 -2.4315150e+000
 -1.2519609e+000
  1.8391522e+000
  1.2669780e+000
 -3.8712161e+000
  3.6280164e+000
  2.7341046e-001
 -2.6475275e+000
 -4.7211663e-001
  2.9259864e-001
  1.7904824e-001
  1.8853378e-001
 -5.0890902e-001
  2.2142436e-001
 -2.8093158e-002
  2.1417180e+000
 -1.8076672e-001
 -9.0590494e-001
 -1.1009423e+000
  1.4333374e+000
  2.7392116e+000
 -4.7288451e-001
 -1.8531085e+000
 -6.3726010e-001
 -4.3433456e-001
  2.6281650e+000
 -2.0852558e+000
  1.6828800e+000
 -1.6079925e+000
  3.9468667e+000
 -2.9211893e+000
  2.4848456e-001
 -8.2273883e-001
  1.8094535e+000
 -5.5050533e-001
  7.4675143e-001
  2.8188101e-001
 -1.8627358e+000
 -1.3809654e+000
  1.6908146e+000
 -1.2301988e-002
  1.5905138e+000
  2.4582002e+000
 -6.0919075e+000
  2.6381666e+000
  8.5723922e+000
 -4.2816347e+000
  4.3142419e-001
 -9.9991173e-001
  2.5214657e+000
 -1.4163858e+000
  3.0516285e-001
 -4.1484407e+000
  7.6946926e-001
  2.1607510e+000
 -1.0861334e+000
 -1.0087094e-001
 -1.4772880e+000
  1.1000016e+000
 -1.0096685e+000
  7.5712176e-001
 -8.3476180e-001
  1.7405432e+000
 -1.5298394e+000
  4.6807327e+000
 -3.3940941e+000
 -5.8534105e-001
 -5.9656224e-001
  1.0825587e+000
  2.2220345e+000
 -4.1850153e+000
  1.6763170e+000
  2.3394657e+000
 -2.8817440e+000
  2.2496345e+000
 -3.2663570e-001
 -1.8459270e+000
  1.1883093e+000
  9.8721606e-001
 -8.7939449e-001
 -3.1868921e-001
 -9.1616509e-001
 -8.5991972e-001
  1.5440595e+000
  2.0358508e+000
 -1.8198786e+000
 -8.1667482e-001
  9.9400841e-001
  4.9173277e-001
  2.5678027e-001
 -1.7682010e+000
  2.4440651e+000
  1.5235236e+000
 -1.9895845e+000
 -1.3612839e+000
 -9.7160704e-002
  1.1527936e+000
  1.8488867e+000
 -1.0154749e+000
  2.4831893e+000
 -2.2681473e+000
 -1.1224638e+000
  4.2381208e+000
 -3.8281642e+000
 -1.3141501e+000
  4.2729853e-001
  1.4885916e+000
 -8.7385055e-001
  2.5582227e-001
  2.2223625e+000
 -1.1030642e+000
 -7.7902927e-001
  1.1190264e-001
  1.3002635e+000
 -1.4913190e-001
 -1.0486212e+000
 -2.0328657e+000
  3.9521309e+000
 -1.6189247e+000
 -1.6751490e+000
 -1.6596124e+000
  4.8990992e+000
 -5.1656547e+000
  6.7253834e+000
 -5.2278247e+000
  3.1345422e-001
  3.5443579e+000
 -2.5468968e+000
 -1.7646931e+000
  2.0767197e+000
  1.0331572e+000
 -2.1613880e+000
  1.6898545e+000
 -1.4163193e+000
  2.7023596e-001
 -2.3118994e-001
  6.2536995e-001
  2.3905380e+000
 -2.2161883e+000
  3.0135024e+000
 -2.4763407e+000
  1.8603937e-001
 -1.8830184e+000
  2.8676011e+000
 -3.2729468e-003
 -5.0655591e+000
  1.8858863e+000
 -8.0280220e+000
 -3.8280559e+000
  3.9338607e+000
 -3.2877528e-001
  7.7436438e-001
 -3.2074116e-001
 -3.6599762e-001
 -1.0488622e+000
 -1.3390162e+000
  9.9449784e-001
 -1.3043832e+000
  2.1355878e+000
  1.2559037e+000
 -2.6503207e+000
  4.3175069e-001
  1.8007344e+000
  5.5452871e-001
 -1.3702624e+000
 -1.1455903e-001
 -1.0342319e-001
  2.8341285e+000
 -2.3559647e+000
 -7.0872547e-001
 -8.7656675e-001
  1.1395331e+000
  5.0336552e-001
 -7.7318185e-001
  1.5342322e+000
 -2.3607906e+000
  1.9486899e+000
 -9.2793805e-002
 -4.2143568e-002
  1.3055397e+000
  2.4865007e-001
 -2.0720867e+000
 -1.6706733e+000
 -1.1205700e+000
  2.0731226e+000
  1.3336336e-001
  3.0353203e-001
  1.0434308e+000
 -1.5787078e-001
 -1.3061946e+000
 -5.8919017e-002
  2.5848174e+000
 -5.3745904e-001
 -7.8409813e-001
  1.3530752e+000
 -1.4726379e+000
  7.1859773e-001
  3.0352947e-001
 -1.1734290e-001
  6.4395697e-001
 -1.3457502e-001
 -2.0241830e+000
  3.2582500e+000
 -2.5884451e+000
  4.8434559e-001
 -2.6806003e+000
 -4.2310120e+000
  1.9478513e+000
  1.1293444e+000
  1.0614178e+000
 -4.0989956e+000
  3.6837343e+000
 -1.2618011e+000
  1.4101676e-001
  1.5408336e+000
 -1.7400630e+000
  1.1598219e+000
  1.8921701e+000
 -3.4238818e+000
  1.4794470e+000
 -1.8426815e+000
  4.0709851e+000
 -2.2815097e-001
 -2.3829294e+000
  1.8868124e+000
 -1.2034794e+000
  4.5061654e-001
 -3.5248689e+000
  4.3487877e+000
 -2.2525959e+000
  4.1115017e+000
 -5.8946638e+000
 -3.5850811e-001
 -8.3320273e-002
 -3.2958412e+000
  1.8158561e+000
 -2.1433662e-001
  1.0038986e+000
 -3.2197363e-001
  1.3247499e-001
 -3.0275107e-001
  1.4649481e-001
 -3.1957708e-001
 -3.6516672e-001
  2.2534774e+000
 -1.5917121e-001
 -6.0716104e-001
 -3.2357412e-001
  1.3774326e+000
  6.4980086e+000
 -1.7923945e+000
 -5.0184192e-001
 -2.2305014e+000
  9.7984592e-001
 -7.1325040e-001
  9.7411840e-001
  1.6589926e+000
 -2.5747611e+000
 -1.5182152e+000
  1.6859457e+000
  1.0312687e+000
  2.2505485e-001
 -3.9646374e-001
 -1.5580396e+000
  2.4226264e+000
  1.1344337e-001
 -1.4920569e+000
  9.4103160e-001
  1.1617588e+000
 -1.9284348e+000
 -3.0813266e-001
  1.4461910e+000
 -2.2188026e+000
  2.7387444e+000
 -1.3786661e+000
 -2.2107748e-002
 -1.3373130e+000
  2.1975401e+000
 -4.6257312e-001
 -1.3621972e+000
  4.7760279e+000
 -3.1263622e+000
  9.1863525e+000
 -4.6481597e+000
  1.6785432e+000
 -2.4372524e+000
 -5.9079975e-001
