  7.8412901e+000
 -2.6526060e+000
  1.2602457e-001
  2.9917131e+000
  2.6643821e+000
 -8.4703266e+000
  3.1843635e+000
 -1.9056438e+000
 -1.7531556e+000
  4.9388204e+000
 -1.0604689e+000
  7.0874463e-001
 -2.5351810e+000
 -9.9428175e-001
 -8.1056182e-001
  2.0214319e+000
 -9.8171008e-001
  1.9577148e+000
 -1.9087580e+000
 -1.4927653e+000
 -5.1859850e-001
  1.8802158e+000
 -1.2690085e+000
  1.3922953e+000
  1.2062149e-001
  1.3711248e+000
 -1.6383342e+000
  4.1667068e-001
  7.8530590e-001
  1.3540250e+000
 -2.4433524e+000
 -1.5722487e+000
  2.9359230e+000
 -8.6481569e-001
  6.1755493e-001
 -2.1003925e+000
 -1.4017564e-001
  1.2299648e+000
  2.4075331e+000
  5.6310936e-001
 -3.2389192e+000
  1.4105246e-001
 -7.5477539e-001
  1.7210022e+000
 -8.0179140e-001
  2.7893761e-001
  8.1993457e-001
 -6.6550046e-001
 -3.0588626e-001
 -1.9289000e+000
 -2.1428999e-001
 -1.1162216e+000
  3.6530035e-001
  1.7482058e+000
 -9.4045603e-001
  1.2805484e+000
 -1.7898002e+000
  3.2016710e-001
 -7.8251676e-001
  2.0483801e+000
 -2.0717390e+000
  1.4200973e+000
 -1.8368268e+000
  4.8129464e-001
  1.1009443e+000
  5.4732930e-001
  2.2420925e+000
 -2.7061996e+000
  1.1040706e+000
  2.3434615e+000
 -1.1624877e+000
 -6.3725223e-001
  2.3512256e-001
  8.3287794e-001
 -1.2881702e+000
  9.4921351e-001
 -3.4512206e-001
  3.5405908e+000
  2.4134390e-001
  1.4246978e+000
 -4.5706805e+000
 -6.0135092e-001
  8.3796623e-001
  1.0017703e+000
  5.7661988e-002
 -1.4129782e+000
  2.5446508e-001
  1.0267889e+000
 -5.3428593e-001
 -7.4891048e-001
  1.3298217e+000
 -3.4805977e-001
 -2.0343034e+000
  1.5949965e+000
  3.0998123e+000
 -3.8050051e+000
  1.9215253e+000
 -2.5038534e+000
  1.9555404e+000
 -1.6186448e+000
  2.6896771e+000
  4.6182667e-001
 -2.4876329e+000
  7.0478599e-001
 -1.4428559e+000
 -1.0280058e+000
  1.9193198e+000
  8.6999851e-001
 -1.2732938e+000
  2.5856813e+000
 -3.6791213e+000
  2.8972854e+000
 -2.3650518e+000
  2.3996365e+000
 -1.7400784e+000
  2.2689552e+000
 -2.4182311e+000
  1.4198603e+000
 -1.1217781e+000
  1.1244139e+000
 -2.1913042e+000
 -4.8468237e-001
  2.1298874e+000
  1.5490587e+000
  1.3810549e-001
  2.7758052e-001
  6.2001350e-001
 -5.5800699e-001
  1.8050079e+000
 -1.8144750e+000
 -3.2104207e-001
  2.4908588e+000
  2.8224585e+000
  2.1383320e+000
 -4.5170687e+000
 -6.9256835e-001
  1.4280701e+000
 -4.5790913e+000
 -1.5378566e+000
  6.5841206e+000
 -4.8085692e+000
  9.6780121e+000
 -6.2683879e+000
  1.3909602e+000
  1.1667688e+000
 -4.3323903e+000
  7.5017031e+000
 -6.3720325e+000
  6.4652186e-002
  1.6862720e+000
  8.4729793e-001
 -4.0590442e+000
 -1.0225109e+001
  3.2947071e-001
 -5.4155964e-001
  2.6297457e+000
 -9.0317186e-001
  1.0828807e+000
 -1.0840463e+000
  2.2427590e+000
 -2.1406720e+000
 -8.8246713e-001
 -7.0323021e+000
 -1.0360264e+000
 -5.3076430e-001
 -9.5899653e-002
  1.1574061e-001
  5.0041265e-001
  4.2692968e-001
 -7.1695758e-002
  6.3833235e-001
 -1.6664651e+000
 -3.1790490e+000
  9.4601708e-001
  1.4920268e-001
  4.7617664e-001
 -3.2647833e-001
  2.3685518e-001
 -5.9023902e-001
  2.4212256e+000
 -4.7937665e-001
 -1.0703148e+000
  1.4391793e-001
  1.9532020e+000
  4.2092842e+000
 -7.5859046e-001
 -3.5278206e+000
  1.2139821e+000
  4.1095729e-001
 -4.0178359e+000
 -3.9272496e-001
  7.0542008e-001
  1.5142821e-001
 -1.6642216e-002
  6.1862605e+000
 -2.9590842e+000
  3.1739507e+000
 -4.6988900e+000
  2.3021812e+000
 -3.2201326e+000
  3.0637097e+000
 -2.0798281e+000
 -1.4297730e+000
 -3.2745590e+000
  1.6737512e+000
  3.9764600e-001
  5.7253547e-001
 -3.7442514e-001
  6.3969867e-001
 -1.9395111e+000
 -3.9059457e-001
  1.8768080e+000
 -1.1325016e-001
 -6.2885033e-001
 -2.4011190e+000
  7.1931791e+000
 -3.0594303e+000
 -3.0132552e+000
  3.2026193e+000
 -2.7206737e+000
  2.6910043e+000
 -4.1795084e+000
  5.2467022e+000
 -4.8621010e+000
  1.7815150e+000
  1.4563278e+000
 -2.2276434e+000
  2.2892240e+000
 -4.1508358e-001
 -7.0343296e-001
  5.9230547e-001
  3.0450912e-001
  1.1634124e+000
  3.1786175e+000
 -3.8063415e+000
  9.7393064e-001
  2.4388895e-001
 -1.2455569e+000
 -3.2956504e+000
 -9.9982369e-001
  4.8270005e+000
 -4.3324064e+000
  3.9896756e+000
 -5.0500488e+000
  1.8970137e+000
  7.1670745e-002
 -1.5287836e+000
  7.0247534e-001
  9.7751608e-001
  7.7379089e-001
 -1.2976732e+000
 -1.5853118e-001
  1.2492845e+000
 -1.1407619e+000
 -6.8194052e-001
  5.9874219e-001
 -1.4838881e+000
  5.8005092e-001
  1.6969704e+000
 -1.3600286e+000
 -5.9938863e-002
  1.2995445e+000
 -1.5765950e+000
  3.3408638e+000
 -2.1762038e+000
  8.8328258e-001
 -1.8094591e-001
  9.8392523e-001
 -5.5583782e-002
 -1.1599954e+000
 -1.3555466e+000
  3.6608791e+000
 -3.2589833e+000
  1.0499113e+000
 -3.2372326e+000
  4.2274893e+000
  2.0407341e+000
 -9.2080874e-001
 -1.2410499e+000
  7.0075627e-001
  2.6472699e-001
 -2.7106029e+000
  1.2510395e+000
  6.6234835e-001
 -2.1073341e+000
  1.8626231e+000
 -1.4887968e+000
  3.0360406e-001
 -5.6289655e-001
  1.7601776e+000
 -1.0976883e+000
 -1.5198079e+000
  1.1657503e+000
 -2.0029985e-001
  1.9096112e-001
  7.0778132e-001
 -7.1645682e-001
  1.7406602e+000
 -2.9221181e+000
  2.2325538e+000
  1.5288283e+000
 -2.7454054e+000
  4.6970811e+000
 -2.5919624e+000
 -2.2243895e+000
  1.3365223e-001
  2.3859379e+000
  2.6948191e-001
 -1.1032905e+000
  2.1794489e+000
 -2.5253457e+000
 -6.7953587e-001
  3.8748097e+000
 -3.1762255e-001
 -3.3106784e-001
  2.1817533e-001
 -7.3052538e-001
  3.7315855e-001
  9.2962933e-001
  1.7287585e-001
  1.0609312e+000
 -3.4108131e-001
  2.7875179e+000
 -4.4740338e+000
  4.4595453e-002
  1.6422105e-001
 -3.2005181e-001
  3.1948082e+000
 -1.1026197e+000
  9.6851445e-001
 -1.5790599e+000
  8.8568711e-001
 -1.5921107e+000
 -8.4373877e-001
  2.2430528e+000
  8.6665788e-002
  1.7927578e+000
 -2.9017881e+000
  1.5904060e+000
 -9.3604060e-001
 -2.6879525e+000
  9.4503369e-001
 -4.6167313e-001
  2.4218014e+000
 -1.9949834e+000
  1.2963737e+000
 -2.1678457e-003
 -2.9314395e-001
 -7.0517962e-001
 -1.3229154e+000
 -1.9913846e-001
 -8.3231266e-001
  8.7052282e+000
 -4.1085973e+000
 -1.7719962e+000
  1.7148458e+000
 -2.4209506e+000
  2.9504570e+000
  1.6930690e+000
 -4.8846890e+000
  1.5121954e+000
 -5.9817540e-001
  4.1063174e-001
  4.6847806e-001
 -3.8659996e-001
  2.9609279e-002
  2.9801918e+000
 -3.6145224e+000
 -1.4202047e+000
  2.0545268e+000
  3.5111384e+000
 -4.3246360e+000
  6.5348144e-001
  3.4136328e+000
 -2.8123808e+000
 -9.5829761e-001
  4.7496108e+000
 -1.8972473e+000
  3.3027232e+000
 -3.8986011e+000
 -1.0594779e+000
 -1.3286300e+000
  2.8331891e+000
 -1.5193291e-001
  2.7950248e+000
 -1.3570462e+000
 -1.3914914e+000
  4.5690415e+000
 -7.1125605e+000
  4.8253723e+000
 -1.3422111e+000
 -1.4413748e+000
  8.1081875e-001
 -1.1756072e+000
 -4.6465897e-001
  7.2968296e-001
 -8.9120122e-001
  1.2390001e+000
 -8.8795075e-001
 -1.3030014e+000
  7.1160853e-001
  7.3520475e-001
 -1.1280261e+000
  4.7386835e+000
  4.1353720e-001
  1.1465873e+000
 -4.2587407e-001
 -7.3986634e-001
  1.1174398e+000
  9.7294338e-001
 -4.8219183e-001
 -3.9871075e-001
  4.0950659e-001
 -2.2159271e+000
  3.2857309e+000
 -2.7841940e+000
  1.6301853e+000
 -9.0625164e-001
  1.4829356e+000
  6.5741371e+000
 -7.4418838e+000
 -4.7028495e-001
  9.6423547e-001
 -9.6672452e-001
  1.3264591e+000
  3.5912519e-001
  1.2118812e+000
 -8.0483682e-001
  1.6583633e+000
 -1.7148407e+000
  1.7125024e+000
  8.9088632e-001
 -1.5385190e+000
 -1.9082286e+000
  4.6095876e+000
 -4.5789117e+000
  4.5955732e+000
 -3.7758920e+000
  3.0775065e+000
  1.6086319e+000
 -5.4737353e-001
 -5.0570218e+000
  1.0113155e+000
  1.2559455e+000
  2.2864031e+000
 -6.4123592e-001
  1.0484996e+000
 -5.3595682e+000
  5.8646052e+000
  5.0620678e-001
  3.7095194e+000
 -9.4544362e+000
  2.5521840e+000
  4.7999271e+000
 -4.5045491e+000
 -5.1103517e+000
 -4.0938888e+000
 -1.3327158e+000
  1.4194121e+000
  1.8855923e+000
 -1.6345130e+000
 -1.5277958e-001
  1.4446255e-001
 -3.4341326e-001
 -7.6741183e-001
  2.0785324e+000
  5.8293259e-001
 -2.7226555e+000
 -3.0367413e-001
  6.8983805e-001
 -2.1270395e-001
  9.0254756e-001
 -8.2542359e-001
  8.1007069e-001
 -2.6979742e-001
 -4.1029693e-001
  1.4581189e+000
 -1.4896231e+000
  1.2638544e+000
  1.7365021e+000
 -1.8248942e+000
 -1.3670518e+000
  2.8842925e+000
 -2.3846679e+000
  4.1119176e+000
 -4.0508221e+000
  2.2596521e+000
 -3.1418355e+000
  2.7743441e+000
 -4.7233561e-002
  1.2073693e+000
  8.5433525e-001
  1.8558604e+000
 -3.4286696e+000
  7.5620402e-001
 -4.5184602e-001
  8.5832456e-001
  1.1673428e+000
 -6.1894214e-001
  9.3820365e-001
 -9.4869150e-001
  1.9758634e+000
 -2.7035146e+000
  2.3863539e+000
  8.5361152e-001
 -8.5249878e-001
 -8.2915203e-001
 -2.0014413e+000
  2.3351477e+000
  6.8475383e-001
  2.9436757e+000
 -3.9611480e+000
  3.9231985e+000
 -4.2365386e+000
  7.6757076e-001
  1.6064112e+000
 -6.3306689e-001
 -9.1347181e-001
  2.3261567e+000
 -4.5573296e-001
 -2.8200755e-002
  1.0415060e+000
 -2.4934787e+000
  9.2383809e-001
  6.5656333e-001
 -8.2522041e-001
 -1.2501907e+000
  9.1141834e-001
  1.6004780e+000
 -1.4087793e+000
  4.5807934e-001
  1.1067136e+000
 -1.9684311e+000
  5.3830437e-001
  1.2051059e+000
 -2.2651418e+000
 -2.4675146e+000
  1.5299681e-001
 -4.3391271e-001
  1.1577458e+000
  1.8785848e-001
  2.9130886e-001
 -1.0119390e+000
 -1.2003443e+000
  1.9756451e+000
 -6.2744512e-001
 -3.3607089e-001
 -1.3382057e+000
  7.5313501e-001
  1.9615059e+000
  3.3582808e-001
  2.5611525e-001
 -1.0668509e+000
  1.2307491e+000
 -2.8150918e+000
 -1.1845846e+000
  2.7970664e+000
 -5.5915581e-001
  1.1442973e+000
 -6.3178791e-001
  3.3561424e-002
  4.6394094e-002
 -9.2596733e-001
  1.1820980e+000
 -1.0930940e+000
  2.3634813e+000
 -1.7854448e+000
 -3.8756940e-001
  1.3134638e+000
 -8.2246101e-001
  1.6455668e+000
 -2.6465168e+000
  2.9995263e+000
 -2.6484713e-001
 -3.0224443e+000
  4.9070808e+000
 -6.2992450e-001
 -2.3291520e+000
 -1.6499246e+000
  1.7012479e-001
  1.8908354e+000
 -1.3006487e+000
  3.6792553e-001
 -5.8694689e-001
  2.0322934e+000
 -1.2176119e+000
  4.1446059e-001
  4.3001762e-001
  9.2332096e-001
 -3.0252125e-001
  3.2552360e-001
 -2.3198780e+000
  1.6664620e+000
 -3.8506519e-001
  9.3981612e-001
 -1.3313855e-001
  6.1414936e-001
 -1.1113026e+000
  6.6602723e-001
  3.1843724e+000
 -2.4511441e+000
 -2.3376955e+000
  1.0093422e+000
  7.5012240e-001
 -1.1064267e-001
  1.9478759e+000
 -1.0625805e+000
 -1.3080992e+000
  1.5810319e+000
  2.4061694e+000
 -4.0867797e+000
  1.1855810e+000
 -1.7106849e+000
 -4.2654247e-002
  8.3050630e+000
 -8.2075503e+000
  2.4051797e+000
 -1.2164404e+000
  7.1890890e-001
 -1.9205609e+000
 -6.1909237e-001
  4.5527315e+000
 -4.5709033e+000
 -1.2190543e-001
  7.0058023e-001
  8.5039786e-001
 -6.4361852e-001
 -1.2906457e+000
 -1.1138823e-001
  1.9135289e+000
 -6.1556475e-001
  1.5533947e+000
 -8.3181587e-001
  0.0000000e+000
  2.2029492e-001
  2.0218739e-001
  1.5973996e-001
  1.1217506e+000
 -1.9000349e+000
 -6.0959935e-001
  4.4047764e-001
  2.5163016e+000
 -1.8650739e+000
  1.4514923e+000
 -2.0986863e+000
  1.8503645e+000
 -1.3555873e+000
  1.4227726e+000
  8.0289730e-001
 -3.6265394e+000
  1.9208645e+000
 -4.7635008e-001
 -8.3176640e-001
  4.3446080e+000
 -1.8034067e+000
 -2.6597288e+000
  4.0137401e+000
 -1.4393321e+000
  2.0178526e+000
  1.4647137e+000
  4.2242715e-001
  5.3691995e-001
 -1.9568843e+000
  2.3100228e+000
  3.0104535e-001
  4.3958026e-001
 -6.6760330e-001
  3.9799443e-001
 -9.5925765e-002
 -6.5654175e-001
  1.7587538e-001
 -1.5055389e+000
  8.0836677e-001
  7.3946019e-001
 -1.6347734e+000
  2.0682848e+000
 -8.2889902e-001
 -1.2867707e+000
  1.7952873e+000
  7.0463384e-001
  1.4794333e-001
  4.1941589e-001
 -5.1520163e-001
  2.1344609e+000
 -4.7498077e+000
  2.5136518e+000
 -1.0099744e+000
 -1.4231573e+000
 -8.7120730e-001
 -1.9650730e-001
  1.4872679e-001
 -1.4811187e-001
  7.5093531e-001
 -6.9561077e-001
  2.4770047e-001
 -7.3501935e-001
  2.2187089e+000
 -1.6402597e+000
  1.4816298e+000
 -1.4917800e+000
  1.3795796e+000
 -1.9754436e+000
  2.2214355e+000
 -1.7907841e+000
  9.2879104e-002
  2.2570780e+000
 -1.0211388e-001
 -1.3137929e-001
 -2.2967112e+000
  1.8851366e+000
 -3.4877547e-001
 -7.0870653e-001
  1.4219164e+000
 -6.4317539e-001
 -3.3588376e+000
  8.0337878e+000
 -5.1562058e+000
  2.6573860e+000
 -3.6506846e+000
 -1.3909570e+000
  3.6610912e+000
 -1.5881084e+000
  7.1305584e-002
  1.7104533e+000
 -6.4131211e-001
  2.1013113e+000
 -1.0776227e-002
 -1.3382112e+000
 -2.3840526e+000
  1.9724585e+000
 -1.1372374e-001
 -1.5398430e+000
 -4.0691596e-001
  3.9698431e-001
  1.8289720e+000
 -2.9250937e+000
  5.2833751e-001
  1.3695524e+000
 -3.9067067e-001
 -6.6884254e-001
  1.6856439e+000
  4.4059770e-001
 -6.0310558e-001
 -1.1012970e+000
 -7.9903167e-002
  8.2480611e-001
  1.0328953e+000
 -1.6569127e+000
  9.9515911e-001
 -4.0078826e-001
 -9.6590871e-001
  1.0714633e+000
  1.0404698e+000
 -1.1056783e+000
  3.4014744e+000
 -1.0314643e+000
  2.2037681e+000
 -2.8619409e+000
  3.4186038e-001
  2.1173616e+000
 -2.7214123e+000
 -9.5307830e-001
  7.3072318e-001
  1.3981719e+000
 -6.8369612e-001
 -1.1925161e+000
  7.3286154e-001
 -2.1687876e-001
  6.9579071e-001
 -5.7336749e-001
 -1.6777024e-001
 -6.1432629e-001
  1.9260468e+000
  3.6371286e-001
 -1.8763167e+000
 -1.6247625e-001
  3.3733124e+000
 -2.3719028e+000
 -1.3428887e-001
  1.6134769e+000
  9.3839700e-001
 -1.0058511e+000
 -1.5800114e+000
 -6.6422408e-001
  6.3359342e-001
  1.1193025e+000
 -1.4722035e+000
  1.4674686e+000
 -2.4203286e+000
  4.0576937e+000
 -3.5795628e-001
 -3.5701018e+000
  2.6732555e+000
  2.3908750e+000
 -1.9570056e+000
 -1.1274010e+000
 -3.8430531e-001
  3.5075778e-001
 -1.4392118e+000
  1.3986351e+000
 -4.6701520e-001
 -2.2038012e-001
 -5.6771037e-001
 -2.7457517e-001
  1.9141218e+000
 -3.2729031e+000
  3.0092336e+000
 -6.0488146e-001
  4.5811137e-001
  2.3847221e+000
 -2.5247283e+000
 -1.4684333e+000
  4.0223152e+000
 -4.3881571e+000
  4.1322246e+000
 -3.3704293e+000
 -1.8751264e-001
 -3.1226067e+000
  8.1080768e-001
  1.5957024e-001
  1.8423140e+000
 -7.5818431e-001
  1.8096162e-001
 -2.0591573e+000
  2.1443775e-001
  1.4453313e+000
 -1.1915473e+000
  6.7305759e-001
 -3.0324282e-001
  3.8568095e-001
  2.5294769e+000
 -3.2078806e-001
 -2.7115841e+000
  2.3207671e-001
 -6.1656786e-001
 -4.3516026e-002
  4.4030818e-001
  1.2294132e+000
  6.7899651e-001
  1.8809647e-001
 -1.7122563e+000
  2.0473575e-001
  9.4984279e-001
 -1.0955654e+000
  1.8259336e+000
  1.8081076e-001
 -3.3711141e+000
  3.2591286e+000
 -1.9678033e+000
  9.1343792e-001
 -1.3370911e+000
  7.0323199e-001
  7.1252198e-001
  4.7430466e-001
  1.1024322e+000
 -2.6774075e+000
  2.7270046e-001
 -1.2544915e-001
 -1.2083562e+000
  1.3287883e+000
 -6.6520620e-001
  6.9232838e-001
 -1.7895116e-001
  1.0346409e+000
 -4.3702204e-001
 -1.4741160e+000
  7.9462891e-001
 -6.6819520e-001
  1.0379168e+000
  3.6485913e-001
  6.9691434e-001
 -7.1941626e-001
 -9.8085387e-001
  1.2268231e+000
  1.5701081e+000
 -3.4534748e+000
  3.6790298e+000
 -9.6642162e-001
 -4.9238224e-001
  6.9677167e-002
 -1.4819401e+000
 -1.2371376e+000
 -1.7814706e+000
  2.8555546e+000
 -1.5916317e+000
  2.9674117e+000
 -3.7211272e+000
 -1.0307400e+000
  2.5183527e+000
 -3.6050946e-002
 -7.5814372e-002
  2.7790459e-001
 -1.8388667e+000
  2.6982935e+000
 -1.7521188e+000
 -8.4654834e-001
  1.6403825e+000
 -1.0330397e+000
  1.1525252e+000
 -2.3487996e+000
  1.8013633e+000
 -1.8267208e+000
  4.0822070e+000
 -3.2142155e+000
  4.4432525e-001
  7.7746173e-001
 -1.2628159e+000
 -1.4377886e+000
  1.8408670e+000
  6.3521853e-001
  2.8701360e+000
 -5.3269027e+000
  3.7370469e-001
 -2.8313957e-001
  2.3622924e+000
 -9.0229406e-001
  2.8274031e+000
 -3.3499679e+000
  1.4755828e+000
 -2.4328175e-001
  1.8440984e-002
 -1.6711539e-002
 -1.0439720e+000
 -1.5018217e+000
  6.1545365e-002
  4.5234722e+000
 -3.3856469e+000
 -5.8441973e-001
 -1.0999018e+000
  2.5156294e+000
 -1.0916191e+000
  4.7312931e+000
 -3.7818922e+000
  3.3220314e+000
 -4.5297595e+000
  1.2489780e+000
  3.3595883e+000
 -4.2767874e+000
  1.0623863e+000
  2.2474445e+000
 -1.5836803e+000
 -1.6679303e+000
  4.2444687e-001
 -5.7695513e-001
  3.6876430e+000
 -3.7665192e+000
 -7.3920638e-001
  3.5186489e+000
 -2.1980015e+000
  4.7514664e-002
 -1.8671360e+000
  3.0863702e+000
 -1.5313923e+000
  1.8296521e-002
  1.5351807e+000
 -2.8857781e-002
 -2.3948568e-002
 -1.1159358e+000
  1.5818754e+000
  9.6404591e-001
 -4.0411540e+000
  2.0440329e+000
 -2.1441544e+000
 -3.3906103e-001
  3.1001512e+000
 -2.4457318e+000
  2.8722897e+000
 -3.2986269e+000
  1.8556645e+000
  4.1581390e-001
 -2.7062619e+000
  3.2323909e+000
 -8.3331136e-001
  7.5405209e-001
 -4.0718902e-001
 -2.5411685e-001
 -1.8169115e-001
 -2.7790926e+000
  2.3557678e+000
  4.0340565e-001
  6.3003832e-001
  5.8196008e-001
 -3.0939942e-002
  1.4209595e+000
  6.8780656e-001
 -2.7767393e+000
  1.0463254e+000
  1.4464343e+000
 -4.5958102e+000
  5.6577026e+000
  7.9138992e+000
 -4.3512876e+000
  7.4495105e-001
 -1.6343646e+000
 -8.9564543e-001
  1.9680063e+000
 -1.9872086e+000
  1.3090893e+000
 -1.7933134e+000
 -4.2200971e-001
  1.4879104e+000
  3.6115020e-001
  2.7738655e+000
 -2.3438051e+000
 -8.6197740e-001
  3.4298921e+000
 -4.2123785e+000
  1.0889579e+000
  9.7241776e-001
 -8.6427855e-001
 -3.2319198e-002
 -1.8029269e+000
  6.2477213e-001
  2.0293735e+000
 -4.6275432e-001
  1.1688659e-001
 -9.4506820e-001
  2.3604249e+000
  1.7298970e+000
 -3.8514174e+000
  2.2998968e+000
 -3.6386888e+000
  1.2921361e+000
 -1.1438843e+000
  2.2362303e+000
 -9.1080468e-001
  1.2885443e+000
 -2.1300380e+000
  3.2977483e+000
  1.7709756e+000
 -3.3764397e+000
 -1.0059990e+000
  1.2990618e+000
 -1.7678416e+000
  4.8662497e-001
  4.5649364e+000
 -3.1079967e+000
  4.3212342e+000
 -5.3466790e+000
  3.3393712e-001
  4.4830822e-002
 -1.6188620e+000
  2.6471103e+000
 -1.6119023e+000
  2.7047734e-001
  1.4021128e+000
 -1.5979635e+000
  7.8414463e-001
  5.5185422e-001
 -1.0612747e+000
  1.1203811e-001
  1.5655451e+000
 -1.5222700e+000
 -5.3792665e-001
  1.8642114e+000
 -2.5762807e+000
  3.7418496e+000
 -1.5208689e+000
  1.8296220e+000
 -2.2025976e+000
 -8.7700759e-001
  7.4917045e-002
  6.2568267e-001
  5.6664480e-001
  1.9237138e-001
 -4.4849856e-001
  2.3046884e-001
 -2.0551910e+000
  2.3246454e+000
  7.1347870e-001
 -1.0684229e+000
  1.1507574e+000
  5.8671794e+000
 -3.6892722e-001
  1.4694882e+000
  3.6537315e+000
 -5.4971915e+000
  3.2491665e+000
 -8.4995901e-001
 -6.0233328e-001
  9.4787464e-001
 -6.8949058e-001
  3.1773621e+000
 -2.2050518e+000
 -9.7064848e-001
  2.8313130e-001
 -1.9364708e-001
  5.2643114e-001
 -6.0067075e-001
 -2.5062145e-001
  4.2950541e-001
  1.4162458e+000
  8.5191994e-001
 -2.7050446e+000
  4.7687378e+000
 -5.1135073e+000
  7.0597915e-001
 -9.5375772e-001
  2.2127018e+000
 -2.2546392e+000
  1.2737084e+000
  1.4112649e+000
 -1.1271092e+000
  7.5337981e-001
  6.5674340e+000
 -7.6508209e+000
 -7.8794131e-002
 -1.9356515e+000
  5.6552653e+000
 -3.9710332e+000
  1.6139070e-001
  2.2185986e+000
  1.0150457e-001
  5.0369286e-002
  9.9260756e-001
 -6.6133745e-001
 -7.0354035e-001
 -1.1258183e+000
  1.2396188e+000
 -2.8750095e-001
 -4.6825003e-001
  4.7709054e-001
 -6.1267934e-002
 -6.7758601e-002
  1.4226246e+000
 -1.6508433e+000
  6.7941639e-001
  2.9753160e+000
  1.6431779e+000
 -3.1904171e+000
  1.3265493e-001
  1.9341532e+000
 -4.0016777e-001
 -1.4260517e-001
  9.6089547e-001
  1.1572177e+000
 -1.4447004e+000
  4.2659332e-001
 -9.9336345e-002
 -8.3868992e-002
 -4.9172361e-001
 -7.9759055e-001
  8.7159986e-001
 -7.7506080e-001
 -9.9163017e-001
  1.5282705e-001
  1.8525559e+000
 -3.7015180e-001
  1.3408846e+000
 -7.3130714e-001
 -1.8347836e-001
 -2.2730652e-001
  9.1648140e-001
  2.8541209e+000
 -5.5007320e+000
  1.6877337e+000
 -4.6634450e-001
 -8.2087371e-001
  2.2558897e+000
 -1.9466586e+000
  1.9368941e+000
 -8.4511305e-001
  1.8710826e+000
 -1.6009702e+000
  7.8351786e-001
 -5.4223415e-001
 -6.1730270e-001
  5.9779639e-001
 -3.1446629e-002
 -2.2980861e+000
  1.8243470e+000
  2.0219332e-001
 -1.5411578e+000
  1.3106831e+000
 -1.8118698e+000
  1.1149914e+000
 -7.4295140e-001
  9.8947062e-001
 -3.4906976e-001
 -2.4265147e-001
  9.3460570e-001
  1.5992676e+000
  3.5561537e+000
 -6.0457035e+000
  1.3085726e+000
 -2.8360373e+000
  8.6332697e+000
 -3.8148025e+000
  5.5634619e+000
 -7.4554609e+000
  3.9470021e+000
 -3.8533863e+000
  2.0994810e+000
  5.4200885e+000
 -4.5167648e+000
  2.1057725e-001
 -1.9330259e+000
 -2.0046052e-001
 -8.6484198e-001
  9.5528131e-001
  7.8651715e-001
 -2.4078748e+000
  3.7535455e+000
 -4.6530575e+000
 -6.2813209e-001
  5.8549093e-001
 -1.4009679e-001
  1.0778876e+000
  1.6215672e+000
  2.7954444e+000
 -2.3407280e+000
  1.7217093e+000
  3.9655345e+000
 -4.8424737e-001
 -7.3300765e+000
  2.4551852e+000
  1.7616067e+000
 -7.8524282e-001
 -2.5991095e-001
 -2.7256266e+000
  8.2140143e-001
  2.6744804e-001
