  6.9361814e+000
  3.5409290e-001
 -4.8402735e+000
 -2.1400071e-001
  5.5598330e+000
 -1.9905596e+000
  9.2754817e-001
 -5.7802471e+000
  2.5537643e+000
  2.5143401e+000
 -7.0973502e-001
 -1.8318646e+000
  1.3925832e+000
  2.1693952e+000
 -2.7613773e-001
  2.6257199e+000
 -2.8886220e+000
 -2.7161290e-001
  1.4722945e+000
 -4.6042955e+000
 -1.2452934e+000
  1.9234594e+000
  1.4373837e+000
  6.8400335e-001
 -2.7689682e+000
  7.0670007e-001
 -2.6517920e-001
  4.6480519e-001
  4.7585146e-001
 -5.2388715e-001
  2.0312332e+000
 -1.2178117e+000
 -6.9499204e-001
  1.1968793e+000
 -4.5403527e+000
  2.6615730e+000
 -1.0973247e+000
  7.4899821e-001
  3.0067989e+000
 -3.1781478e+000
  7.7352741e-001
  3.9081098e-001
  2.0839672e+000
 -1.7193624e+000
  2.4323099e-001
 -1.1467582e+000
 -1.0636005e+000
  1.6211636e+000
  2.5553795e-001
  2.1223135e-001
  5.0675014e-001
 -9.8367493e-001
 -1.1520656e+000
  3.1001890e+000
 -3.8064744e-001
  2.3062696e-001
  1.2844213e+000
 -2.4904886e+000
 -1.6959404e+000
  6.0117921e+000
 -4.0785329e+000
 -4.9830645e-001
  9.7307923e-002
  2.9858419e-002
  5.5606902e-001
 -2.9277593e+000
  2.2836711e+000
 -1.4246313e+000
  2.2006213e+000
 -1.8355226e+000
  1.4555393e+000
  3.8369689e-001
 -1.4267257e+000
 -2.0208751e+000
  2.0903619e+000
 -2.6662534e+000
  3.1135801e+000
 -1.6856474e+000
  1.3699556e+000
  4.5812727e-001
 -1.7506180e+000
  9.0538602e-001
  4.3284219e-001
 -2.2616812e+000
  1.9322715e+000
  4.0706077e-001
  1.6289513e+000
 -9.9135608e-001
 -3.0537966e-001
 -2.6416838e+000
  6.3456757e-001
  9.9989135e-001
 -5.2473875e-001
  2.9196147e+000
  1.2595470e+000
 -2.0450564e+000
  1.7705886e+000
  4.2290982e-001
 -2.2097422e+000
  1.4374855e+000
  2.6737189e-001
 -5.4405974e+000
  1.7060050e-001
  5.5170981e+000
 -1.4595208e+000
  1.6870933e-001
 -9.6045872e-001
 -1.3007953e+000
  2.4131417e+000
 -1.8388479e+000
 -1.5804114e+000
  1.9112541e+000
 -8.6481802e-001
 -1.1382577e-002
 -4.4618459e+000
  2.1759559e+000
  1.9559036e+000
 -1.2257324e-003
 -2.9499367e-001
 -1.5609562e+000
 -2.1369749e-001
 -3.7738114e-001
  2.2200303e+000
 -3.5968020e+000
  1.2806192e+000
  8.3492394e-001
  1.5703471e+000
 -2.5862776e+000
 -4.4912127e-001
  3.7617209e+000
 -2.8995283e+000
  4.7615436e-001
  3.4138915e+000
 -1.9008152e+000
 -2.3918949e+000
  1.7017570e+000
 -1.5860306e+000
  3.7794242e+000
 -2.2575137e+000
  2.0578994e-001
  1.2696843e+000
 -2.3803318e+000
 -1.7927764e-001
  4.2754342e+000
  6.0475895e-003
 -1.7348945e+000
  5.3645673e-002
 -4.7977636e-001
  4.8636449e+000
 -6.6152587e+000
  1.5296401e+000
  3.1934942e-001
 -3.4828496e+000
 -4.7353769e-001
  9.3418798e+000
 -6.6674617e+000
 -5.1806159e+000
 -3.2092278e+000
  2.4344745e+000
 -7.7856765e-001
  1.2471986e+000
  1.3277127e+000
 -1.2542446e+000
  6.0458604e-001
  1.1603084e+000
 -3.3871568e+000
  2.3601251e+000
 -5.1699684e-001
 -1.2012512e-001
  1.7836734e+000
 -2.0408250e+000
  5.7436111e-001
  3.9090280e+000
 -7.1083476e+000
  6.2974847e+000
 -2.5626552e+000
  9.6951649e-001
  1.4535356e+000
 -3.4571206e-001
 -3.2312584e+000
  1.0452170e+001
 -1.0779025e+001
 -1.9316472e+000
  1.8965627e+000
 -1.0231737e-001
 -1.1979598e+000
  1.9455485e+000
  2.1194152e-001
 -2.0930710e+000
  2.2870907e+000
 -1.2246802e+000
  1.3395771e-001
 -1.9634150e-001
 -8.9521286e-001
  2.0769868e+000
  1.0146074e+000
 -4.1755912e+000
  2.4643491e+000
  7.9934443e-001
  6.5262981e-001
 -1.3521211e+000
 -1.6548835e+000
  4.2730274e-001
  1.1820610e+000
 -3.9801205e-001
  6.7122086e-001
  3.4852741e-001
 -4.0286041e-001
  6.3511266e-001
 -1.7621844e+000
  2.7241991e-001
  5.9307677e-001
 -1.2758074e+000
  4.0970918e-001
 -7.2326936e-001
  1.1307103e+000
  1.2021438e+001
 -1.1687384e+001
 -3.5674135e-001
 -1.0998093e+000
  1.3991577e+000
  5.7638419e+000
 -6.6435909e+000
  1.0777773e+000
 -5.8225452e-001
  1.3737612e+000
  1.4177738e-001
  2.8397071e+000
 -4.2631257e+000
  3.6746085e+000
 -1.0047415e+000
 -2.1241305e+000
  1.6229736e+000
  3.1022108e-001
 -2.8254264e+000
  1.6398658e+000
  1.2743123e+000
 -5.8731610e-001
 -1.7828511e+000
  3.1366887e+000
 -1.0346751e+000
  6.5621617e-002
 -2.4825580e+000
  1.0177683e+000
 -2.9377773e-001
 -1.1544303e+000
  7.8924145e-001
  3.2141488e-002
 -6.5150940e-001
  1.7742742e+000
  3.4058671e-002
  2.8536629e+000
 -2.5479825e+000
  9.8531745e-001
 -2.2477326e+000
  2.9234151e+000
  1.1068716e+000
 -1.4472857e+000
  7.7976559e-002
  9.5327957e-001
 -1.5277757e+000
  2.9377846e+000
 -4.5487717e+000
  1.5494563e-001
 -1.8183333e+000
  5.5588643e+000
 -4.1387405e+000
  1.7905387e+000
 -9.9011682e-001
  8.5149505e-001
  1.2413664e-001
  5.9296980e-001
 -1.6006835e+000
 -2.2982507e+000
 -3.0993111e+000
  1.3671101e+000
  1.8754535e+000
  4.5969295e-001
 -1.7582499e+000
  9.4729783e-001
  8.8382952e-001
 -2.6393986e-001
  2.7249156e-001
 -4.4766335e-001
 -1.6855244e+000
 -5.5733675e-001
  3.2111444e-001
  2.2335641e+000
 -1.9686254e+000
  1.0019662e+000
  4.6330308e-001
 -2.1076015e+000
  1.3444773e+000
  2.2430114e+000
 -1.8860549e+000
 -1.4537454e-002
  9.6778316e-001
  2.8590740e+000
 -2.6749831e+000
 -3.0096836e+000
 -5.2540380e-001
  1.0589126e+000
  2.0354085e+000
 -3.2276685e+000
 -1.0826604e-001
 -6.4963284e-001
 -7.5483035e+000
  2.3415019e+000
  1.6204438e+000
 -2.8323298e+000
 -2.0954369e-001
 -9.7935100e-001
  3.7617140e+000
 -3.1751090e+000
  1.9425310e+000
 -1.0659675e+000
  1.8861542e+000
 -5.1392053e-001
 -4.1244082e-001
 -1.7179443e+000
 -3.6550395e-001
  1.5005431e+000
 -1.4484124e+000
  8.3391274e-001
  1.3124659e+000
 -1.4940345e+000
  1.4445506e+000
  4.9637768e-001
 -2.3472342e+000
  6.1534505e-001
  4.4910167e-001
 -1.8566898e-001
 -6.9059414e-001
  1.1972576e+000
 -9.7478494e-001
  2.2486427e+000
 -1.5178349e+000
  1.3807748e+000
 -1.0623532e+000
 -5.7631901e-001
  3.8396606e-001
  1.0266940e+000
 -1.7883644e+000
  3.0519776e+000
 -3.7877560e+000
  1.3432932e+000
  1.0243681e+000
  2.9028310e-001
 -1.5056987e+000
 -1.3067744e+000
  4.0914272e+000
 -2.8021070e+000
  5.5227037e-001
 -1.6551779e-001
  1.8091377e+000
 -3.1876471e+000
  7.8831659e-001
 -2.3772881e-001
  1.4227844e+000
 -7.3700626e-001
 -2.8680781e+000
 -2.9568191e-001
  4.3113390e-001
 -9.6076710e-001
  1.5014685e+000
 -3.4654108e-001
  3.5899224e-001
  6.3196300e-001
  2.0445258e+000
 -1.1366067e+000
 -1.6382488e+000
  1.6863275e+000
 -2.4967464e+000
  3.1441963e+000
 -3.2064568e+000
  1.3346693e+000
  4.1810537e-001
 -6.5382266e-001
 -7.5575554e-001
 -5.4182722e-001
  5.9282039e-001
  3.6876242e+000
  9.4760047e-001
  9.6040361e-002
 -8.5597748e-001
 -2.8554594e-001
 -1.1792657e+000
  1.0187047e+000
 -2.1104535e+000
  1.8765373e+000
 -1.8274947e+000
  2.9076275e+000
  1.6551328e+000
 -3.0855116e+000
  7.7123881e-001
 -2.8864154e-001
 -6.9368435e-001
  1.7207558e+000
 -2.3630820e+000
  5.2106545e-001
 -3.4402342e-001
  6.7128753e-001
  1.8016645e+000
 -9.9212503e-001
 -2.0309255e+000
  2.1874621e+000
 -1.3901571e+000
  1.2720715e+000
 -1.6580635e+000
  1.0230860e+000
 -6.1709587e-001
  6.9065490e-001
 -1.8227114e-001
  1.0589081e+000
 -8.9701541e-001
  3.5848901e-001
 -1.6804747e+000
  1.1468080e+000
  2.2652344e-001
 -9.9360244e-001
  4.5272441e-001
  5.9838705e-002
  8.1870613e-001
 -1.9578723e-001
 -1.5327081e-002
  5.8458831e-001
 -5.3128545e-001
  3.2429488e+000
 -4.6277965e+000
  1.3375635e+000
  6.3625700e-001
 -2.7355670e-001
  9.5858640e-002
 -4.0470157e-001
 -1.5089536e+000
 -1.5246546e-001
 -3.6035131e-001
  1.0582679e-001
  6.3461283e-001
 -9.6818972e-001
  2.5462359e+000
 -3.5334207e+000
  8.9493770e-001
  1.3163472e-001
  5.1624509e-001
 -2.0497817e-001
 -8.1061245e-001
  6.7382358e-001
 -1.0500144e+000
  3.3484496e-001
  1.1781937e+000
 -5.4022660e-001
 -1.2015045e+000
  3.3822981e+000
 -2.6110497e+000
  4.3199534e-001
 -1.7253947e-001
  1.0851978e-001
 -8.3281945e-001
  1.5239500e+000
  5.1288986e-001
 -1.8144915e+000
 -4.4339583e-001
  1.8671454e-001
 -1.2617206e+000
  2.9203981e+000
 -2.9893293e+000
  4.2911034e-002
  1.0900608e+000
 -3.0650223e+000
  8.4479751e-001
  1.9984976e+000
 -1.2885037e-001
  1.7993761e+000
 -3.7143548e+000
  1.0575261e+000
 -5.7369575e-001
  1.3245147e+000
  8.0380145e-001
 -2.1301693e+000
  4.6111465e-001
  7.3573379e-001
 -1.5969148e+000
  3.3948556e-001
  8.1946217e-001
  7.0943464e-001
 -1.4189093e+000
 -8.2145291e-001
  3.4630899e+000
 -3.0325803e+000
 -4.3050231e-001
  2.8403007e+000
 -1.4438867e+000
 -8.2443004e-001
  1.0959665e+000
 -3.4031134e-001
  1.8522301e+000
 -2.2293338e+000
  9.0825527e-001
 -4.9500077e-001
  1.6515351e+000
 -1.2339349e+000
 -8.2369504e-001
  9.6353779e-001
  1.9575224e-001
  1.2502329e-001
 -2.0920389e+000
  2.4605887e+000
  2.7953679e+000
 -4.1467283e+000
  2.5471534e+000
 -1.4575814e+000
  3.4430091e-001
  2.1824679e+000
 -2.7015728e+000
  2.5615147e+000
 -9.3751906e-001
 -4.2415073e+000
  6.7971108e+000
 -4.4233740e+000
  6.2001640e-001
 -1.6450237e+000
  1.8661844e+000
  5.9974739e-002
 -1.0482563e+000
  4.0033476e-001
  1.5655216e+000
 -2.4008861e+000
  2.2907144e+000
 -2.1331019e+000
  2.0563812e+000
  7.3742252e-001
 -1.8362630e+000
  3.1241247e-001
 -1.3302395e+000
  1.0594448e+000
 -1.7063738e+000
  9.4791363e-001
 -3.3758142e-001
  4.4084410e-001
  1.6778100e+000
 -1.9688313e+000
 -3.3191348e-002
  4.6832859e-001
  1.7276465e-001
  3.6485112e-001
 -5.4370167e-001
  3.5306967e+000
 -1.6187404e+000
  2.6988686e+000
 -4.3116071e+000
  8.7035729e-001
  1.1433880e+000
  5.1485073e+000
 -1.2068914e+000
 -1.5647761e+000
 -6.4343159e-001
  7.9322691e-001
 -5.0569393e-001
  1.8337823e+000
 -2.2297810e+000
  4.3027331e-001
 -1.1753333e+000
 -2.2279874e-001
  3.5231674e+000
 -1.4896787e+000
  1.4471330e+000
 -1.4315225e+000
 -8.6624748e-001
  1.7444620e+000
  7.9822100e-001
 -6.5336610e-001
  7.8555102e-001
 -2.1727632e+000
  8.7424562e-001
 -1.3821235e+000
  6.0725685e-001
  1.8799999e+000
  8.1369512e-001
  1.2109796e+000
  5.6828979e-001
  2.1347078e+000
 -2.0311639e+000
  1.7869699e+000
  3.5072465e-001
 -2.0328862e+000
  6.5000686e-001
  8.1271566e-003
 -8.9977270e-002
 -2.9024947e-001
 -2.6837354e+000
  4.2772846e+000
 -2.7736223e+000
 -3.5217476e+000
  1.6296845e+000
 -4.7278548e-001
  4.3099843e+000
 -1.5113844e+000
 -1.2499412e+000
 -6.4409566e-001
 -9.4650473e-001
  2.0976302e+000
  2.0449369e-001
  2.8790690e-002
 -2.2055424e+000
 -1.7238043e-002
  4.1603274e+000
 -2.9179494e+000
 -4.4168466e-001
  3.8385844e+000
 -4.5736680e+000
  5.4975552e-001
  6.6575175e-001
  2.6073824e+000
 -1.6148296e+000
  7.8965107e-001
 -4.1596125e+000
 -1.9378341e-001
 -1.7537129e+000
  3.9456710e-001
  1.9847101e+000
  6.1503017e-001
 -1.3368962e+000
 -3.7809055e+000
  2.2784766e+000
  2.0633455e+000
 -6.1404007e-001
 -5.7549189e-001
 -1.2723281e+000
 -2.2928809e-001
  5.7198821e-001
 -2.6251634e-001
  5.9415243e+000
 -3.8094912e+000
 -4.1398856e+000
  1.7247946e+000
 -3.6451934e-001
 -4.5682195e-001
 -2.6363462e+000
  5.5865290e-001
 -8.1870388e-001
  5.1950143e+000
 -2.7833673e+000
 -1.1910441e+000
  2.1237774e+000
 -8.9035854e-001
  1.6887632e+000
 -1.2864271e+000
 -3.1614540e+000
  1.8255468e+000
  2.3780357e+000
 -6.2810328e-001
 -2.6054302e+000
  1.4839327e+000
 -1.0293153e+000
  8.8069734e-001
 -3.4166213e+000
  4.9448951e-001
  1.7521726e+000
 -6.0354732e-001
 -3.1795338e+000
  7.0394084e-001
  7.2382031e+000
 -3.5352283e+000
  5.1493849e+000
 -6.9618052e+000
  1.8536960e+000
 -1.3169485e-001
 -1.3206514e+000
 -1.7067900e-001
 -1.3312643e+000
  1.6448038e+000
  1.0121588e+000
 -2.5271472e+000
  2.5387491e+000
 -1.4244572e-001
  2.2287577e-001
 -3.4298961e+000
  3.9205368e+000
 -4.0103381e+000
  1.0057512e+000
  1.5166577e+000
  5.1733771e-001
  1.1998998e+000
 -9.3818221e-001
 -1.7528540e-002
  4.9466465e-001
 -2.8839080e+000
  2.5893711e+000
 -3.4206749e-001
 -1.2833864e+000
  5.4987323e-001
 -4.4645693e-001
 -1.4091389e+000
  1.9294528e+000
 -7.4909100e-002
 -7.7624753e-001
 -7.6296136e-001
  2.5387691e+000
  1.9559730e+000
 -3.7175930e+000
  1.6580510e+000
 -1.5667857e+000
  1.3647943e+000
  3.8249610e-001
 -4.1546843e-001
  4.0955262e-001
  7.8882841e-001
  7.9335470e-001
 -7.2937888e-001
 -1.4898084e+000
  4.4894013e-001
 -1.5681690e+000
  7.7095119e-001
  1.2134294e-001
  2.6187819e+000
 -3.8154368e+000
  3.3165052e-001
  9.6683855e-001
  1.1146967e+000
 -1.1411985e+000
  2.7709225e-001
 -3.7755252e-001
  5.1203481e-002
 -6.9151877e-001
  2.2257780e+000
 -5.3263459e-001
  1.4814390e+000
 -8.9464502e-001
 -2.7044804e+000
  2.8961250e-001
  7.2280470e-001
  7.4743008e-001
 -2.6895907e-001
  2.6368972e-001
 -1.8505244e+000
  5.1936695e+000
 -1.3077570e+000
 -1.0299131e+000
 -8.9397558e-001
  2.4985185e+000
 -2.9451371e-001
 -1.4859369e-002
 -2.8185915e+000
  2.2128411e+000
  8.1795203e-001
 -1.7649547e+000
  9.0475431e-001
 -5.4704808e-002
 -1.0968975e+000
 -4.5914150e-001
  6.2118180e-001
 -1.9374076e-001
  7.3890830e-001
 -7.3749297e-001
 -2.3929234e-001
 -5.9822599e-001
 -3.4142106e-001
  8.5805821e-001
  1.2620551e+000
 -8.5853131e-001
  2.6283788e+000
 -3.0893808e+000
  2.7190779e+000
 -2.9159465e+000
 -4.2168732e-001
  2.0350777e+000
 -6.7157799e-001
  6.5650368e-001
 -6.2791834e-001
  2.1509106e-001
 -3.1154368e-001
 -3.6159582e-001
 -6.6241517e-001
  2.6753981e+000
 -2.3309454e+000
 -6.3914243e-001
  1.5701058e+000
  3.8757530e-001
  9.1289719e-001
 -1.3602867e+000
  5.8193196e-001
 -1.6445742e+000
  5.5437690e-001
  2.3249043e-001
  2.6089062e-001
 -1.4816883e+000
  1.2057936e+000
  4.1598563e-001
 -2.5957730e+000
  6.2830016e-001
 -1.3458846e+000
 -2.9071804e-001
  3.3351473e-001
 -1.8786387e-006
 -1.2574279e-001
  1.5643190e+000
  9.8781087e-002
  1.0006934e+000
 -4.4984490e+000
  2.0493407e+000
  5.8376207e-001
 -2.8878338e-002
 -1.9902726e+000
  2.6215501e+000
 -1.4776983e+000
  1.3973856e+000
 -1.7937823e+000
  5.3288742e-001
 -3.0910701e-001
  1.9112623e-001
  9.0030610e-001
  6.0018258e-001
 -1.0716677e+000
  6.6764742e-001
 -5.3581536e-001
 -1.1098899e-001
 -8.4356003e-002
 -3.4902047e-001
  5.8831472e-001
 -1.2128302e+000
  8.0239547e-001
  6.9865581e-001
 -1.0219274e+000
  5.3860756e-001
  2.6958600e+000
 -4.6442073e+000
  9.9427172e-001
 -3.2043458e-001
  9.0627977e-001
  1.0230111e+000
 -2.4885514e+000
  3.2297304e-001
  9.8421915e+000
 -5.3859599e+000
 -2.1017253e+000
 -4.8194123e-001
  3.1879092e+000
 -2.5742218e-001
 -6.4250024e-001
 -7.7633760e-001
  2.0178490e-001
  3.2082027e-002
 -9.4720306e-001
  1.4579004e+000
 -9.6166632e-001
 -1.4795706e+000
  1.7579917e+000
  1.8338407e+000
 -3.7307926e+000
  2.6373456e+000
 -1.7934170e+000
  1.7939563e+000
 -2.4254775e-001
 -1.6173116e+000
  1.8404950e-001
  1.5364350e-001
 -1.1199522e+000
  5.7272623e-001
  6.6607038e-001
  2.5795837e-001
  4.7425895e-001
 -7.8807367e-001
 -1.5155488e-001
 -5.6888858e-001
  6.7965224e-001
 -1.5916063e-001
  7.0685614e-001
 -1.0334203e+000
  4.2285083e-001
  7.1455246e-001
  2.8432464e-001
 -2.3216569e+000
  7.3530453e-001
  6.1354931e-001
 -6.3653516e-001
  1.0690452e+000
 -4.6166028e-001
 -1.5163716e-001
 -6.4142757e-001
  1.4960867e+000
 -1.1417540e+000
  8.7702333e-001
 -2.0455613e-001
  1.1017108e-001
 -5.6518635e-001
  1.0211744e-001
  1.0203664e-001
  4.6729657e-001
 -2.0050819e-001
 -5.1372621e-001
  1.8704376e+000
 -8.8489639e-001
 -6.1054580e-001
 -1.6844321e+000
  2.8199137e+000
 -2.7646967e+000
  6.2148455e-002
 -6.3651625e-001
  8.3338577e-002
  5.8342467e-001
 -4.3359553e-001
 -1.4439838e-001
  2.9651826e-001
 -2.3578676e-002
  3.2121828e-002
 -7.4943948e-002
 -1.2227171e+000
  8.1496858e-001
  3.8769505e-001
 -4.7072375e-001
  7.4370973e-001
 -6.6889694e-001
  7.4373120e-001
 -1.5495369e+000
 -9.6507920e-001
  2.9053512e+000
 -1.5106557e+000
 -5.8846836e-001
  3.6510591e-001
  3.8725217e-001
 -1.2550846e-001
  1.9177447e-001
  6.7667466e-001
  7.7732541e-002
 -1.2472338e-001
 -7.9746050e-001
  2.4954909e-001
 -7.5919476e-001
  8.0476536e-001
  7.8886553e-001
 -1.3058972e+000
  5.8272771e-001
 -6.5239014e-001
  3.0914134e-001
 -8.9931437e-001
 -2.9854349e+000
  2.8525383e+000
 -5.7280567e-001
  2.4555649e+000
 -4.9470360e+000
  2.4236719e+000
  1.3280114e+000
 -2.7444292e+000
  1.0211910e+000
  4.3473359e-001
 -1.5664503e+000
 -2.6762660e-001
  4.1787862e+000
 -3.4491986e+000
  3.4830778e-001
 -2.8364112e-001
 -7.6852414e-001
  1.8347170e+000
 -1.6000157e+000
  5.4132757e-002
 -6.8556705e-001
  3.4670321e-001
  1.5806286e+000
 -1.6250983e+000
  5.4824380e-001
  2.1011347e-002
 -3.2519782e-001
  1.3499699e+000
 -5.9430656e-001
  1.0533095e-002
 -6.1695601e-001
  1.2825079e+000
 -1.2923243e+000
  1.8637536e+000
 -1.8094901e-001
  3.5057402e-001
 -2.0545924e+000
  9.8324881e-001
 -4.7485497e-001
 -4.1907461e-001
  3.6102432e-001
  1.4218318e-001
 -1.8220426e-002
 -2.1229712e-002
  7.8562203e-001
 -1.2130872e+000
 -6.9552583e-002
  1.1072360e+000
  5.8552014e-001
 -1.5081809e+000
 -6.4623227e-002
 -6.2876840e-002
  2.2194973e+000
 -3.2491403e-001
  2.3993832e+000
 -3.6244682e+000
  4.7435877e-001
 -1.4359775e-002
  6.3827969e-001
  1.3450237e+000
 -1.2960778e+000
 -8.9829788e-001
  1.4657344e+000
 -1.4003574e+000
  5.5865058e-001
 -6.2163956e-001
 -4.8587390e-001
 -1.4842725e-001
  9.0594648e-001
  2.1074705e+000
 -6.9874465e-001
  9.5786667e-002
 -9.1149520e-001
  8.4955668e-001
 -6.7493725e-001
 -1.1659831e+000
  2.6548332e-001
  5.3970940e-001
  1.2433164e-001
  1.0132312e+000
 -7.7846270e-001
 -8.9635798e-001
  1.4463036e+000
  1.2800317e-002
  7.6428228e-001
 -1.9889723e-001
 -1.5388970e+000
  2.2273923e-001
  2.0736759e+000
 -3.3345526e+000
  1.2729593e+000
 -9.2452367e-001
 -1.9596393e+000
  6.2377529e-001
  1.7957687e+000
 -2.6508823e-001
  5.5933570e-002
 -8.7133557e-001
 -2.6233032e-001
  7.8206963e-001
  2.7376862e-001
 -4.2033312e-002
 -1.9887859e+000
  1.9594170e+000
 -2.9647394e-001
  6.9664503e-003
  6.1836886e-001
 -8.6140881e-001
  1.3695128e+000
  4.5044479e-001
  2.3949293e+000
 -2.2559993e+000
 -2.3124171e+000
  1.9448126e-001
  2.4604587e+000
 -1.5871894e+000
 -1.6608719e-002
 -6.4072809e-001
  6.1799669e-001
  2.2776051e-001
 -7.9056850e-001
  1.7209646e+000
 -1.7217406e+000
  9.3066267e-001
  9.9821035e-002
  4.2080905e-001
 -9.3273288e-001
 -8.4747959e-001
 -6.0736414e-001
  1.3481574e+000
 -1.3439163e-001
  1.3875311e+000
  1.5445651e+000
 -4.3965874e+000
  1.0531047e+000
 -4.8153990e-001
  2.0595179e+000
 -1.7311940e+000
  9.4333290e-001
 -1.7515560e+000
  4.5891427e+000
 -1.6797512e+000
 -3.3988671e-001
 -1.2057125e+000
 -2.2897853e-001
  6.4803590e-001
  8.3728905e-001
 -2.0017593e+000
  7.5248157e-001
  1.0635370e+000
  1.2731859e+000
 -8.8224140e-001
  2.0903773e-001
  2.7316282e+000
  4.7283321e-001
  1.9211419e+000
 -3.3021084e+000
 -2.1780663e-001
  3.5016113e-001
  1.9015615e+000
  5.4942198e-001
 -1.6838983e+000
 -1.4985827e+000
  1.3109143e+000
 -6.1219173e-001
  2.5582127e-001
 -4.2184688e-001
  1.1285636e+000
  1.1074108e+000
 -3.0497456e+000
  2.2107796e+000
 -2.0114921e+000
  3.4153187e-001
 -4.0801583e-001
 -4.6570619e-001
  3.0781004e+000
  2.9071397e+000
 -2.9159853e+000
  3.6670188e-001
 -9.3281337e-001
 -1.1438790e+000
 -5.8992323e-001
  1.4973365e+000
  1.2065532e+000
 -2.1830783e+000
  5.3522014e-001
 -5.0765278e-001
  1.7296734e+000
 -6.4252604e-001
  7.5790883e-001
 -1.1380969e+000
  6.3085374e-001
  6.4254973e-001
 -1.1445708e+000
 -2.0838412e+000
  9.1345673e-001
  5.1308794e-001
 -3.5072975e-001
  1.7932585e+000
 -1.2202693e+000
  1.1699002e+000
 -1.9423913e+000
  2.4299894e+000
  6.2326493e-001
 -1.3979206e+000
 -1.8068072e+000
  3.2350205e-001
 -1.3160368e-001
  2.1769651e+000
 -1.3779106e+000
 -5.5228931e-001
  2.6750599e-001
  1.9182942e-001
  2.0308702e+000
 -2.4672175e+000
  6.2976667e-001
  8.3956856e-001
  3.4375738e-001
  1.0500874e+000
 -3.2723593e+000
  9.5340768e-001
 -5.7103701e-002
 -9.3758292e-002
 -1.0110495e+000
 -9.8238700e-001
  2.3494360e+000
 -1.4921687e+000
 -3.1296088e-002
  4.7677056e-001
  1.0765983e+000
 -3.8235126e-001
  1.8300926e+000
 -1.3662886e+000
 -7.4866974e-001
  2.3939710e+000
 -1.8595085e+000
 -1.3579692e+000
 -2.7243608e-001
  3.7427287e-001
  8.7296573e+000
 -3.5209243e+000
 -6.5441542e-001
 -1.1441275e+000
 -2.1805966e-001
 -1.6202208e+000
 -3.0921327e-001
  2.9093295e+000
 -5.0888580e-001
 -4.8715205e-001
 -2.3126786e+000
  2.6093547e+000
  4.7716185e+000
 -7.0759925e+000
  4.4098368e+000
 -3.8459321e+000
 -5.4813503e-001
  2.3169411e+000
  6.9281590e-001
 -3.3208037e-001
  4.2650333e-001
 -2.9696819e+000
  5.0931969e+000
 -1.9595857e+000
 -1.0167608e-001
 -2.5304891e+000
  3.6493037e+000
 -1.5111001e+000
  4.8085112e+000
 -3.2943773e+000
 -2.4272688e+000
  6.5034917e-001
 -7.7177965e-001
  1.2106028e+000
  1.0783261e+000
  1.7998589e-001
 -1.8227943e+000
 -1.6263577e+000
  1.3148259e+000
  3.7339842e-002
 -2.0862233e-002
 -7.5716839e-001
  4.2796631e+000
 -3.3011283e+000
 -1.0561433e+000
  1.6421521e+000
  4.5713109e-001
 -3.8274626e-001
  3.1980150e-001
 -6.3023095e-001
  2.2514191e-001
  2.3472840e-001
 -1.2046478e+000
  1.2481276e+000
 -1.0248082e-001
 -1.6384265e+000
 -8.4765940e-001
  4.3510787e+000
 -3.3323114e+000
  4.1883453e+000
 -3.4277699e+000
 -7.2684507e-001
  8.9135104e-001
 -3.8092710e-001
 -1.4116096e+000
  1.0319881e+000
 -1.3866645e-001
  3.9082166e-001
 -8.3756328e-001
  1.1286483e-001
 -4.0352349e-002
  7.5316215e-001
  1.0357291e+000
 -2.5770284e+000
 -2.4005340e+000
 -7.3097184e-001
  1.3673630e+000
 -2.6056706e+000
 -2.9800450e+000
 -5.0977312e-002
  1.5361532e+000
  6.2735664e-001
  2.7009802e+000
 -2.9864508e+000
 -1.3860466e+000
  9.7579270e-001
  2.2787608e+000
 -1.5723635e+000
  5.5643436e-002
  8.0802947e-001
 -2.8392920e+000
  3.2626034e+000
 -1.2853261e+000
 -9.9143165e-001
  1.2977033e+000
 -9.8697197e-001
  1.4628041e+000
  2.8869644e-002
  1.9580450e+000
 -7.5001280e-001
 -4.6587184e-001
 -1.8004223e+000
  4.0334549e-002
  1.2094323e-002
  3.5102275e-001
  1.4049073e+000
 -2.6424944e+000
 -3.4532069e-001
  3.1939110e+000
 -8.6019356e-001
  4.0703580e-001
  1.8236079e-001
 -5.0281443e-001
  1.5225524e+000
 -1.7395243e+000
  6.8655975e-001
 -1.6764001e-001
  3.1505284e+000
  2.4315523e+000
 -1.1041084e+000
  5.4495397e-001
 -3.6722682e+000
  2.4171007e+000
 -6.8164448e-001
 -5.1570973e-001
  8.5659746e-001
  1.5543164e-001
 -2.0925725e+000
  3.0218376e+000
  7.0955359e-001
 -3.8474860e-002
 -2.6757520e+000
 -1.0781486e+000
  4.1746881e+000
 -2.4611735e+000
  7.3158081e-001
 -1.1299811e+000
  8.3447860e-001
 -1.4302268e+000
  9.3736087e-001
 -1.6076553e+000
  1.9119651e+000
 -9.6684731e-001
  9.5558532e-001
 -4.4213698e-001
 -8.9305237e-001
  2.0182165e+000
 -2.0418189e+000
 -6.9279319e-001
  2.2928381e+000
 -2.0473567e-001
 -1.1826564e+000
  1.3252353e+000
 -7.7056487e-001
  4.5433636e-001
  1.7541995e-003
  1.8435236e-001
 -5.7008712e-002
  1.1879345e-001
 -1.1098775e+000
  8.6198686e-001
  5.7686776e-001
  5.5952713e-001
 -2.4803632e+000
  7.7947569e-001
 -3.8021142e-001
 -2.8140930e-001
  3.4549091e-001
  7.2593479e-001
 -1.9148914e+000
  4.2842214e-001
  2.0675882e+000
 -1.5329103e+000
 -3.8875553e-001
 -2.0614174e-001
  1.5607726e+000
 -3.5146398e-001
 -3.2640343e-001
  8.3431188e-002
 -3.6820784e-001
 -9.4176994e-002
  3.3419799e+000
 -1.6363836e+000
 -1.2725188e+000
  2.7963649e-001
  6.8581931e-002
 -6.4525292e-002
 -6.1120312e-001
 -1.3987594e+000
  1.2928535e+000
  4.1626435e-002
  5.2725851e-002
  7.7313395e-001
  1.2782960e+000
 -2.5544219e+000
 -2.0544379e+000
  1.2015046e+001
 -8.9179187e+000
 -1.6370592e+000
  2.2676654e+000
  2.0390821e-001
 -6.9364915e-001
 -1.9571357e+000
  5.7025941e+000
 -3.2492573e+000
 -1.5280202e+000
  4.6369509e-001
 -1.2107583e+000
  3.8555963e+000
  3.1250370e+000
 -4.1752273e+000
 -1.1192015e+000
  9.9237654e-001
  2.1199917e+000
 -2.1976823e+000
 -2.3007401e+000
  1.6500343e+000
 -1.6615812e+000
  1.5767035e-001
  6.2661157e-001
 -1.5323844e-001
  1.6257546e+000
 -1.9652670e+000
  2.0847067e+000
 -1.7638220e+000
 -3.1339555e-002
  4.9241970e-001
  6.9380059e-001
 -3.9298984e-001
  1.8070008e+000
 -1.2960617e+000
  2.1691949e+000
  1.0099317e+000
 -3.8139192e+000
  1.1044585e+000
 -1.7201977e+000
  1.4513313e+000
 -9.1382728e-001
 -2.0162049e-001
 -5.9280128e-001
  1.0965705e+000
  1.3900082e-001
  6.8675042e-001
 -2.0216820e+000
  1.3252948e+000
  1.0108777e+000
 -2.9623284e+000
  6.9746132e-001
  1.0379023e+000
  7.4363727e-001
  1.1191976e-001
 -9.6396085e-001
  2.7315127e+000
 -2.4904399e+000
  8.0490728e-001
 -4.8656122e+000
  4.5286022e+000
  7.6071690e-001
 -3.4877943e+000
  6.4894326e+000
 -7.9884399e+000
  7.9501548e-001
  2.8735707e+000
  2.0042126e+000
 -4.1120929e+000
  4.5120088e+000
 -7.1490240e-002
 -1.7812758e+000
 -9.9150295e-001
  1.4919769e+000
 -8.4885058e-001
 -1.5037236e+000
 -1.6881072e+000
  3.0644372e+000
 -3.5811548e-001
  6.7282052e-001
 -3.9565408e-001
 -4.7114936e+000
  3.4240389e+000
 -4.8265958e-001
 -3.1754723e+000
 -1.9788934e-002
  3.2385157e+000
 -1.8606538e+000
 -1.8446452e+000
  2.6731556e+000
 -1.1028982e+000
 -4.8533923e-001
  1.1270389e-001
  1.0791294e+000
  3.6673484e+000
 -2.1274572e+000
 -8.4525601e-001
  4.9932557e+000
 -5.1694828e+000
  1.0497290e+000
 -5.5327930e-001
 -1.1252219e+000
 -4.3850329e-001
 -5.0279855e-001
  5.1583312e-001
 -1.4040055e+000
 -1.3827421e+000
 -5.4568275e-001
  1.5880932e+000
 -1.9155787e+000
  1.2771810e+000
  9.2249710e-001
 -1.1585373e+000
  1.7975378e+000
 -1.8917343e+000
  2.4908491e+000
  9.3980116e-001
 -3.2137211e+000
  7.1411241e-001
  1.4010256e+000
 -3.4512987e+000
  7.2095475e-001
  2.2455710e+000
  6.8752590e-001
 -1.6431594e+000
  5.9591667e+000
 -4.4060745e+000
  9.5312203e-003
 -3.1309461e+000
 -8.1708647e-001
  2.7779681e+000
  1.5002918e-001
  8.5437526e-002
 -6.5203307e-001
 -3.4412586e-001
 -1.5352816e+000
  1.4777519e+000
 -9.3232899e-001
  1.8880887e+000
 -6.1523385e-001
  6.7532327e-002
 -5.5969213e-001
  4.2510897e-001
  1.9539664e+000
 -1.8206878e+000
  1.3215119e+000
 -7.2686863e-001
  7.4299341e-001
 -1.2477965e+000
 -1.2726273e+000
  3.4691785e-001
  2.0505882e+000
 -3.2123325e+000
  1.5388368e+000
 -1.1489365e+000
 -2.0869635e-002
  1.7592023e+000
 -2.3462742e-001
 -5.4320842e-001
 -7.9141328e-001
  3.4144162e+000
 -2.2378134e+000
 -7.0758679e-001
 -4.2815343e-001
  7.6615424e-001
 -1.0261857e-001
 -2.1074934e+000
  2.4541507e+000
  4.2059354e-001
 -2.8386312e+000
  4.0755127e+000
 -2.3962695e+000
 -1.6693926e+000
  4.1617352e+000
 -4.1910715e+000
  3.5246918e+000
 -1.1616801e+000
 -1.5205934e+000
  9.0512932e-001
 -1.0227668e+000
 -8.6673408e-001
  9.5727495e-001
  1.2052091e+000
 -1.1988413e+000
  5.9080420e-001
 -3.9093295e-001
  5.8337213e-001
  7.7305203e-001
 -2.6288817e-001
  3.2754226e-001
 -4.9417534e-001
  1.1156198e+001
 -1.1932061e+001
 -7.6743950e-001
  1.8466879e+000
  1.0310224e-001
  7.0894127e+000
 -1.2899817e+000
 -2.3022178e+000
 -3.3819434e-001
 -7.2860735e-001
  9.5752299e-001
 -6.6064644e-001
  1.9263781e+000
 -2.2472854e-001
  1.1057939e-001
  6.7464550e-001
 -3.3441635e+000
  1.5863738e+000
  9.0918505e-001
 -4.2863094e-001
 -1.7250958e+000
  3.1177915e-001
  8.1255169e+000
 -2.7338104e+000
  1.4044247e+000
  6.2053888e-002
  1.0212169e+000
 -2.2841621e+000
 -1.5427706e+000
  1.0179341e+000
 -6.5050507e-001
  9.4957881e-001
  4.5441342e+000
