  6.7183461e+000
  5.4581160e-001
 -1.5020313e+000
 -3.1011115e+000
  5.5471858e-002
 -1.0744757e+000
  2.6487465e+000
  3.5262112e+000
 -2.4251508e+000
 -4.5390577e+000
  4.9540381e+000
 -6.9969610e-001
  1.8657373e+000
 -5.7953837e+000
  5.1579838e+000
 -1.8457072e+000
  2.1326160e+000
  1.7572582e+000
 -4.7805790e+000
 -1.1764257e+000
  5.2632658e+000
 -2.8249026e+000
  5.8656377e-001
 -4.2682918e+000
  1.5929470e+000
 -3.6467313e-001
  4.1247517e+000
 -4.1922586e+000
 -3.6351854e-001
  3.3639479e+000
  4.1798578e-001
  7.5210040e-001
 -8.1855985e-001
  3.4945111e+000
 -6.8024834e+000
  1.4644693e+000
  1.1522279e+000
  1.0289547e-001
  3.1379321e-002
  3.6382267e-002
  7.5821472e-001
 -2.0736399e-001
 -8.0687602e-001
  4.3007428e+000
 -1.3905474e+000
  1.1167578e-001
  2.6037216e+000
 -4.2406720e+000
  8.6561615e-001
  6.3143050e+000
 -1.4215104e+000
  5.1652917e+000
  5.7212879e+000
 -6.5430309e+000
 -1.9800154e+000
  2.5413887e+000
  2.2544389e+000
 -2.2029223e+000
 -3.8315507e-001
  1.8570365e+000
  6.0891921e-001
  1.7240982e+000
 -2.9695113e+000
  3.0854868e+000
  2.7026468e+000
  3.5676495e+000
 -2.6224662e+000
  4.4258843e-001
 -2.9280213e+000
  3.2749569e+000
 -2.9784286e+000
  8.6724955e-002
  2.4911534e+000
 -2.8812637e-001
 -4.0351102e-001
  1.1038325e+000
  8.8876639e-001
 -1.6731239e+000
 -1.4039450e+000
  3.0758879e+000
 -1.6434107e+000
 -4.7909532e+000
  2.4489216e+000
 -2.1434293e+000
  7.6043087e-001
  4.9091662e-001
 -7.7238497e-001
  1.1583540e+000
  6.9251288e-001
  1.0595535e+000
 -1.4627353e+000
 -1.9969420e-001
  1.1213733e+000
  6.3399462e-001
  4.1545693e+000
 -3.9572809e+000
  2.3937596e-001
  4.0034890e-001
 -1.0359831e+000
 -1.0491966e+000
  4.3434544e+000
 -1.7426811e+000
 -1.9789535e+000
  8.2183082e+000
 -9.4852511e+000
 -1.5251120e+000
 -2.3490864e+000
  3.5102918e+000
 -1.2961691e+000
 -3.4852899e-001
 -1.7185842e-001
  9.6977814e-001
  3.0496905e+000
 -3.9102347e+000
  1.3246355e+000
 -2.4728741e-001
  9.5345492e-001
  3.5952157e-001
  1.4892703e+000
 -2.6121769e+000
  5.2907127e+000
 -2.7254250e+000
  3.0477499e+000
 -7.1797265e+000
  3.9214413e+000
  8.8877417e-001
 -3.0540104e+000
  4.9917816e+000
 -3.8261426e+000
 -3.2268395e+000
  2.5508641e+000
  2.1623876e+000
 -3.3956467e+000
 -2.8614886e-001
  1.1917294e+000
  5.5036180e-001
  4.4099099e+000
 -3.3766140e+000
 -6.8154670e-001
 -1.9037496e+000
  1.7595506e+000
 -9.3394071e-001
  1.2390940e+000
  2.9310487e-001
 -3.5251549e-001
  8.1724498e-001
  1.3696982e+000
 -3.4642658e+000
 -4.3008641e-001
  1.8497463e+000
  6.3482737e-001
  1.2342981e+000
 -2.8181073e+000
 -2.5482592e-001
  2.3764625e+000
  2.5831205e-001
 -2.2369717e+000
  1.7560736e+000
 -2.3036516e+000
  1.1097063e+000
  3.1479364e+000
 -5.2085214e+000
  2.8281611e+000
 -1.6773053e+000
 -2.0909742e-001
  7.1829488e-002
  9.0646510e-001
  2.4207153e-001
 -9.1906872e-001
 -3.0048910e-001
 -1.1308840e+000
  2.4938314e+000
 -2.8113959e+000
  2.8098589e+000
 -1.2243652e+000
 -3.3437356e-001
  2.4951368e+000
 -1.9251756e+000
  6.9249240e+000
 -7.0856047e+000
  3.8640788e-001
  1.1246906e+000
  5.4746086e+000
 -6.8655673e+000
  7.7161754e-001
  2.3722100e+000
  1.7523067e+000
 -7.2978482e-001
  2.6192106e+000
  1.8067642e+000
 -2.2685053e+000
  3.9998820e+000
 -2.0747427e+000
  6.0251246e-001
 -3.2118224e+000
  2.9662742e+000
  3.0773499e+000
 -1.2273566e+000
 -3.2815537e+000
  3.4444217e+000
 -3.2269117e+000
  3.2404526e+000
 -3.4732663e+000
  2.5205983e+000
 -4.5114461e+000
  6.8032232e-001
  1.7020383e+000
  3.0588014e-001
  2.2963230e+000
 -3.4776540e+000
  6.5223290e-001
  2.7286330e-001
 -4.2398358e-001
 -1.2525067e+000
 -1.1240817e-001
 -4.8329953e-001
 -3.0074040e-001
  9.0026462e-001
 -3.1715186e+000
  5.6127676e+000
 -3.0828639e+000
  1.3983109e+000
  4.5266704e-001
 -1.5846378e+000
  5.6625319e-001
 -8.7278980e-001
  6.1490831e-001
 -1.3563447e+000
 -6.8859046e-002
  2.2068956e+000
 -2.2500596e+000
 -9.3844587e-001
  3.5024397e+000
  1.9612746e+000
 -4.0061919e+000
  1.1944710e+000
  2.3960371e+000
 -3.0706112e+000
  9.5993424e+000
  3.5509999e-001
  1.8829368e+000
  1.9675447e+000
 -1.6091646e+000
  1.5222593e+000
 -2.2785495e+000
  3.4250277e+000
 -5.8268100e-001
 -9.9602756e-001
  4.8646507e-001
 -1.4465273e+000
 -5.7877335e-003
  7.9423380e+000
 -5.0721289e+000
 -1.3310534e+000
  5.4653493e-001
  1.3654251e+000
 -1.1543135e+000
 -6.1020792e-001
  1.9594717e+000
 -8.3151538e-001
  2.2554123e+000
 -1.9023133e+000
 -1.4940332e+000
  7.8121654e-001
  6.6037017e-001
  2.7603144e+000
 -1.0217953e+000
 -3.7468810e+000
  3.6455457e-001
  1.5160588e+000
  7.4320508e-001
 -1.0033716e+000
  6.9697626e-001
 -2.4707420e+000
  4.9132082e+000
  1.7584578e+000
 -3.8458500e+000
 -4.0861257e-001
 -1.0665999e+000
  6.7060201e-001
 -7.0594702e-002
 -7.9598796e-002
  4.8125892e+000
 -4.0744319e+000
  7.7492284e-001
  1.3689036e+000
 -2.3829495e+000
 -5.3888170e-001
  1.8531403e-001
  3.4490691e+000
 -1.2323762e+000
 -3.6463997e+000
 -7.5292818e-001
  3.6382857e+000
 -9.1486596e-001
  2.4819291e+000
  1.1289586e+000
  1.1210221e+000
  3.8422850e-001
 -1.7131270e+000
 -3.0011559e+000
  3.9730185e+000
 -1.2578108e+000
  2.4784093e+000
 -6.4570927e+000
  2.0026181e+000
  1.8122006e-001
  4.2514673e+000
 -1.9867092e+000
  4.2263531e-001
 -6.4803253e-001
  5.3509386e-001
 -3.5712139e-001
 -1.7654358e+000
  1.3144851e+000
  1.0089118e+000
  6.1155939e-001
 -1.1271500e+000
 -9.4550928e-001
  4.3645273e-001
 -2.6112766e-003
  2.2664543e+000
 -4.0094198e+000
  3.1840771e+000
 -2.2964792e+000
  3.3473420e+000
 -2.4039630e+000
  3.0617437e+000
  1.9877406e+000
 -5.0598125e+000
  1.5229548e+000
  3.0121623e+000
 -2.1438739e+000
  9.9534296e-001
  8.9121790e+000
 -1.0555987e+001
  3.1042172e-001
  5.1692319e+000
 -2.7611941e+000
  5.3752554e+000
 -6.1157010e+000
  1.2618548e-001
  4.7785077e-001
  1.0880969e+000
 -2.8055731e+000
  4.0429950e+000
 -9.3515374e+000
  7.8303074e+000
 -6.6946969e+000
  4.1327693e-001
  1.5059830e-001
  2.5850811e-001
  3.6229573e+000
 -9.1945235e-002
  4.5625151e-001
 -1.2387347e-001
 -4.2289188e+000
  1.8493679e+000
  7.8815996e-001
 -1.0363175e+000
  8.5952429e-001
  6.0509850e-001
 -9.4688220e-001
  1.7857102e+000
 -3.4094552e+000
  1.0199790e+000
  1.0803924e+000
  4.6676090e-001
 -2.2377357e-001
 -1.8866731e+000
  2.1561275e+000
  1.2551816e+000
  2.9556382e-001
 -2.7591185e+000
  1.5465549e+000
  1.8897530e-002
 -3.1357608e-001
  3.7840265e-001
  9.2750243e-002
 -2.5722285e+000
  2.1779447e+000
  1.8247444e+000
 -2.2730721e+000
 -1.7435202e-001
  4.5831701e+000
 -5.0828593e+000
  1.0118315e+000
  7.0304172e-001
 -1.0446210e+000
 -8.7482962e-001
 -1.5422450e+000
  3.9200975e+000
 -2.7353828e+000
  5.9666256e-001
 -1.7879904e+000
  2.4847955e+000
 -1.8901019e+000
  1.9529546e+000
 -3.6310881e-001
 -3.1960386e-001
 -3.8731850e-001
  3.1436292e+000
  3.9331790e+000
 -4.8932176e+000
  1.3483971e+000
  2.5628429e+000
 -4.6142163e+000
  2.3139065e+000
  4.5380631e+000
 -7.0854680e+000
  4.0997656e+000
 -1.6556129e+000
  7.1103713e+000
 -7.6027866e+000
  2.9762356e+000
  1.8407391e+000
 -1.2666498e+000
 -3.2332919e+000
  2.8980901e+000
 -1.4030970e+000
  2.6879646e-001
 -3.6812962e+000
  4.3106320e+000
 -4.9941502e+000
 -3.5968549e+000
  5.2326637e+000
 -4.8504826e-001
 -4.7746944e+000
  4.0537538e+000
  2.4899096e+000
 -3.6808075e+000
  1.2279042e+000
  7.5934595e+000
 -2.1567588e+000
 -1.8661971e+000
  3.0904539e-001
 -2.5262191e+000
  2.3454385e+000
 -2.0122021e+000
 -7.7387790e-001
  2.8456358e+000
 -2.7758273e+000
  1.3223883e+000
  1.1523794e-001
  1.9524496e+000
  2.6820751e+000
 -1.3750786e-001
 -4.7302446e+000
  3.0730068e+000
  7.1374985e-001
 -2.5336500e+000
  7.2739355e-001
  3.5939282e+000
  4.5952911e-001
 -7.5288352e-001
 -3.7179693e+000
  2.2686162e+000
 -2.4845012e+000
  5.8752716e+000
 -1.6943099e+000
 -4.5795997e+000
  3.7958514e+000
 -1.2325524e+000
  1.2265198e+000
 -2.7673968e+000
 -3.8001218e+000
 -7.6545014e-001
  5.1135766e+000
 -2.8975408e+000
  1.8086758e+000
 -5.4402177e-001
 -7.9452369e-001
  2.6614729e+000
 -3.2335503e+000
  1.0480252e+000
  1.8221509e+000
 -1.7503360e+000
  2.1192634e+000
 -2.7357638e+000
  1.5865947e+000
 -2.5685890e+000
  2.0626908e+000
 -7.3956608e-001
  2.3810849e+000
  3.6224130e+000
  3.5630983e-001
 -2.5251959e+000
  1.0350145e+000
 -1.6715802e+000
  3.2495464e+000
  4.0606447e-001
 -6.9855472e-001
 -1.3463627e+000
  1.0101272e+000
  1.8609362e-001
  1.2724695e+000
 -4.8524671e-001
  2.9357909e+000
 -4.5845192e+000
  2.2957012e+000
 -1.1414807e-001
  9.1285326e-001
 -7.9769975e-001
 -1.6019913e+000
  2.0010323e+000
 -3.9017468e+000
  2.3590196e+000
 -2.0944656e+000
 -1.0260314e+000
  5.3155046e-001
 -1.3139696e+000
  5.5497169e+000
 -3.5294158e+000
 -1.0088423e+000
 -1.2804258e+000
  2.5643976e+000
 -1.7139738e+000
 -2.2587988e+000
  2.3024816e+000
  3.3070630e+000
 -4.8185970e-001
 -3.6734233e-001
 -2.3441299e+000
 -3.0867589e-001
 -5.9214373e-001
 -5.9864473e-001
  2.3091608e+000
 -1.7884267e+000
  3.7305503e+000
 -3.9147552e+000
 -3.3706150e-001
  1.3379626e+000
  2.4657770e+000
 -3.7201585e+000
  2.7947236e-001
 -1.3725176e+000
  6.4836415e+000
 -6.3810906e+000
  1.3561496e+000
  3.5878445e-001
  5.8186271e+000
 -5.0441811e+000
 -4.3761847e+000
  7.0365241e+000
 -3.8538304e+000
  5.0051777e-001
 -2.5149552e-001
  1.0978904e+000
  7.1747247e+000
 -1.9776099e+000
 -2.0691135e+000
  4.5321096e+000
 -4.5844322e+000
  1.5897367e+000
 -1.8530866e+000
  3.3126768e-001
 -1.6002872e+000
  2.3110647e+000
  7.8654172e-001
 -1.7096011e-001
  3.2935157e+000
 -4.3799217e+000
  1.4314465e+000
  9.8018497e-001
 -4.2508399e+000
  2.1017289e+000
  3.6269061e+000
 -1.9302236e+000
 -9.4151342e-001
  1.1047059e+001
 -1.0949187e+001
  2.4638901e+000
 -4.6474649e-001
  1.7881092e+000
 -1.1469246e-001
  3.1671629e-001
 -1.1886949e+000
  1.4850533e+000
  2.0935257e+000
  1.4073140e+000
 -3.8425680e+000
  2.5108414e+000
 -1.1870827e+000
  7.6622976e-001
 -6.2867126e-001
  3.5705627e-001
  1.3978613e+000
  1.3122758e+000
 -1.6267937e+000
  1.2297527e+000
  1.0568220e+000
  1.3833776e+000
 -3.0659188e+000
  2.5026741e+000
 -4.2143394e+000
  1.2816960e+001
 -8.2763657e+000
 -6.2732252e-001
  1.5278772e+000
 -4.6054474e+000
  5.0328965e-001
  3.6553750e+000
  3.6163926e-001
  1.0949511e-001
  2.6341863e-001
  2.2777293e-001
 -2.5295945e+000
  2.3884762e+000
  8.2094433e-001
 -2.5429996e+000
  1.5578695e-001
 -4.1221398e-001
  3.2845799e-001
 -2.1393951e+000
  1.5440754e+000
  1.4181522e+000
  7.0401520e-001
 -1.9280864e+000
  1.0698768e+001
 -9.6126937e+000
 -4.1811672e-001
 -1.8420217e-001
  3.5000957e+000
  2.3555098e+000
  6.5381039e+000
  5.8925156e+000
 -7.9691447e+000
 -1.5626753e+000
  1.5498234e-002
  4.5466858e+000
 -2.1328391e+000
 -5.9168518e-001
 -1.4955936e+000
  4.5753987e+000
  8.0252503e+000
 -2.3045423e+000
 -1.9183385e+000
  4.9500183e-002
 -9.5994279e-002
  1.5124830e+000
 -1.3873147e+000
 -3.1492604e-001
 -6.9025255e-001
 -5.3586909e-001
  8.8039091e-001
  1.9779343e+000
  4.4130044e-001
 -2.1959078e+000
  7.7931916e-001
  2.0135247e-001
  8.7031113e+000
 -3.6935106e+000
  1.6445964e-001
 -1.2458409e+000
  1.8873334e-001
 -9.1200346e-001
 -8.6494930e-001
 -2.3809565e-001
  1.1496326e+000
  1.5738145e+000
 -2.2868965e-001
 -3.0326606e+000
