  1.0986777e+001
 -1.3935014e+000
  2.1037326e+000
 -9.5533437e+000
  5.1577080e-001
 -1.1865803e+000
  5.5163488e+000
 -6.2045999e+000
  4.6933978e+000
 -4.6010738e+000
  4.7594622e+000
 -7.4996117e-001
 -3.5221975e-002
 -2.5935745e+000
  3.5159132e+000
  2.6599859e-001
 -2.2614363e+000
 -1.4088856e+000
  6.8816104e-001
  6.3156781e-001
 -5.1571917e-001
  5.5862898e-001
  3.6482892e+000
 -1.6924403e-002
 -2.5447442e+000
  1.7544487e+000
  1.5362392e+000
 -7.6934375e-001
 -3.5322654e-001
  1.4006999e+000
 -2.3626523e+000
 -4.9863273e+000
  5.0575131e+000
  3.2934529e-001
 -2.6463914e+000
  9.3239889e-001
 -2.2659429e+000
  7.7295717e-001
  2.7529390e+000
 -3.0989810e+000
 -6.3228939e-001
  4.3603212e+000
 -2.1576585e+000
 -2.2475786e+000
  2.8414877e+000
 -3.3883830e+000
  3.3380605e+000
  7.1756769e-001
  2.7094124e+000
 -8.6659023e-001
 -2.2851534e+000
  3.5776575e+000
 -3.3092388e+000
  4.9749582e+000
 -3.5703261e+000
  3.3060025e+000
 -3.2272043e+000
  4.0501973e+000
 -7.1695398e-001
 -1.1622894e-001
 -1.8233453e+000
 -5.8052149e-002
  1.4362576e+000
 -1.1679843e+000
 -1.6873365e+000
  4.2548722e+000
 -1.1326429e-001
 -1.3057261e-001
 -7.4252950e-001
  1.2914436e+000
  3.6298580e+000
 -3.0444553e+000
 -2.5655987e-001
 -1.6672714e+000
  1.5366977e+000
  2.4821230e+000
 -7.9847308e-001
 -2.5170156e-002
 -2.5849757e+000
  4.4746847e+000
 -4.7388751e+000
  3.5463188e+000
 -9.7005535e-001
 -5.9527246e-001
  3.6825018e+000
 -3.9910691e+000
  6.8554299e-001
  9.3672358e+000
 -7.3162658e+000
  2.9134437e-002
  1.8524046e+000
  2.6824221e+000
 -1.6324166e+000
  6.2037549e-001
  2.4493110e+000
 -3.8753863e+000
 -8.5793439e-001
 -1.1047741e+000
 -1.0172073e+000
  5.5660352e-001
  3.0227543e+000
  1.6511735e+000
 -1.5693423e+000
  1.7435091e+000
 -9.7404500e-001
 -5.5316190e+000
  1.5724732e+000
  5.5237018e-001
 -8.3979400e-001
  3.2985047e+000
 -2.3458563e+000
 -7.4486374e-001
 -1.1316110e+000
  2.7565808e+000
 -1.4250087e+000
  1.0244105e+000
 -3.2564537e-001
  7.8592410e-001
 -2.9306206e+000
  1.7007758e+000
 -4.8008848e-001
  1.9317260e+000
 -1.7588996e+000
  2.0807809e+000
 -4.1564302e+000
  1.6176345e+000
  3.2914423e+000
 -1.2076909e+000
 -2.5175778e+000
  4.4129937e+000
 -5.1450721e+000
  3.2588150e+000
 -1.4764130e+000
 -1.4013568e+000
  1.3295993e+000
  4.7053548e+000
 -2.2295822e+000
  4.1009103e-001
 -1.0202167e+000
  3.9320603e-003
  2.2919258e+000
  8.0801018e-001
 -1.4632391e+000
  4.3179610e-001
 -1.6473542e+000
  2.4676095e+000
 -6.8750899e-001
 -3.1337119e+000
 -7.3951288e-001
  2.2389804e+000
  1.9957479e+000
 -1.5336313e+000
 -1.3247700e-001
  1.2476110e+000
 -4.2080195e-001
 -1.0160086e+000
 -3.2984689e-001
  6.5295995e-001
  3.3556945e-001
  4.3561398e-001
 -1.4464587e+000
  2.0313625e-001
  3.9955147e+000
 -2.7806718e+000
  2.7611351e+000
 -4.7530442e-001
 -1.2195319e+000
 -3.8637592e-001
  1.2881304e+000
  6.0857865e-001
  9.1857436e-001
 -3.2064144e+000
  1.3562907e+000
 -2.5870273e+000
 -1.5472922e-001
  5.0478162e-001
  1.7600206e+000
 -9.7444749e-001
 -2.6613434e+000
  2.2603699e+000
 -1.4613597e+000
  9.0465442e-001
  4.6653883e-002
 -2.5534868e+000
  2.3445917e+000
  2.2294826e+000
  1.1892772e+000
  3.9039023e+000
 -7.1729467e+000
  3.9032474e+000
 -3.2300965e+000
 -3.7869726e-001
 -3.0437922e-001
 -8.4280490e-001
  3.2644108e+000
  1.2069175e+000
  6.3719186e+000
 -7.4498787e+000
 -1.3357011e+000
 -2.2940691e+000
  2.3735417e+000
 -2.3736581e+000
  4.3073443e-001
 -1.7537552e+000
 -1.0491308e+000
  3.9268263e+000
 -3.4167254e-001
 -1.9116255e+000
  1.1456297e+000
 -4.9706395e-001
  1.4699571e+000
 -5.1324722e-001
 -6.4323381e-001
  1.0947192e+000
  1.9756566e+000
 -1.9239450e+000
 -7.0707356e-001
  1.2299137e+000
  3.7769410e+000
 -4.1030668e+000
  3.1989550e+000
 -1.9261671e+000
 -2.9552389e+000
  4.0413876e+000
 -6.9940430e-001
  1.9452379e+000
  5.9710294e-001
  9.4746969e-001
 -5.9150842e-001
  3.9999825e+000
 -1.0552057e+000
 -6.6521574e-002
 -7.1055344e-002
  1.1154241e+000
  3.3832704e+000
 -6.6717312e+000
  2.7920389e-001
 -8.2359802e-001
  3.0127403e+000
 -1.3843795e+000
 -7.8077572e-001
  1.2608932e+000
  6.1359810e-001
 -3.4918769e+000
  7.2780684e-001
 -3.5853280e-002
  7.6161346e-002
 -2.4361796e-002
 -3.3004597e-001
  6.8741741e+000
 -4.4986413e-001
 -2.1107064e+000
 -2.9826467e+000
 -2.8876792e+000
  6.0213270e+000
  9.6876197e+000
 -1.2972320e+001
  5.2876427e+000
 -2.5988462e+000
  1.1909991e+000
 -1.2193003e+000
  1.6152322e+000
 -3.2569348e+000
 -2.1823812e-001
 -2.3028058e+000
  8.9116769e-001
 -1.1676668e+000
  8.7963126e+000
 -5.9717773e+000
 -9.4770292e-001
  3.1327683e+000
 -3.1427327e+000
  3.4644920e+000
 -4.1972525e+000
 -1.0808865e-002
  1.5761827e+000
  1.8677988e-001
 -5.9214379e-002
 -1.2422757e+000
  3.5329477e-001
 -2.1281244e-001
  7.4638717e-001
 -1.0625276e+000
  2.5348936e+000
 -2.9793958e-001
 -7.0365253e-001
  6.1405827e-001
 -1.1599348e+000
 -5.6820468e-001
  9.8566520e-001
 -7.3029813e-001
  1.8191830e+000
 -1.7128845e+000
 -7.9785741e-002
  1.5091375e+000
 -1.0337017e+000
  2.3700997e+000
 -6.8303560e-001
 -1.6120125e+000
  1.8785173e+000
  3.3898736e-001
  6.4651225e-001
  1.1422883e+000
 -1.7035755e+000
  1.0275581e+000
 -2.4937729e+000
 -1.4244236e-001
 -1.9107184e-001
  1.8183558e+000
 -2.5313261e+000
  6.2947908e-001
  1.3379388e+000
 -9.4912732e-001
 -3.9354066e-001
  1.4236303e+000
  7.0961615e-001
 -1.2705769e+000
  2.4527926e+000
 -4.9729828e+000
  2.0447672e+000
 -3.1093089e+000
  4.2079086e+000
 -2.8330988e+000
 -1.4928901e+000
 -3.5564978e-001
 -1.1514791e-001
  1.7522456e+000
  5.3957367e-001
 -1.0024253e+000
 -1.7296652e+000
  2.4235439e+000
 -9.6482393e-001
  2.2791085e+000
 -2.6428750e+000
  1.6717738e-001
 -2.4584982e+000
 -3.0342397e-001
  1.1180985e+000
 -9.7069266e-001
  3.5783047e+000
 -1.9658774e+000
  3.4503004e-001
 -2.0044671e-001
  2.9155250e-001
 -1.0748781e+000
  1.7608316e+000
 -8.4088029e-001
 -8.5904658e-001
 -1.7822724e-001
  4.2041994e+000
 -1.9173098e+000
 -1.0658754e+000
 -1.7859628e+000
  2.7161067e-001
  8.8681001e-003
  2.2183316e+000
 -4.0719852e-002
  2.9287729e+000
 -4.7149405e+000
  2.9747441e-001
  1.5503539e+000
 -1.0892170e+000
 -1.2041449e-001
  5.0805590e+000
  3.0515017e+000
 -3.3119953e+000
 -2.2238695e+000
 -2.9262809e+000
  1.8364138e+000
 -9.1239741e-001
 -1.0679854e+000
  4.9543580e+000
 -4.9124648e-001
 -3.3416649e+000
  8.7139587e-001
 -1.9197195e-001
 -6.0669394e-001
  4.6390975e+000
  8.5586320e-001
 -2.9527079e-001
 -1.7429811e+000
  6.2334750e-001
 -2.0007233e+000
 -1.7247004e+000
  4.4199995e-002
  5.6169023e-001
 -4.5709813e-001
 -1.3586356e+000
  2.4501741e+000
  4.3757281e-001
 -1.9048990e-001
 -1.6061481e+000
  9.7149216e-001
  1.0385401e+000
 -3.0841504e-001
 -4.1839945e-001
 -1.2521005e+000
 -1.0325923e+000
  4.5702519e+000
 -2.1871612e-001
 -3.5376072e+000
  2.5043876e+000
 -1.5412979e+000
  1.1322262e+000
 -1.8118137e+000
  1.3247479e+000
  1.1734349e+000
 -7.3671854e-001
 -5.5581208e-001
  2.4114312e-001
  8.0348914e-001
 -3.1541353e+000
  3.7964083e+000
 -8.5504071e-002
  2.1181807e+000
 -4.1502430e+000
  5.7479709e+000
 -4.9593220e+000
  6.5184627e+000
 -6.3029732e+000
 -8.5625800e-001
  2.2239300e-002
 -2.7021919e+000
  4.9017278e-001
  2.1773906e+000
 -6.9704518e-001
 -4.8804639e-002
  2.0124892e+000
 -6.4965724e-001
  2.1973646e+000
 -1.2411253e+000
 -2.3643580e-001
 -2.7611309e+000
  2.4813482e+000
  3.0513242e-001
 -9.1015433e-001
  5.4724566e-002
 -6.3582353e-002
  9.9102371e-001
  8.4111890e-001
 -1.4827151e+000
  8.8026467e-001
 -5.0213111e-001
 -7.5849052e-001
  3.6928308e-001
 -4.6821923e-001
  1.4058444e+000
  1.1135517e+000
 -5.6822369e-001
  1.6924126e+000
 -2.4397131e+000
 -1.0903636e+000
  5.2598518e-001
 -4.1016318e+000
  4.4092151e+000
 -1.2467722e+000
  1.2770998e+000
 -1.0741983e+000
  1.4154202e+000
 -2.0688773e+000
  2.3791789e+000
 -2.7076443e+000
  2.6993753e+000
  2.4409093e+000
 -2.1079303e+000
 -5.7074928e-001
 -7.3717201e-001
  1.9630277e-001
 -4.4082648e+000
 -3.5170984e+000
  2.2286658e+000
  3.9075230e+000
 -5.4571607e+000
  5.0128498e+000
 -3.3501918e+000
  3.4146447e+000
  5.6202030e-001
 -3.0151310e+000
  3.7331119e+000
 -9.7527778e-001
 -1.2671863e+000
  4.9765508e+000
 -2.6840960e+000
 -5.3248564e+000
 -4.7579449e-001
  8.8858917e+000
 -2.4586839e+000
 -1.3211624e+000
 -1.4966826e+000
 -1.4345303e+000
  2.0565384e+000
 -3.0113699e+000
 -2.5000200e-001
  1.3547594e+000
  6.8924134e-001
  1.2695273e+000
 -1.3401956e+000
  5.3750001e-002
  4.4562162e-001
  3.2154430e+000
 -3.1153787e+000
 -3.1971045e-001
 -8.8705677e-001
  1.4422270e+000
 -8.4821003e-001
 -8.9371941e-001
  9.4610051e-001
 -4.4166924e-001
  1.0010511e+000
 -5.2338791e-002
  1.1911710e-001
 -5.5901702e-001
 -2.1528853e-001
  2.9107456e+000
 -2.0273100e-002
 -5.4969997e-001
 -1.8747649e-001
 -1.5254965e+000
 -3.7328280e-001
 -1.4823784e+000
  3.0008305e+000
 -5.1647286e-001
  1.9068028e+000
  2.6170790e+000
  1.8222988e-001
  4.1822340e-001
 -1.0094596e+000
 -1.4676660e-001
 -1.2818311e+000
  2.4044168e-001
 -1.2367205e+000
  2.6467082e+000
  1.3235607e+000
 -2.3248310e+000
 -1.2499745e+000
  6.0500003e-001
  2.4200126e+000
 -7.2022124e-001
  2.5647578e-001
 -2.0856577e+000
  6.2824048e-001
  2.5166068e+000
 -3.1641148e+000
  1.5377250e+000
  5.7710748e-002
 -6.4200845e-001
  1.0896643e+000
  7.8756487e-001
  4.4664031e-001
  4.9522188e+000
 -6.7178650e+000
  2.8479663e+000
  3.2794096e-002
 -1.0810203e+000
  8.5062545e-001
 -4.6841596e-001
  1.4087993e-001
  2.2671555e+000
  1.8057623e+000
 -3.4108568e+000
 -4.8332777e-001
  5.4721878e-001
  3.2720790e+000
 -4.7223769e+000
 -9.9110562e-001
  4.2585690e+000
 -9.1910949e-001
 -1.7096259e+000
  7.2669010e-001
  2.8347694e+000
 -4.1243078e+000
  8.1268565e-001
 -2.2716202e+000
  3.8442112e+000
 -1.3601801e+000
 -3.8203709e+000
  2.9599071e+000
 -4.3013700e+000
  5.2801456e+000
 -5.5063311e+000
  3.6162086e+000
 -5.1666412e-001
  3.3941054e+000
 -4.1183350e+000
  1.5945711e+000
 -1.9198606e+000
  9.7929641e+000
 -7.2172312e+000
  4.1145641e-001
 -8.2318839e-001
 -1.3186608e+000
  3.5610870e+000
 -2.9232886e+000
 -2.5400590e-002
  3.0945810e+000
 -9.0173179e-001
 -4.3456384e-001
  1.0273910e-002
 -9.5022513e-001
 -8.3239627e-001
  2.5370904e+000
 -5.6105958e-001
  1.0807942e+000
  2.2678082e+000
 -2.8154621e+000
  2.6860162e+000
 -3.8143280e+000
  1.8167783e+000
 -1.8142645e+000
  3.2945665e+000
 -3.6171197e+000
 -1.1726923e+000
  7.9937349e-001
  1.9383452e+000
  1.5357052e+000
 -2.7350184e+000
  3.4611778e+000
  6.7807207e-001
  2.1432724e+000
 -4.7409975e+000
  1.1511211e+000
 -2.7030137e+000
  2.3573845e+000
 -1.3355521e+000
  2.6602585e+000
 -9.1209994e-001
  3.2245772e+000
 -2.2138602e+000
 -6.6405490e+000
  3.7836413e+000
 -1.3624461e+000
  6.1172270e+000
 -2.5323585e+000
 -2.0134907e+000
  6.9769700e-001
  1.7010117e+000
 -7.6787481e-001
 -8.7187229e-001
 -6.1476580e-001
  5.5936340e+000
 -3.8441327e+000
  1.2449854e+000
 -1.0091743e+000
  9.7556000e+000
 -5.2287026e+000
  6.4151629e-001
  8.2232976e-001
 -1.6967376e+000
 -1.0977566e+000
 -6.8280609e-001
  7.3064382e-001
  4.3156088e+000
 -7.4553416e-001
 -2.3658604e-001
 -4.0691940e-001
 -2.6095035e+000
 -3.3671553e-001
  1.1539185e+000
  7.7421833e-001
 -2.5711596e+000
  6.9572757e+000
 -4.6263700e+000
 -2.5763194e+000
  2.9571459e+000
 -5.4723583e-001
  1.3619370e-001
  2.7380620e+000
 -2.0572406e+000
 -6.1031247e-001
  4.8287087e-001
 -1.8380126e+000
  3.9141780e+000
 -5.1754134e+000
  7.9434284e-001
  4.4954029e+000
 -3.7199733e+000
 -8.9200437e-001
  3.1533905e+000
 -2.4126525e+000
 -2.0121863e+000
 -2.8487349e-001
  1.7958427e+000
  2.3389771e+000
  1.7014416e+000
 -3.7580908e+000
  2.5583877e+000
 -4.5324175e-001
 -1.2438755e+000
  3.5204741e+000
  6.2150889e-001
  6.0948012e-001
  1.5530368e+000
 -3.5870261e+000
  5.3555498e+000
  1.3212153e+000
 -5.2736239e-001
  1.2955900e+000
 -2.6734882e+000
 -2.9432373e+000
  8.4942131e+000
 -7.0639594e+000
  6.7254651e-001
  3.6091185e+000
 -6.5881769e+000
 -5.6427286e-001
  1.1304957e+000
 -8.1927459e-001
 -2.2832215e+000
 -1.2430366e+000
  9.7940010e+000
 -3.1364864e+000
 -2.2585942e+000
  2.2912070e+000
 -1.2819659e+000
 -1.7956009e+000
 -7.6543970e-001
  2.6933206e+000
  7.4306756e-001
  4.3971322e-001
  1.1644457e+000
  2.7315489e+000
 -1.9399871e+000
 -5.6488205e+000
  2.2145165e+000
 -2.7457070e+000
  4.7616982e+000
 -2.3822997e-001
 -1.0870934e+000
 -2.5808194e+000
  1.8455729e+000
 -6.7172127e-001
 -1.9504672e+000
  1.4621529e+000
  8.8344729e-001
  1.2403413e+000
 -9.1642203e-001
  2.6578855e+000
 -2.1598692e+000
  7.8940204e+000
 -8.1531134e+000
  1.0267152e+000
 -2.1149120e+000
  2.0450714e+000
 -1.3360266e-001
 -2.5011680e+000
 -1.9953895e+000
  1.9597356e+000
 -4.6681056e-001
  1.0831590e+000
  1.9959690e+000
 -1.5173304e+000
  5.4471543e-001
  3.4041177e+000
 -4.8716459e+000
  5.5250920e+000
 -4.3044767e+000
 -2.1841580e+000
  2.7592637e+000
  1.9837838e+000
 -4.5595991e+000
  4.4820067e-001
  2.6029823e+000
  1.0751702e+000
 -3.0803783e+000
  1.7317024e+000
 -1.3550015e+000
  1.3873075e+000
 -2.3792339e+000
  1.0805672e+000
  2.1055595e-001
 -1.0877000e+000
  6.1375886e-001
  1.8248308e+000
  7.8534367e+000
 -4.2022314e+000
 -2.1567489e+000
  3.5608873e+000
 -1.3402394e+000
  1.0644558e+000
 -2.3332967e+000
 -6.9855074e-001
  2.7338057e+000
  1.1882347e+000
 -4.7427482e-001
 -2.2338546e-001
  3.8154274e+000
 -5.5702386e+000
