  8.7487329e+000
 -1.0889875e+000
 -2.2046011e+000
  2.8577974e+000
 -1.4948929e+000
 -5.3995276e+000
  4.2404807e+000
 -2.7924703e+000
  6.8507975e+000
 -8.7593103e+000
  1.3873802e+000
  2.1993241e+000
 -1.9419383e+000
  1.7120508e+000
 -1.9520411e+000
  2.6192626e+000
 -2.0120561e+000
  2.6021627e+000
  4.9737564e-001
 -8.2126864e-001
 -3.0364357e+000
  5.2185561e+000
 -5.8213858e+000
  1.2100192e+000
  8.6733282e-001
 -3.0515850e-001
 -9.7147070e-001
  1.9757052e+000
 -1.1269110e+000
 -2.4905474e-001
  1.0829170e+000
  2.2880914e+000
  2.5755068e-001
  2.7854584e-002
 -1.5343115e+000
 -1.6438449e+000
  5.2633259e+000
 -2.7205618e+000
 -1.4208699e-001
  1.4894343e+000
  5.8908011e-001
 -4.8749092e+000
  5.6178069e+000
  1.7740186e+000
 -3.4636066e+000
  5.8433547e+000
 -8.6435987e+000
 -1.1456059e+000
  2.4567829e+000
 -1.1248037e+000
  8.9201572e+000
 -5.4829121e+000
  3.2422516e+000
  7.3236022e-001
 -1.2309470e+000
 -1.0906212e+000
 -4.2047910e+000
  2.6464261e+000
 -4.8029098e+000
  3.3611344e+000
 -3.3090433e+000
 -1.3733035e+000
 -1.7588485e-001
 -3.3020994e-001
  2.3082871e-001
  3.0343138e-001
  1.7513928e+000
 -2.7007295e-001
  1.4142030e+000
 -2.7003303e+000
  4.7284558e+000
 -4.2818826e+000
  9.0546767e+000
 -1.0324766e+001
  9.4344298e-001
 -2.4311330e+000
 -5.5034726e-001
 -3.3236023e-001
  2.1511183e+000
 -2.1385367e+000
  1.2616915e+000
 -2.3085191e+000
  4.2685294e+000
 -3.8332633e+000
  8.6794802e-001
  1.3813677e+000
 -4.1538790e+000
  8.5294296e-001
  2.3415789e+000
  3.0590762e+000
 -9.9497233e-001
 -3.5760617e+000
  1.7427212e+000
 -7.9057136e-002
 -1.1289747e+000
  1.9540819e+000
 -1.3027999e+000
  5.2470318e-001
  2.0483136e+000
 -4.3701265e+000
 -3.4022308e-001
  5.5875810e+000
 -5.0062579e+000
 -4.0715256e-001
  1.3395321e+000
  1.6544887e+000
 -1.4248323e+000
 -2.2736060e+000
  4.3774455e+000
 -3.1592880e+000
 -2.2443433e-001
  2.2555413e-001
  3.1735194e-001
  4.2843788e-001
  1.2564948e+000
  2.2435999e+000
 -3.3918664e+000
  3.1656460e+000
 -3.0442036e+000
  1.8751891e+000
 -1.9971123e+000
 -1.0585645e+000
  1.5817025e+000
 -9.5739079e-001
  5.9605864e-001
 -8.6779997e-001
 -1.8572438e-001
  3.9511335e-001
 -1.3266519e+000
 -1.5279720e+000
  2.1346222e-003
  2.3794417e+000
 -7.2974794e-001
  3.2380014e+000
 -4.1235265e+000
  3.1482446e+000
 -2.5851192e+000
  2.2031520e+000
 -3.4911032e+000
  1.3209721e+000
  2.4473113e+000
 -3.5252131e+000
  1.0530139e+000
 -2.1627435e-001
 -5.6658426e-001
  3.3702366e+000
 -7.6574506e-001
  2.2952029e+000
 -3.7242543e+000
 -1.8532477e+000
  3.4279344e+000
 -5.4486957e-001
  3.0304256e+000
 -1.1005566e+000
 -2.8064563e+000
  4.8492695e+000
 -8.1913610e-001
 -1.3390946e+000
  1.2287333e+000
 -4.0670229e+000
  2.9849768e+000
 -2.2643412e+000
 -1.5016406e+000
 -2.5233522e+000
  2.7770728e-001
 -1.1823962e-001
  1.5980917e+000
  3.8260097e+000
 -5.2765513e+000
  1.0271183e+000
 -1.5032672e+000
  1.1288084e+000
  8.5308773e-001
 -9.1996959e-001
  1.4633925e-001
  1.8156407e+000
 -3.0734353e-001
 -1.7216615e+000
  2.0162340e+000
 -2.1581431e+000
 -6.2746951e-001
  2.7968456e+000
 -2.0975123e+000
  3.5932540e+000
  1.0916950e+000
  5.4719460e-002
 -4.0666434e+000
  8.0072745e+000
 -3.1730820e+000
 -2.0105570e+000
 -1.7415329e+000
  2.8135979e+000
  2.2865488e+000
 -3.1630344e+000
 -2.4909638e+000
  1.7971573e+000
  6.6874183e+000
 -5.7132093e+000
  9.0167970e-001
 -1.2493128e+000
  1.0407266e+000
  8.0659999e-001
 -5.5900968e-001
 -2.6923827e-002
 -2.2019946e+000
  5.9598402e-001
 -5.3893191e-001
  1.0806092e+000
  6.5056918e+000
 -6.2317769e+000
  9.3806061e-001
  5.6784133e-001
 -7.8240924e-002
 -1.8704890e+000
  2.8972309e+000
  1.7750478e+000
 -4.7656204e+000
  4.6940724e-001
  1.3564321e+000
 -8.1709302e-001
  5.3912514e+000
 -6.9379715e-001
 -4.8507725e+000
  1.7262400e+000
  8.7398414e-001
 -4.5551032e+000
  6.2395806e-001
  3.1955849e+000
 -6.4563128e-001
  4.3718980e+000
 -6.5585861e+000
 -9.3133613e-001
  6.2679493e+000
 -4.5472563e+000
  5.6118998e+000
 -3.0841448e+000
  1.0815531e+000
  2.0707927e+000
  7.0804569e-001
 -1.9956932e-001
  9.9206315e-001
 -5.3343214e+000
  4.7864846e+000
 -3.0995246e+000
  2.9502976e+000
  5.2627483e-001
 -1.9654682e+000
 -5.0621507e-001
 -2.3479135e+000
  1.4488912e+000
  9.3247936e-001
  1.6432360e+000
  6.9313689e-001
 -1.1873320e+000
 -2.1028139e+000
 -1.2544333e+000
  1.2070703e+000
 -8.7115963e-001
  2.2347180e+000
 -1.3980437e+000
  1.5832663e+000
  1.5868201e+000
 -4.6617127e-001
 -2.3288923e+000
  6.1033879e-003
  3.8367442e-002
  1.4403740e+000
 -1.0104869e+000
  1.2566621e+001
 -1.2275498e+001
  2.4580359e-001
  3.6745891e+000
 -5.5809684e+000
  3.8577087e+000
 -1.4341484e+000
 -1.0159990e-001
  6.1057764e-001
  2.3821388e+000
 -1.9020280e+000
  8.2629200e-002
 -3.2002556e+000
  3.6198377e+000
 -1.7993585e+000
 -3.7815515e-001
  9.3324247e-001
  1.4771770e+000
 -3.8767370e-001
 -1.1065401e+000
  3.9930971e-001
 -1.8116360e+000
  1.1527836e+000
  4.3887096e+000
 -3.0316707e+000
 -1.8217876e+000
  3.4957614e-001
 -2.4576515e+000
  4.9201236e+000
  7.9419158e-001
  2.8813713e-001
 -1.9029275e+000
 -1.0795185e+000
 -1.2206387e-001
  1.8866333e+000
 -9.4724811e-001
  4.6943724e-002
  3.1900154e-001
  7.7847167e-001
 -2.7968418e-001
  7.0009302e-001
  1.0492828e+000
  1.9570457e+000
  2.1081924e+000
 -6.5726156e+000
  7.6278184e+000
 -5.7544432e+000
  1.3990080e+000
  3.1571217e-001
 -7.2463374e-001
 -3.5720454e-001
  1.4013413e+000
 -3.1242552e+000
 -5.0670648e-001
  1.5876295e+000
  1.2426034e+000
 -1.4129522e-001
 -2.1783447e+000
  5.4198433e+000
 -1.7918349e+000
 -2.4697334e+000
  4.3695702e-001
 -2.4330827e+000
  6.0427055e-001
  2.4737343e+000
  4.2777472e+000
 -2.3332038e+000
 -1.9285451e+000
  7.3738967e+000
 -3.1865189e+000
 -4.0656063e+000
  1.4905307e+000
  3.3543566e-001
  5.1460491e-001
 -7.6086487e-001
  7.1764398e-001
 -3.9274821e-001
  7.5531951e-001
  1.5290445e+000
  2.2023512e-001
 -3.7124177e+000
  7.4905632e-001
  3.3763277e+000
 -5.0576513e-001
 -5.7142300e-001
 -3.1052711e+000
  3.9573215e-001
  4.2293953e+000
 -1.6132042e+000
 -1.7199623e+000
  3.3983310e+000
 -9.5281769e-001
 -3.0762602e+000
  1.8580809e+000
  9.3102880e-001
 -2.0096925e+000
  5.8643356e-001
 -1.8578935e+000
  1.9175959e+000
 -4.7191545e-001
  7.5040467e-001
 -6.5416364e-001
 -7.3926604e-001
 -1.2651955e+000
  7.9122349e-001
  3.0110484e-001
  1.8269583e+000
 -2.8010983e+000
  2.0936160e+000
  7.0617519e-001
 -1.4331445e+000
  2.4612302e+000
 -4.7138608e+000
 -4.1132704e-001
 -1.1242466e-001
 -4.2311678e-001
  1.4311045e+000
 -2.3777005e-001
  6.5919108e-001
 -1.6998403e-001
 -2.0822584e+000
  8.9746715e-001
 -1.0187367e-002
 -7.6517017e-001
  1.9707532e+000
 -1.3786883e+000
  2.0978236e-001
  1.9051823e+000
 -2.0544540e+000
  1.2174944e+000
 -1.4963860e+000
  8.9588479e-001
 -3.5090973e-002
  2.2711834e+000
 -1.3284792e+000
  1.0474559e+000
 -1.4989590e+000
 -1.6166458e-001
  4.9089256e-001
 -1.6592216e-001
 -1.4817015e+000
  5.9215625e-001
  3.3088886e+000
 -2.0757474e+000
 -1.1876654e-001
 -6.3842628e-001
 -1.5617491e+000
  1.5085579e+000
 -3.6282782e+000
  6.1445035e+000
 -6.2660702e-001
 -4.4473183e+000
  6.3743827e-001
  1.1640773e+000
  2.4366118e+000
 -4.5429191e+000
  2.1468961e+000
 -1.3199339e+000
  2.3604161e+000
 -3.5261336e+000
  5.8102292e+000
 -5.4439677e+000
  2.1010247e+000
  1.4437328e+000
 -3.2496368e+000
  2.5691037e+000
 -2.7172799e-002
 -9.3023714e-001
 -1.0574993e+000
 -1.3703794e+000
  1.7424714e+000
  1.3293336e+000
 -2.0403172e+000
  6.8678659e-001
  8.9154660e-001
 -3.2220164e+000
 -6.8310088e-001
  3.2260946e+000
 -2.9547192e+000
  3.6147011e+000
  1.2724597e+000
  1.4471255e+000
 -5.1817980e+000
  2.7925328e+000
  2.5676801e+000
 -3.3147316e+000
 -1.3693448e+000
 -2.0632950e+000
  6.3783913e+000
 -1.1008107e+000
 -3.5543819e+000
  2.1695764e+000
  2.9142457e+000
 -1.9836800e+000
  7.8982583e+000
 -3.1123999e+000
  8.9027919e-001
 -1.3760171e+000
  5.8932808e-002
 -2.1561270e+000
  2.3951692e+000
 -8.4253255e-001
  5.1907791e-001
 -2.3132721e-001
  3.2008572e+000
 -2.6649811e+000
  7.2377847e-001
 -2.3589324e+000
  3.6744503e-001
  1.6724088e+000
  2.9737363e+000
 -4.2214942e+000
  9.7168617e-002
 -1.3349368e+000
  3.8145905e+000
 -3.6068846e+000
 -1.9736125e+000
  4.5216524e+000
 -1.5982465e+000
  2.1847510e-001
  7.9813649e-001
  7.8713149e-001
 -3.3836225e+000
  1.3624541e+000
  8.6083134e-002
  1.7207482e-001
 -1.8441315e+000
  1.1417040e+000
  8.7572743e-001
 -5.3980636e-001
  1.6348978e+000
 -3.3810580e+000
  8.7608144e-001
  5.3000683e-001
  1.2632676e+000
  1.5855866e+000
 -2.8950310e+000
  2.0577491e+000
  2.1520793e+000
 -3.3658126e+000
 -2.0757772e+000
  2.0914493e+000
  3.6644456e+000
 -4.3412852e+000
 -9.8597659e-001
 -3.1465551e+000
  1.9436294e+000
  5.8107174e+000
 -3.4858557e+000
 -2.1205619e+000
 -5.9036766e-001
  2.3167072e+000
 -1.6359225e+000
 -1.6085515e+000
  9.6786234e-001
  1.0672530e+000
 -2.2894129e-001
  6.8114799e-001
 -9.3268007e-001
  1.2174359e+000
 -3.5242417e+000
  1.0822481e+001
 -6.6106262e+000
 -1.5479174e+000
  3.5413390e+000
 -5.2185345e+000
  3.2961796e-001
  4.0053618e-001
  1.2285867e-001
  3.6661598e+000
 -3.6446738e+000
 -2.9544023e-001
  1.9851274e+000
 -3.6684247e-002
 -2.2960208e+000
  2.2858501e+000
  2.0748609e+000
 -3.6296145e-001
 -3.3564904e+000
  2.8031092e+000
 -1.4275763e-001
  5.7685950e+000
 -2.4714007e+000
  5.4022548e+000
 -8.6024801e+000
  1.8397641e+000
  2.2656811e-001
 -3.4398671e+000
  1.2026987e+001
 -8.3159630e+000
 -1.4228371e+000
  1.3059431e-001
  6.0123329e-001
  7.5871686e-002
 -9.8058575e-001
 -3.3389665e-001
  2.2876247e+000
 -5.9706859e-001
  2.2021292e+000
 -5.0523970e+000
  5.3726389e+000
 -3.4486485e+000
 -1.5458326e+000
  2.1529741e+000
 -2.4652123e-001
  1.1244042e+000
 -4.9517323e-001
 -1.5055329e+000
  2.1020800e+000
 -9.2663325e-001
 -2.5865236e-001
  4.8613429e-001
  4.0627351e+000
 -4.9293843e+000
  4.1024912e+000
 -3.0323849e+000
 -4.5956625e-001
  2.3074161e+000
 -2.3678783e+000
 -9.3729822e-001
  9.0556282e-001
  3.4000821e-001
  2.3583253e-001
 -4.9603162e-001
 -1.1146662e-001
  2.1040091e+000
 -3.0164606e-001
 -1.0434415e+000
  3.5684769e+000
 -4.0099960e+000
  2.6811192e+000
 -1.8825888e+000
  1.8670867e+000
 -1.4034964e+000
 -6.8993987e-001
 -1.0057122e+000
  1.0604153e+000
 -1.2412388e+000
 -1.4582151e+000
  1.1640209e+000
 -1.3849464e+000
  3.0151867e+000
  2.0434023e+000
 -5.0270562e+000
  2.2403709e+000
  2.8288831e-001
 -2.8805260e+000
  6.6235107e-002
  1.9962808e+000
 -1.1526199e+000
  4.1099296e+000
  1.1129134e+000
  3.4420584e-001
 -3.0951708e+000
 -1.3435426e+000
 -3.8610476e-001
  3.0219254e+000
 -8.7199407e-001
 -2.2287159e+000
  2.6890263e+000
  3.6359688e-001
  1.3274044e-001
 -4.5131712e+000
  7.2729587e-001
  7.7449722e-001
  4.6220467e+000
 -3.9809338e+000
  2.4676298e+000
 -5.0454501e+000
  4.1327892e+000
 -7.4112764e-001
  4.2071794e-001
  6.7548749e-001
  3.5891885e-001
  4.5163809e+000
 -1.9405206e+000
  2.6477622e+000
 -1.8192593e+000
 -1.1168728e+000
  3.0499124e+000
 -2.0464217e+000
  6.2577635e-001
  1.9317169e-001
  5.3413849e-001
 -7.8677456e-001
  1.1407450e+000
 -3.0033312e+000
 -2.0803359e+000
  4.4466038e+000
 -1.3539673e+000
 -1.1748472e+000
 -1.7628191e+000
  1.8533201e+000
  1.7776035e+000
  1.2864883e+000
  4.2730535e-002
  1.4557398e+000
 -4.7636709e+000
  1.3590647e+000
  2.0117706e-001
  2.3670817e-001
  7.8374542e-001
 -6.8395744e-001
  1.0200459e-001
  4.7813841e-001
 -1.8471769e-001
  1.1110878e+000
  1.5263385e+000
 -2.9440068e+000
 -2.5107849e-001
  1.1726540e+000
 -2.0125440e+000
 -9.3185528e-001
  2.2249653e+000
 -3.6198823e-002
  1.6560161e+000
 -4.6303826e+000
  2.1976203e+000
  3.5095097e+000
  1.4162477e+000
 -4.0589355e+000
 -3.2414284e-001
  3.0292708e-001
  6.7889391e-001
 -7.8424282e-001
  4.6559886e-001
  1.3781142e+000
 -1.7303146e+000
  2.0307812e+000
 -2.3513165e+000
  4.8993092e+000
 -5.9189437e+000
  5.5062930e+000
 -3.4421121e+000
  1.1500102e+000
  1.6067937e+000
 -2.0817927e+000
 -2.8655997e+000
  2.7655937e+000
  5.3576367e-001
 -4.6557587e+000
  5.3215397e+000
 -3.6061575e-001
  3.2054893e+000
 -6.6023153e+000
  6.7731870e+000
 -5.9259898e+000
  1.4344908e+000
  9.8112171e-001
  2.1097177e+000
 -5.4298740e+000
 -2.0807564e+000
  1.1567062e+000
  1.9559254e+000
 -1.5288249e+000
  5.7147331e+000
 -2.7868120e+000
 -2.5811564e+000
  1.5121981e+000
  1.3577454e-001
 -1.1647230e+000
  7.2414771e-001
  8.9916519e-001
 -2.4225939e+000
 -3.2828416e-002
  9.3252569e-001
  3.0984393e+000
 -2.4063253e+000
  2.9284979e-001
  8.0802047e-001
 -2.3687911e-001
 -2.3778795e-001
 -2.0492799e+000
  1.0809200e+000
 -2.2915244e-001
  7.6728057e-001
  1.5773657e+000
 -3.7240831e+000
 -1.5333813e+000
  2.4768921e+000
  2.9843326e-001
 -1.9120023e+000
  6.9868216e-001
  2.8060651e+000
 -1.8560743e+000
  2.6071023e+000
 -4.4130433e+000
  3.2053249e-001
  3.0416124e+000
  4.9614631e-001
 -3.2857083e+000
  8.6413605e-001
  6.5088733e+000
 -7.4993728e+000
  3.9039754e+000
 -3.5805006e+000
  4.7575234e-001
  1.6043866e+000
 -1.5552404e+000
  1.9324616e+000
 -1.1638639e+000
  2.6736423e-001
  2.1192172e+000
 -2.7183066e+000
 -2.7635128e-001
  9.8789151e-002
  8.4412056e-001
 -2.2950455e+000
  2.9653422e-001
  1.1769919e+000
 -1.7175464e-001
  1.7941559e+000
 -1.7609336e+000
 -1.1915215e+000
 -1.9241357e-001
  1.3132965e+000
 -2.6033595e-001
 -5.5225614e-001
  8.2302059e-001
  2.7696496e+000
 -2.7087894e+000
  1.7291475e+000
 -1.6837545e+000
  2.4299961e-001
 -2.1352861e+000
 -8.8747383e+000
  2.6516515e+000
  1.7082485e-001
  1.1397801e+000
 -1.5176365e+000
  4.6691988e-001
  1.4830205e-001
 -2.4659283e-001
  1.2520848e+000
 -8.3776747e-001
  4.8619120e-001
 -7.1082757e-001
 -1.1220265e+000
  3.1808369e+000
 -2.8312426e+000
  6.0458559e-001
  2.3697344e+000
 -2.8370572e+000
  5.4440716e+000
 -5.5003744e+000
  1.6056421e+000
 -1.5612841e+000
  1.3473999e+000
  4.3378509e-001
  6.8894010e-001
  3.9128520e+000
  1.9559939e+000
  1.6517972e+000
  1.0478136e+000
 -9.7826308e-001
  6.5586242e+000
 -8.9509175e-001
 -2.1534185e+000
  1.5497378e+000
 -2.4950711e+000
  1.1089768e+000
 -1.7480108e+000
  4.8626525e-001
 -3.7985457e-002
  7.0967206e-001
  2.9196591e+000
 -2.5578252e+000
  5.6153632e-001
 -2.0388704e+000
  5.5913035e-001
  3.9968182e+000
 -2.7630161e+000
  1.3229732e+000
 -1.3107640e+000
  3.7974346e-001
  2.7176668e-001
 -1.6401619e+000
  4.3764101e-001
 -2.9989638e-001
  2.5589706e-001
 -9.0762655e-001
  8.9578073e-002
  1.8163175e+000
 -8.8198580e-001
  1.7256927e+000
 -6.7183104e-001
  1.4412454e-001
 -2.2680412e-001
  1.5031588e+000
 -2.2195676e+000
 -2.4013166e-001
  3.0018898e+000
 -4.1271110e+000
  1.2699080e+000
 -3.5612261e-001
  8.2238550e-001
 -2.0204393e-002
  3.0895619e-001
 -1.7038417e+000
  2.0330798e+000
 -9.6380586e-002
 -8.0023674e-001
  1.3468125e+000
 -1.6320098e+000
  1.6837614e+000
 -1.0530959e+000
 -6.9949152e-001
 -1.1862940e+000
  2.9090074e+000
 -2.5164168e+000
 -4.6982433e-001
  1.0077426e+000
 -1.1365120e+000
  9.5894700e-001
 -1.8471116e+000
  3.0994594e+000
 -1.4217825e+000
 -5.9626676e-001
  1.4144532e-001
 -1.6141283e+000
  5.6568404e-001
  1.6627720e+000
  4.8844889e-001
 -2.9809041e+000
  1.2635840e-001
  1.7245988e+000
 -6.3194881e-001
  2.5587778e+000
 -8.8331533e-002
 -3.1353099e+000
  1.2497645e+000
 -8.3880104e-001
 -4.9888443e-001
 -1.3336612e-001
  5.4487088e-001
  6.2828518e-001
 -1.2379421e-001
 -5.0575703e-001
  2.3546896e+000
 -8.8632663e-002
 -2.1486054e+000
  6.6274676e-001
  9.0071372e-001
 -5.4341462e-001
 -3.1399919e+000
  8.3918419e-001
  3.1277085e+000
  7.0408719e-001
  4.1576369e-001
 -4.6056978e+000
  1.5492181e+000
  1.1144978e+000
  4.0729101e+000
 -6.8862778e+000
  3.7807439e+000
 -1.6645819e+000
  1.3311156e+000
 -3.3392113e-001
 -8.8010896e-001
  3.9824591e+000
  9.6403799e-001
  2.7231042e+000
  4.6435876e+000
 -4.5758046e+000
  4.8647256e-001
  3.8053402e-001
  2.4859432e-001
 -2.4788181e+000
  7.4506993e-002
 -4.8976136e-001
  2.0208283e+000
 -3.0271902e+000
  1.1824699e+000
 -1.9691907e+000
  5.8069657e+000
 -2.4767243e+000
 -6.8218905e-001
 -6.7587073e-001
  7.7000684e-001
 -1.5853012e-001
 -3.8415087e-001
  6.9132419e-001
  2.7370523e-001
 -2.0199279e+000
  2.0785110e+000
 -2.1143667e-001
 -2.7353925e-001
  1.2460617e+000
 -1.5154306e+000
 -3.8487017e-001
  7.9497294e-002
  1.4514890e+000
  4.3998747e-001
 -1.0331262e+000
  4.1604886e-001
  7.6846075e-001
 -1.1954671e+000
  5.7206110e-001
  1.4182147e-001
  1.1943551e+000
 -6.4296189e-001
 -1.4467634e+000
  3.8201705e-001
  8.7323630e-001
 -4.5594914e-001
 -4.3801150e-001
  1.3261070e+000
 -1.5815332e+000
 -1.2317044e+000
  1.9213329e+000
 -2.1695041e-001
 -5.0181936e-001
  1.3274747e-001
 -2.0015805e+000
  2.8678876e+000
 -2.5809495e+000
  1.0034433e+000
  1.3859759e+000
  3.3542037e-001
 -1.1912868e+000
 -8.9583103e-002
  3.1384968e-001
  1.4558625e-001
 -1.0992939e+000
  3.1479417e-002
  1.6883079e+000
  1.6966388e+000
 -8.7326014e-001
 -2.4740954e+000
  3.3439327e-001
  3.6632131e+000
 -2.1172480e+000
 -1.8870503e+000
  3.0365584e-001
  2.9938643e+000
 -3.3045025e+000
  2.7946971e+000
 -1.7100739e-001
  8.9823633e-003
 -3.2861378e-001
  3.3085347e+000
 -4.1962993e+000
 -1.4916917e-001
 -1.7495014e+000
  5.6162584e+000
 -1.9357793e+000
 -8.7387803e-001
  2.6510333e+000
 -3.6531079e+000
 -1.3239420e+000
  1.2020302e+000
  1.4664644e+000
 -6.0097479e-001
  2.8243827e+000
  4.0588550e-001
  9.3304488e-001
 -2.4680029e+000
  2.1067419e+000
 -5.5105563e+000
  1.4036819e+000
  3.2887971e+000
 -5.7082497e-001
 -4.7919624e+000
  8.3284767e-001
  1.0388284e+001
 -4.9438376e+000
  5.8721089e-001
 -1.7105114e+000
  1.4007413e+000
 -2.2117726e+000
  1.7873652e+000
 -1.7613104e+000
 -2.0915817e-001
 -1.8703026e+000
  1.5204867e+000
 -1.2597275e+000
 -3.0746807e-001
  3.3413436e-001
  8.7826957e-001
 -4.6106268e-001
  1.5526338e+000
  1.5204378e-001
  7.0757815e-001
 -2.6867998e+000
  5.8484109e-001
 -1.2126704e+000
  9.9034222e-001
  4.2156948e-001
  1.4366883e-001
  2.1947701e-001
  2.8034098e-001
  3.0681675e-001
 -1.1978549e+000
  2.4562178e+000
 -1.0335069e+000
  1.4716805e+000
 -9.1648786e-001
  7.5095028e-001
  2.2494002e-001
  2.3376159e+000
 -3.6571918e+000
 -3.1056507e+000
  1.1508911e+000
  5.2265504e+000
 -5.1231646e+000
  1.5751651e+000
  1.4109639e+000
 -1.4267318e+000
 -3.2763792e-001
 -1.4025415e+000
  2.4036716e+000
 -1.6464989e+000
  2.6270533e+000
 -1.9999148e+000
  9.5643848e-001
  2.3990385e+000
 -2.8246267e+000
  3.6566190e+000
 -1.1824508e+000
  8.8601483e-001
  3.2886915e-001
 -6.4261382e+000
  1.1740676e+000
  1.0128227e-001
 -2.3261940e+000
  3.1499892e+000
 -1.8341806e+000
 -1.1396542e+000
  2.2493098e+000
 -2.0142717e+000
  1.2528776e+000
 -1.5493340e+000
  5.4449588e-002
  1.7869590e+000
  1.8672578e+000
 -3.4597487e+000
  2.1806184e+000
 -2.0935283e+000
 -3.2033506e-001
  2.5752232e+000
 -1.3691431e+000
  2.3146004e-001
  6.3234316e-001
 -4.0214693e-001
 -5.7101747e-002
  9.8490623e-001
  6.2867374e-001
 -3.5551994e-001
 -1.0216657e+000
  2.3079181e+000
 -7.4592995e-002
 -1.4853367e+000
  8.3154922e-001
  9.9417503e-001
  5.2667771e-001
  1.8957956e+000
 -3.4880011e+000
  2.0035297e+000
 -1.4739603e+000
  1.7809409e+000
 -3.2595706e+000
  2.0854628e+000
  1.0953912e+000
  2.5763489e+000
 -3.9393039e+000
  1.9259777e+000
  2.4343020e-001
 -1.0285509e+000
 -1.2969160e+000
  3.1285100e+000
  2.4071434e-001
 -2.3212523e+000
  2.9214593e+000
 -2.5400080e+000
 -1.9781599e+000
  2.1118596e+000
 -1.8498643e+000
  2.8035496e+000
 -3.8686594e+000
  1.3067713e+000
 -7.5133287e-001
  1.5045873e+000
 -1.4812222e-001
  3.3739897e-001
 -2.4329909e+000
  2.5226238e+000
 -8.0908158e-001
 -1.2537868e+000
 -8.7579152e-001
  8.4319410e-001
  1.6158664e+000
 -1.3439316e+000
 -1.3734007e+000
  1.6328647e+000
 -6.8362176e-001
 -9.5784355e-001
 -2.1402067e+000
  1.1325645e+000
  1.6056504e+000
 -7.0202212e-001
 -1.9930601e+000
  1.4899030e+000
 -1.4646649e+000
 -9.1387052e-001
  1.0120271e+000
 -9.4768147e-001
  1.9613018e+000
 -1.9420381e+000
  9.0302048e-001
  2.3394250e-002
  2.1264604e+000
 -1.7406238e+000
  2.7650619e+000
 -2.4904343e+000
  4.5361212e-001
 -7.6976625e-001
  1.3000190e+000
  6.5683665e-001
 -1.8254206e+000
  3.5466146e+000
 -2.1153402e+000
  1.7689472e-002
 -1.7203070e+000
  7.7846549e-001
  4.4886670e-001
  4.1624422e+000
 -3.6754408e+000
  2.1484885e-001
  2.3414562e+000
 -3.6625711e+000
  3.5922216e+000
 -3.1213809e+000
  3.8558111e+000
  2.7718094e-001
 -1.0537221e+000
  1.6148169e+000
 -3.4353751e+000
  3.9471536e+000
  7.2647696e+000
 -4.3639938e+000
  1.7326355e+000
 -2.2742165e+000
  1.9386777e+000
  4.7213600e-001
  3.0405120e+000
 -4.5957888e+000
 -1.9510071e+000
 -4.4372563e-001
  1.5329773e+000
  9.7448717e-001
 -6.8985174e-001
 -5.0667333e-001
 -4.0951357e-001
  4.7370622e-001
  1.5271401e+000
 -2.6742144e-001
 -2.5259822e-001
  2.2612776e-001
  1.0547014e+000
  7.5815975e-001
  1.6609660e-001
  2.7340265e+000
 -4.9937441e+000
  1.8971488e+000
 -3.9750015e+000
  3.0237555e+000
 -7.1321513e-001
 -7.5637564e-001
 -9.3713413e-001
  3.1440412e+000
 -2.3508810e-001
  3.8014009e-001
 -3.3181487e+000
  1.2780000e+000
  3.0144672e+000
 -4.0036189e+000
  1.2274455e+000
  6.2965324e-004
  4.6818977e+000
 -2.5273029e+000
 -2.4203619e+000
 -7.3576038e-001
  1.6074410e+000
  1.3322538e+000
 -1.7929005e-001
  4.9743272e-001
  1.4667894e+000
 -2.7764860e+000
  3.1677780e+000
  5.9226020e-001
 -2.8382571e+000
 -1.5439631e-001
  2.2167028e+000
 -8.1193039e-001
 -1.7542717e+000
  1.1918594e+000
  2.3718454e+000
 -2.5711020e+000
  1.7035972e+000
  2.6930261e+000
 -4.8822634e+000
  5.1328751e+000
 -2.5305811e+000
  2.1951694e+000
  6.1181714e-002
  1.4904672e+000
 -4.4790073e+000
  2.9988677e+000
 -2.3911275e+000
  1.0795893e+000
 -1.2265923e+000
  6.5138169e-001
  1.1049131e+000
 -2.0522407e+000
  1.0239122e+000
  1.1944401e+000
 -1.8848949e+000
  1.4536867e+000
  1.6971188e-001
 -8.2980237e-001
 -1.1225259e+000
  7.2532214e-001
 -9.0228886e-001
  1.2883849e+000
 -3.9797973e-001
  1.6371793e-001
 -2.0739019e-001
 -1.0413382e+000
  9.4876016e-001
  4.2808525e-001
 -6.0089034e-001
 -1.6011146e+000
  1.4385519e+000
 -2.0326473e-001
 -1.2492368e+000
 -4.2783963e-001
 -4.9462413e+000
 -3.4253379e-001
  1.3408060e+000
 -1.8363983e+000
  2.4553864e+000
 -1.6161259e+000
  2.0848436e-002
 -1.1588371e+000
  3.4648775e+000
 -2.1782998e+000
  5.0100623e-001
  2.3488652e+000
 -3.5680296e+000
  2.9168805e+000
  1.5634749e+000
 -2.2601824e+000
 -8.7287461e-001
  1.9037867e+000
  7.7044149e-001
 -3.2418863e+000
  9.8140967e-001
 -3.0765850e+000
  2.1168114e+000
  4.4565154e-001
  1.0214620e+000
 -1.4005418e+000
 -7.6778471e-002
  1.1340927e+000
 -1.3216832e-001
  9.1197155e-001
 -2.0705335e+000
 -1.6009227e+000
  5.7013555e+000
 -2.2297687e+000
  1.5286176e+000
 -2.9895693e+000
 -1.1141307e-001
  1.4204934e+000
  1.9955736e+000
  1.6760996e+000
 -3.1051947e+000
  3.8038363e+000
 -3.9723056e+000
  3.4788819e+000
  8.9477208e-001
  5.4714911e-001
 -6.2861964e+000
  3.8062341e+000
  1.2588938e+000
 -3.7127259e+000
  3.9448691e-001
  4.9488733e+000
 -3.9282462e+000
  1.3128002e-002
  1.0832438e-001
  2.1320152e+000
 -5.0430750e+000
  3.7871305e+000
 -9.3180979e-001
  2.3752592e+000
 -1.3511226e+000
  3.7689117e-002
 -1.8031555e+000
 -2.9531425e+000
  7.2866613e+000
 -5.4174862e+000
  2.7440113e+000
  8.2950449e+000
 -4.4627358e+000
  1.0176920e+000
 -2.6648465e+000
  1.1852155e+000
  1.9744235e+000
  1.1980179e+000
 -1.5857434e+000
  5.3122544e+000
 -7.2676555e+000
  6.0689980e+000
 -2.3088225e+000
  4.5875623e+000
 -5.1588842e+000
  4.2628538e+000
 -6.1039850e+000
  2.4775090e+000
  3.0152631e+000
  3.8474379e+000
 -7.0971738e+000
 -1.3613373e+000
  3.2408443e+000
 -2.5603349e+000
  3.2016802e-001
 -5.0781161e+000
  7.1097108e-001
  2.8305082e-001
 -5.8767336e-001
  3.6460136e+000
 -7.6270956e-001
  3.9067067e-001
 -1.0863152e+000
  8.1972598e-001
