  8.0714454e+000
 -3.9385409e+000
 -3.4246880e-002
  8.7593886e-001
 -5.2784568e-001
  3.7816320e-001
 -3.6104183e+000
 -6.4713349e-002
  5.2179885e+000
 -3.0436158e+000
  2.9038702e+000
 -3.2889609e+000
  2.2154067e+000
 -2.2148427e+000
 -4.4038871e-001
  4.8689339e-001
  7.9103525e-001
 -1.7950227e+000
 -1.0601387e+000
  5.1575996e+000
 -5.2639479e+000
  4.1584855e+000
  2.1824452e+000
  1.9462385e-001
 -4.0966362e+000
 -1.6531348e+000
  3.2158998e+000
 -7.2180674e-001
 -7.6823731e-001
  4.3261779e+000
  3.7472071e-001
  3.7947381e+000
 -2.2623441e+000
  2.4093407e+000
 -5.4866579e+000
  2.0376498e+000
 -3.0760671e+000
 -2.1560677e+000
  2.4529159e+000
  6.1998200e+000
 -6.1031269e+000
  2.1002066e+000
 -2.0080837e+000
  4.8051974e+000
 -4.0713859e+000
 -2.7912837e-001
  8.5634517e-001
 -2.5305056e+000
  3.4660192e+000
 -1.2215952e+000
  1.8408986e+000
 -1.8435346e+000
  8.2499129e+000
 -4.3241695e+000
  3.1137166e-001
  1.7025500e+000
 -2.3162557e+000
 -2.8670665e+000
  1.2380035e+000
  1.1626386e+000
 -4.8438072e-001
 -1.6365607e-001
 -1.2890734e+000
  7.9617775e-001
  1.5738571e+000
  1.6746109e+000
 -3.1315405e-001
 -2.1684413e-001
 -1.3316979e+000
 -1.8543369e+000
  5.2108758e+000
 -2.7779913e+000
  2.1391723e+000
 -1.5091439e+000
  9.7932756e-001
  2.0541614e+000
 -6.7714622e+000
  3.7289933e+000
  1.9429978e-001
  1.1869362e+000
 -1.8138314e+000
 -2.1186731e+000
  1.1889804e+000
 -1.3478325e+000
  1.3701942e+000
  1.6258543e-001
  3.2078564e+000
 -2.6380705e+000
  1.2358403e-001
  3.8052863e+000
 -2.3851283e+000
  1.9191813e+000
 -2.0955774e+000
  1.8836805e+000
  4.4305714e+000
 -8.2987531e+000
  5.0858334e+000
 -2.0908927e+000
 -2.1448308e+000
 -3.1187950e+000
  9.4366483e-001
 -2.1955035e+000
  4.5562335e+000
 -1.3919088e+000
  2.5108598e-001
  6.4226350e-001
 -3.7909427e-001
  4.2094032e-001
  2.1883005e+000
 -5.2432456e-001
  4.5723250e-001
 -1.8498763e+000
 -4.5409292e+000
  3.0208605e+000
 -3.5175409e+000
  1.2123081e+000
 -2.1743707e-001
  9.4510301e-001
 -2.2097900e+000
  3.0882836e+000
 -2.0965924e+000
  1.9798637e+000
 -2.6446872e+000
  1.2947345e-002
  2.2806511e+000
 -2.1747440e+000
 -8.3579481e-001
 -3.8306561e-001
  3.6188263e+000
  1.2442075e-002
 -4.2064958e-001
 -1.7739807e-002
  1.3294048e+000
  1.7010601e+000
 -1.1909977e+000
 -2.4833717e+000
  1.0242113e+000
 -7.4226659e-001
  5.9886514e-001
  7.6741971e-001
  2.1212512e+000
 -1.4413242e+000
  1.2853471e+000
 -2.2629430e+000
 -2.4872028e+000
  4.8832908e+000
 -2.5851363e+000
 -6.9530731e-001
  2.9318881e+000
 -2.4798973e+000
 -3.1020838e+000
 -1.2452866e+000
  3.3081199e+000
  1.1877799e+000
 -3.0989896e+000
  6.4714486e+000
 -2.3375914e+000
 -8.7909472e-001
 -4.4945564e-002
  2.9824757e-001
 -2.5328194e+000
 -3.2053940e-001
 -4.2302577e-001
  1.0218847e+000
 -1.1826674e+000
  4.5195476e-001
 -5.1147540e+000
  3.8913800e+000
 -1.6083022e+000
  5.3306685e+000
 -5.9267381e+000
 -1.5004626e+000
  3.4458878e+000
  1.1655576e+000
 -6.6325181e-001
 -1.5109683e+000
  1.2145182e+000
 -1.1931920e+000
  8.8677174e-001
 -2.1416710e+000
  3.0968018e-001
  9.5934049e-001
  1.4162312e+000
 -1.6250261e+000
  2.8160545e+000
 -2.5295166e+000
  1.6457240e-002
  2.5193698e+000
 -2.7839776e-001
  5.5857070e-001
 -1.4645306e+000
 -9.8411403e-001
  1.7685695e+000
 -1.3108647e-002
  1.2222331e-002
 -2.0479324e-001
 -3.3725892e-001
  9.5337056e-002
  1.6103966e+000
 -5.2968741e+000
  1.0837403e+000
  7.8464417e+000
 -3.9949291e+000
  2.3232488e-001
  1.7612977e+000
 -4.1154992e+000
 -1.8385637e+000
  3.0269315e+000
 -1.5030706e+000
  1.8884318e-001
 -2.2652322e+000
  3.8731764e-001
  5.8868949e+000
 -3.8640310e+000
  1.1952735e+000
 -1.0875791e+000
 -2.0869121e+000
  1.4477961e+000
  3.1528430e-001
  1.5090548e+000
  2.9443862e+000
 -9.2784802e-001
 -1.3325436e+000
 -1.9932307e+000
  5.4023384e-001
 -1.2774694e-001
  3.7994518e+000
 -1.4569762e+000
  1.7319337e+000
  6.8022802e-001
 -1.7302234e+000
  1.6322303e+000
 -7.9503722e-001
  1.6107035e+000
 -8.8345267e-001
  2.1587777e+000
 -1.7412738e+000
  7.6337482e-001
  2.3906041e+000
 -3.0296106e+000
  3.7230613e+000
 -1.8580605e+000
 -9.7111853e-002
 -2.1974590e+000
  2.5070718e+000
 -3.2199390e-001
  3.2696699e+000
 -2.4682234e+000
  7.9146468e-001
 -2.6458382e+000
  2.3718175e+000
 -1.9006266e+000
  3.3823741e-002
  7.6077625e-001
  2.0224025e-001
 -7.6657103e-001
 -3.0684073e-003
 -2.5726645e+000
  3.2577316e-001
 -6.4701460e-001
 -2.1763464e+000
  2.0734508e+000
 -2.6778062e+000
  1.1979845e+000
 -1.4108715e+000
 -1.5127848e+000
 -1.7163150e-001
 -1.9673601e-002
  1.0643808e+000
  6.4759216e-002
 -1.0631573e+000
 -4.5546995e-001
 -2.0874605e+000
  1.3703726e+000
 -1.5649643e+000
 -1.0730721e+000
  3.3162097e+000
 -1.8108532e-001
 -7.7099667e-001
 -1.2295433e+000
  1.6146855e+000
 -1.0851103e+000
  1.4104819e+000
 -1.6682617e-001
  1.1918407e+000
 -8.7270288e-001
 -1.0860340e+000
  2.8293519e+000
 -6.9500091e-001
  2.1573724e+000
 -3.9419367e+000
  2.6641937e+000
  2.4179966e+000
 -4.0160085e+000
  1.1546965e+000
 -9.6334146e-001
  7.6983458e-001
 -2.4696317e+000
  5.8497526e+000
 -2.9734501e+000
 -3.8484377e-001
  5.0583419e+000
 -5.2540094e+000
  1.7089014e+000
  1.4038058e+000
 -4.2022962e+000
  5.2121965e-001
  2.1797574e+000
  1.3853953e+001
  1.4003869e-002
  2.1354512e+000
 -1.3507548e+000
  3.5263758e-001
  2.2175942e+000
 -7.5235321e-001
 -2.0364472e+000
  1.7959923e+000
  5.1641174e-001
 -1.2280047e+000
  1.4695361e+000
 -2.1315735e-001
 -1.0818460e+000
  1.4343999e-001
  1.2141018e+000
  1.4752606e+000
 -1.1580279e+000
 -1.5684924e+000
 -1.6303665e+000
  3.3555033e+000
  7.3347271e-001
 -8.1353760e-001
  1.3455781e+000
 -1.5562946e+000
  9.8065712e-001
  1.1743433e+001
 -7.4221718e+000
  3.0631897e-001
 -1.0634535e+000
 -1.7789938e+000
  2.7275372e+000
 -1.7575276e+000
 -8.4501174e-001
 -7.5752584e-001
  7.2116154e-001
  8.5753347e-001
 -2.7608113e-001
  1.9154317e+000
 -3.2489993e+000
  2.2762740e+000
  1.6516093e+000
 -2.8311000e-001
  2.2801243e-001
 -2.8623024e+000
  2.6866104e+000
 -1.3385862e+000
  3.9030443e+000
 -3.2459567e+000
  1.3651133e-001
 -5.7991270e-001
  4.0181188e+000
 -1.7238745e+000
 -8.3654681e-001
 -1.8569271e+000
  2.7173976e+000
 -2.0980086e+000
  2.1254054e+000
 -3.2730074e+000
 -7.9069907e-001
  6.1698061e-001
  4.1171906e+000
  2.7127574e+000
 -5.6353659e+000
  6.2204090e-001
 -5.9919097e-002
 -1.2803463e+000
  5.0422499e-001
 -1.2080112e+000
  1.1849914e+000
  9.8406614e-001
 -3.3612096e+000
  3.8396362e+000
 -6.5430445e-001
 -2.2791415e+000
  1.8850430e+000
  1.1142597e+000
 -1.7537069e+000
  5.3923368e+000
 -5.3344971e-001
 -1.1073808e+000
 -1.5865713e+000
 -2.4978324e+000
  2.6593973e+000
  3.5766241e-001
 -1.9385782e+000
  9.5199319e-002
  5.9893119e-001
  1.7388820e+000
 -2.6265400e+000
  1.0898989e+000
  1.3812088e+000
 -1.1248764e+000
 -2.1042351e+000
  1.5061100e+000
  1.7855517e+000
  1.8700958e+000
 -3.0519703e+000
 -1.2306203e+000
 -2.2743985e-001
  2.2080977e+000
 -1.6754158e-003
  1.0081623e+000
 -1.1645667e+000
 -2.5433748e+000
  3.1475845e+000
 -1.7790759e+000
  3.7636927e+000
 -3.2035292e+000
  3.0826864e-001
 -6.7125811e-001
  6.3864607e-001
 -1.7160079e+000
 -1.3237937e+000
  2.3960314e+000
  1.6210055e+000
 -1.2201344e+000
 -2.2735746e+000
  7.5664852e-001
  2.2600945e+000
  1.9036291e+000
 -1.5660674e+000
 -1.1505395e+000
  9.4847952e-001
 -2.2199715e-001
 -2.4032925e+000
  3.3515826e+000
  1.2923491e+000
 -2.0377452e+000
 -7.1829531e-001
  2.0872724e+000
  3.5981065e-001
 -1.7951212e+000
  4.0823558e-001
  5.9143854e-001
  3.0738228e-001
 -3.2643508e-001
  2.1484148e+000
 -1.3445759e-001
 -9.3147697e-001
 -4.9213769e-001
  1.1352909e+000
 -3.4993728e-001
 -1.1062143e+000
 -3.1909647e-001
  1.0483493e+001
 -4.6119599e+000
 -2.3478985e+000
  2.1119223e+000
 -2.6684697e+000
  1.2011008e+000
 -9.1687974e-001
 -1.8962436e+000
  8.4532176e-001
 -7.5463446e-002
  9.4090546e-001
 -1.3181146e+000
  1.8403219e+000
 -1.7931341e-001
  1.3254308e+000
 -1.7299402e+000
 -2.1952100e-001
  1.5005969e+000
 -5.8166982e-001
  4.0702518e-001
 -2.0221501e+000
  9.1846255e-001
  1.4348542e+000
 -1.7687399e+000
  1.6754003e+000
 -2.1737764e+000
  3.6482348e+000
 -2.4768131e+000
  2.8938269e+000
 -3.6918447e+000
  1.6422928e+000
 -1.2644996e+000
  3.7399148e+000
 -3.3110345e+000
  1.2777200e+000
 -2.6262539e-001
  3.9910544e+000
 -1.0726669e-001
  1.5059274e+000
  2.9557326e-001
  8.1137205e-002
  8.0151130e-001
  1.6694420e+000
 -4.4460420e+000
  2.4208402e+000
 -1.1259611e+000
  6.7798975e-001
 -8.1693126e-001
 -7.3119180e-003
 -7.3366471e-001
  1.2919179e+000
 -7.2351025e-001
 -1.6888534e+000
  2.9644291e+000
  1.0145027e+000
  8.6990292e-001
 -4.6872319e-001
 -1.3343959e+000
  1.9823453e+000
 -2.9337539e+000
 -1.9756608e+000
 -1.9884155e+000
  1.3366686e+000
 -7.4276265e-001
  1.8024632e+000
  4.5601665e-001
  4.2473876e-001
 -1.2023885e+000
 -2.3866209e+000
  3.7879221e+000
 -7.1967655e-001
 -9.0419853e-001
  1.1318742e+000
 -6.0680320e-001
 -5.0511071e-002
 -2.7022620e+000
  6.5276384e-001
  2.6387385e+000
 -1.3986176e+000
 -6.6949485e-002
 -3.3513697e-001
  3.3360072e-001
  5.5006880e-001
 -6.8779149e-001
  2.9478991e+000
 -4.9700995e+000
  5.9125772e+000
  1.4209162e-001
 -2.3972170e+000
  4.2555071e-001
 -1.0880070e+000
 -4.4940086e-001
 -4.0194243e-001
  5.6223530e-001
  2.8252952e+000
 -2.7376008e+000
  4.1911276e+000
 -1.3170077e+000
 -1.6956692e+000
 -2.1311680e+000
  3.4324352e+000
  1.2432475e+000
 -4.7824159e+000
  1.6265143e+000
  4.6223325e+000
  1.0297192e-001
 -1.6940192e+000
 -3.5693583e-001
  8.2110973e-001
  1.0814310e+000
 -1.9089139e+000
 -1.2406149e+000
  2.1257807e+000
 -3.4158893e-001
  9.7764896e-001
 -1.1198863e-001
  1.6217591e+000
 -1.1172017e+000
  3.2946140e-001
  9.6397473e+000
 -2.7932519e+000
 -2.6891761e+000
 -2.4123552e+000
  1.5461590e+000
  3.3845151e-001
 -2.6161653e+000
  7.8980926e-001
  1.9501132e+000
 -5.0887295e-001
  6.2672882e-001
 -2.6751535e+000
  4.0317569e+000
 -1.9736698e+000
 -5.1536147e-001
 -2.1391032e-002
  8.4532545e-001
  4.9730675e-001
 -2.3151501e+000
  3.0095672e+000
 -1.5565309e+000
 -1.0447914e+000
  1.0189714e-001
  6.9303921e-001
  6.2019168e-001
 -6.1103483e-001
  6.1427165e-001
  2.2099939e-002
  1.6654218e+000
 -1.7687513e+000
  8.9146441e-001
  1.2573962e+000
 -2.4826823e-001
 -1.0298133e+000
 -3.0731433e+000
  5.8982213e-001
  3.5098687e+000
  9.8327368e-002
 -2.2058782e+000
  3.9295503e+000
 -1.9894040e+000
  3.2357902e-001
 -1.4735365e+000
  7.9467421e-001
 -4.5733255e+000
  3.0873346e-002
  3.8306018e+000
 -8.9707756e-001
 -1.6708331e+000
  4.5501876e+000
 -2.6223652e+000
 -8.0227362e-001
  3.9586567e+000
 -4.0543430e+000
  1.0566626e+000
 -2.5398263e+000
  1.1943213e+000
  1.8596638e+000
 -2.3098849e+000
  2.2730559e+000
 -5.6223808e-001
  2.0909150e+000
 -2.1572809e+000
 -4.1898735e-001
 -1.0197267e+000
  6.6099072e+000
  3.5276151e+000
 -4.7660609e+000
  8.5074577e-001
 -2.1499509e+000
 -3.4599179e+000
  5.4909764e+000
 -2.4701059e+000
 -3.5141047e+000
  3.5681291e+000
  5.9719744e-001
  2.8088949e-003
 -1.4906787e+000
  8.4739420e-001
  1.6014534e+000
 -2.6913943e+000
  1.0061172e+000
 -4.8871889e-002
  5.0409219e+000
 -4.4959524e+000
  4.4094002e+000
 -5.8799042e+000
  5.7383270e-001
 -1.9359598e+000
  1.0248851e+000
  8.7044571e-001
  1.3182083e-001
  2.6672144e-001
  3.0887957e+000
 -5.7426000e+000
  5.3232315e+000
 -3.1336371e+000
  2.2348900e+000
 -2.3205274e+000
  2.7667246e+000
 -1.4544908e+000
 -2.2333719e+000
  2.2224710e-001
  5.4781506e+000
 -6.6966267e+000
 -2.7638709e-001
  7.6239532e+000
 -4.1318908e+000
 -2.1593667e-001
  1.9492929e+000
 -2.0524390e+000
  9.3044573e-001
 -2.8207329e+000
  8.9641284e-001
  1.4288027e+000
 -1.9359634e+000
  6.6681613e-001
  1.5600726e+000
 -4.6673531e-001
  1.0440172e+000
 -1.7345663e+000
 -2.7769011e-001
 -1.2385876e-001
 -9.8999900e-001
  1.6845330e+000
 -8.5453399e-001
  6.7175442e-001
  1.6886855e+000
 -1.2200483e+000
  1.5070498e-001
  2.7656798e-001
  1.9231219e+000
 -2.8001419e+000
  3.2937134e+000
  9.2117662e-001
  3.2506383e+000
 -2.9137090e+000
 -2.6422337e+000
  8.5642181e+000
  6.9254215e+000
 -5.3750386e+000
  8.0681721e-001
  1.2167787e+000
 -1.5423057e+000
  2.8456880e+000
 -1.1167744e+000
  3.0023127e+000
 -4.9474669e+000
 -4.6405035e-001
  3.0254840e+000
  1.3789289e+000
 -2.9686691e-001
 -1.8848149e+000
  2.2137737e+000
  6.3325619e+000
  5.5395318e+000
 -1.0594610e+001
  1.0667237e+000
  1.9424523e+000
  2.8244620e+000
 -2.4318930e+000
  2.6175610e+000
 -5.5854370e+000
  1.3192061e+001
 -9.1002157e+000
 -8.7405127e-001
 -7.2998399e-001
  6.9238798e-002
  5.4077273e-001
  2.1223861e-001
 -8.6379797e-001
  2.0310130e+000
 -9.2844453e-001
  9.9286375e-001
  1.2930733e+000
 -2.1747016e+000
 -2.1114843e+000
  1.5891379e+000
  1.8453432e+000
  6.9767560e-001
 -1.5731232e+000
 -1.1885412e+000
  4.2491065e+000
  1.3385532e+000
 -3.3458875e+000
 -1.1603966e+000
  6.2350431e-001
  4.0337898e+000
 -3.3701744e+000
 -2.4757969e+000
  7.5968572e-001
 -2.1996703e+000
  3.6812913e-001
  4.4306049e-001
 -3.8278726e-001
  2.7274509e+000
 -1.0292354e-001
  4.8064119e-001
 -4.6822753e-001
  4.4127578e+000
 -5.0273743e+000
  1.5990561e+000
 -1.0485165e+000
  2.6242009e+000
 -3.0465728e+000
 -1.6575315e+000
  4.4448324e+000
 -4.5324589e+000
 -1.4210855e-014
  2.6262874e+000
  2.2061068e-002
  1.6765853e+000
  1.1038952e+000
 -1.9188398e-001
  1.7175969e+001
 -1.1021841e+001
 -3.0563069e+000
  3.3223609e-001
 -8.2540822e-001
  5.6046472e-002
  5.5325515e+000
 -2.5478159e+000
 -2.3502653e-001
 -5.1854608e+000
