  8.5707769e+000
 -4.2729053e+000
 -5.1729047e-001
 -3.1402499e-001
  6.9548575e-001
 -2.1418191e+000
  1.1714859e+000
 -2.1308613e+000
  1.8572700e+000
 -9.1829389e-001
  2.0890658e+000
 -1.8937593e+000
  1.9160419e-001
 -1.7223461e-001
 -1.0628070e+000
  8.2820717e-001
  1.7837289e+000
 -1.3628568e-002
 -1.1742671e+000
  3.5801896e-001
  3.4967441e-001
  1.5984452e-001
  8.4054062e-002
 -2.3271003e-001
  5.6275442e-001
 -1.0749800e+000
 -1.9984882e+000
  2.8898536e+000
 -8.2861047e-001
  1.1977385e+000
 -1.3515322e+000
  4.0479685e-001
 -8.9195773e-002
 -3.4047011e-001
  1.2550737e+000
 -6.3384982e-001
 -7.3722438e-002
  3.5624033e-001
 -3.0497814e-001
 -5.9600015e-001
  9.0973635e-001
 -8.1657065e-001
 -3.5006377e-001
  8.4617597e-001
  1.2186800e+000
 -3.9263874e+000
  2.7491846e+000
 -1.8266031e+000
  8.6660009e-001
  1.7914980e-001
 -6.6223952e-001
 -7.5382212e-001
 -2.1212638e-001
  6.7623436e-001
  1.2428039e+000
  1.0473712e+000
  5.6991176e-001
  1.7950277e-001
  1.9848163e-001
 -2.0712161e+000
  3.4184000e-001
  7.0214156e-003
  4.1201152e-002
  7.0614982e-001
 -8.5595304e-001
  1.3789541e-001
 -2.0020318e+000
  6.1504204e+000
 -4.9358304e+000
  1.8124214e+000
 -1.3101365e+000
  1.3294075e+000
  1.1559670e+000
 -3.1898514e+000
  1.6982070e+000
  5.7337881e-001
 -1.9275815e+000
  1.9765561e-001
  7.8603153e-001
 -9.5765757e-001
  8.5740460e-001
 -2.1593077e-001
  1.5922826e+000
  7.2118277e-001
 -1.2814736e+000
 -6.9951694e-001
  5.3929870e-001
 -1.2372316e-001
 -1.5005823e-001
  2.4229970e+000
 -3.1463656e+000
 -1.5995931e+000
  8.0272770e-001
  1.7489552e-001
 -2.1359474e-001
 -2.6431711e-001
  1.3169105e+000
 -1.2248830e+000
 -3.2509209e+000
 -6.8007142e-001
  1.2001927e+000
 -1.5925163e+000
  2.9751238e+000
 -2.8279553e+000
  1.4655619e+000
 -8.3160236e-001
  1.2969203e-005
  9.4145904e-001
 -3.7092568e-001
 -1.8917059e-001
  6.9569988e-001
  1.9781697e-001
  1.8879709e+000
 -1.6123667e+000
  1.1734457e+000
  4.2022964e-001
 -2.0227326e+000
 -2.8590285e-002
 -2.9919653e-001
  1.2011225e+000
  1.2190143e+000
 -1.3735976e+000
 -1.1310105e+000
  1.6288681e+000
  7.5774548e-001
 -3.9595791e-001
 -1.7793079e+000
  3.7429471e+000
 -3.3180091e+000
  1.4185991e-001
  4.7668005e-001
  9.4935504e-001
  1.6698301e+000
 -1.5681877e-001
 -1.3939676e+000
  9.9979389e-001
  1.0894968e+000
 -1.5290169e+000
  1.1375725e+000
 -7.3357366e-001
 -6.3064174e-001
  1.1534354e+000
 -9.8565791e-001
  1.2784820e+000
 -1.2717248e+000
 -2.9566208e-001
  7.4199470e-001
 -1.8459578e-001
  9.2638377e-002
 -3.6948101e-002
 -4.4897559e-001
  4.4675444e+000
 -4.0521706e+000
  1.4194516e+000
  6.5827098e-001
 -5.9229822e-001
 -3.1899313e+000
  2.7473522e+000
 -3.7704416e-001
  3.2685573e+000
 -1.7456552e+000
 -1.1388464e-001
 -1.3526261e+000
 -8.7722140e-001
  1.4298448e+000
  5.6272796e-001
  2.0799604e-001
 -1.4255001e-001
 -6.9856863e-001
  3.2121207e+000
 -1.3125697e+000
  3.3432492e-001
 -1.0983919e+000
  1.3201451e+000
 -2.4595680e-001
  1.7167742e+000
 -1.0678325e+000
  1.3738448e+000
 -1.5689019e+000
  7.8756231e-001
 -7.6340144e-001
  1.3889459e-001
 -4.4168215e-001
  4.1682433e-001
  6.8877777e-001
 -2.1458319e+000
  3.0606948e+000
 -1.9544498e+000
 -1.6059694e-001
  3.6186934e-001
 -2.8755730e-001
  1.2280218e+000
 -1.7275118e+000
  8.6188116e-001
  9.6230757e-002
  7.9105250e-001
 -1.0384838e-001
 -3.4654877e-001
 -4.5744757e-001
  2.4774454e+000
 -2.8185060e+000
 -2.2161922e-001
  1.8004148e-001
 -8.6275282e-001
  2.5469614e+000
 -2.4591396e+000
  7.3152688e-001
 -1.6503840e-001
 -1.1968369e+000
  4.4574926e-001
  1.6791101e+000
 -4.7621372e-001
 -1.6391981e+000
  9.8279531e-001
  4.6570849e-002
 -3.7454076e-001
 -2.4509698e-001
  1.6566881e-003
 -1.3724792e+000
  9.0285680e-001
  8.9564068e-001
 -3.9790541e-001
  1.1632703e+000
 -8.7326797e-001
  1.4919022e-001
  4.6947167e-001
 -2.7390374e-001
  2.7077360e-001
 -1.3304280e+000
 -1.0978609e+000
  1.7161403e+000
  1.3847933e-001
 -5.4542916e-001
  1.7086979e-001
  7.8495206e-002
 -8.9471739e-001
 -2.6589312e-001
  1.4567599e+000
 -7.6312255e-001
 -3.8467342e-001
  1.5797032e+000
  2.6130872e-001
  1.8005277e+000
 -3.2496183e+000
  2.5686633e-001
 -4.2430484e-001
  2.2712969e+000
 -4.1367857e-001
 -1.9751672e+000
  1.3927379e+000
 -4.9971851e-001
 -3.8323431e-001
  1.9049927e+000
 -4.5416333e-001
 -8.4622625e-001
  3.6939445e-001
  2.9241164e-001
 -1.5644104e+000
  5.7417159e-001
 -1.8557282e-001
  5.3926120e-001
  8.1008737e-001
  4.0667880e-001
 -1.5183869e+000
  1.6750760e+000
 -1.0558770e+000
  2.0820020e+000
 -1.3810254e+000
  3.1601110e-001
  1.4749512e+000
 -3.7376964e-001
 -1.4373335e+000
  1.1295549e+000
 -1.4826823e+000
 -1.9613185e-001
  1.1637280e+000
 -3.7393714e-001
 -1.3653987e+000
  1.5100739e+000
 -3.8535552e-001
  1.9015359e-001
  1.6728693e+000
 -1.2718863e+000
 -1.1806691e+000
  1.6231861e+000
 -1.3416103e+000
 -9.9570121e-007
  1.4758381e+000
 -7.0326489e-001
 -3.4774696e-001
  5.6931800e-001
 -5.0832839e-001
  2.9125324e-001
 -1.3943099e+000
  1.4305379e+000
 -9.1431844e-001
  3.6964286e+000
 -3.8867342e+000
  4.4073266e-001
 -2.9869367e-001
  2.6256314e+000
 -5.9520901e-001
 -1.8910851e+000
  1.2894686e+000
 -1.7479765e+000
  1.0171053e+000
  4.1624893e-001
  7.3773687e-001
 -1.5457526e+000
  4.3102732e-001
 -1.2020099e-001
 -1.4006698e-001
  9.1433460e-001
  7.4287241e-001
 -3.6927658e-001
 -8.7642327e-001
  8.6072489e-001
 -4.5805709e-001
 -8.8076704e-001
 -6.9610158e-001
  1.6142424e+000
 -1.9711965e+000
  2.6202289e+000
 -1.6695857e+000
  2.2859261e-001
 -8.2071498e-001
  3.4635941e-003
  7.5986536e-001
 -1.1549670e+000
  5.7738177e-001
 -3.5833322e-002
  3.6674205e-001
 -4.5148163e-001
  2.0794502e+000
 -1.6181197e+000
 -1.0502274e+000
  2.1414910e+000
 -4.7671190e-001
 -8.6948690e-001
 -7.2626325e-001
 -6.1509680e-002
  2.2854267e+000
 -1.9838146e+000
  2.5764398e-001
 -4.7003396e-001
 -1.8371334e-001
  6.9363476e-001
 -2.7774009e-001
 -5.3296175e-001
  6.3676490e-001
 -1.0416802e+000
  1.0834941e+000
  2.7755390e+000
 -2.4517054e+000
  1.1349140e+000
 -1.4095657e+000
  1.9765079e+000
 -2.7679387e-001
 -1.9574069e+000
 -1.4271073e-001
  1.0423383e+000
 -1.1249435e+000
  1.2963098e-001
  9.0070019e-001
 -7.2797292e-001
  5.2510319e-001
  5.1100017e-001
 -2.4545586e-001
 -1.8844182e-001
  5.7326195e-001
 -1.1704877e+000
  5.0097680e-001
  1.4608472e+000
  9.2141641e-001
  4.7179134e-001
 -2.9708414e+000
  2.1093779e+000
 -1.5404888e+000
 -5.0584020e-001
  7.9709874e-001
  7.6249466e-001
  8.3416576e-001
 -1.4835521e+000
 -1.2179880e+000
  2.4472585e-001
  4.8306520e-001
 -1.0993444e-001
  6.0164656e+000
 -3.3697281e+000
 -3.3033455e+000
  1.1000672e+000
 -5.1781175e-001
  4.9792614e-001
  1.6415507e+000
 -2.3440751e-002
  1.8241771e+000
 -6.2642582e-002
  1.0090429e+000
 -2.0905218e+000
  6.2829327e-001
  1.3124238e+000
 -4.5810162e-001
 -7.9262043e-001
  3.3239415e-001
  4.3356792e-001
 -1.0013566e-001
 -9.0875577e-001
  9.5003705e-002
  2.1018607e+000
 -8.1561180e-001
  3.1638976e-001
 -1.0039168e+000
  4.6597969e-001
 -1.4390380e-001
 -6.9673076e-001
  1.7628290e-001
 -8.7109034e-001
  1.5532916e+000
 -3.1245485e-001
  1.9349145e+000
 -3.0887016e+000
  8.5890997e-001
  7.8303995e-001
 -5.4838252e-001
 -1.0119085e-001
  7.6035332e-001
 -1.0514987e+000
  1.0823537e+000
 -7.8757612e-001
 -2.0035343e-001
  3.9719067e-001
 -1.1374643e+000
  6.7487422e-001
  5.3527693e-001
  1.1053503e+000
 -6.7747857e-001
  3.7421553e-001
  9.6577711e-001
 -2.8453582e+000
  9.8948256e-001
 -1.7056408e-001
  1.0589982e+000
 -6.0124368e-001
  7.4231758e-001
 -7.3509668e-001
 -1.1373003e+000
 -1.3794983e-005
 -4.8958548e-001
 -4.0232912e-001
  1.0561408e+000
 -8.0654880e-001
  1.1299035e+000
 -5.7525338e-001
  1.4643620e+000
 -9.7987217e-001
  4.2050521e+000
 -3.6320001e+000
 -1.8948336e+000
  1.5863567e+000
 -2.8493391e-001
  3.7706258e+000
 -1.0066194e+000
 -1.9002651e+000
  1.8197403e+000
 -2.3702138e+000
  2.0751625e+000
  1.7351731e+000
 -1.0076255e+000
 -2.4243502e+000
  1.7785103e+000
  2.3176111e-001
  2.7759712e-001
 -9.4166813e-001
  2.5203445e+000
 -1.0276448e+000
 -8.0325018e-001
  6.0111357e-001
 -1.6774391e+000
  9.6012493e-001
  1.5462667e+000
 -8.3232563e-001
 -3.0270220e-001
 -7.6765110e-001
 -2.7250100e-001
  2.1187177e+000
 -9.1987000e-001
 -1.0549720e+000
  1.4781808e+000
 -8.4796187e-001
 -2.4167930e-001
 -1.2876546e+000
  1.1490901e+000
 -6.1712225e-002
  8.4816692e-002
  1.0112317e+000
 -7.0398179e-001
 -4.7981327e-001
  1.2121147e+000
 -8.5206263e-002
 -1.1890058e+000
  1.9165286e+000
 -1.9083463e+000
 -3.5899074e-001
  4.8365474e-001
  5.9835206e-001
 -2.3429393e-001
 -1.2095247e+000
  1.0531138e+000
  5.4813363e-002
 -7.5555039e-001
  9.4134603e-001
 -1.5364053e+000
  1.0114272e+000
 -3.9223903e-001
 -2.2422747e-001
  9.7628270e-001
 -6.3846478e-001
  3.5000372e-001
 -3.7121823e-001
  8.0086632e-001
 -1.1174689e+000
  2.1832923e+000
 -1.5708254e+000
  1.3739023e-001
  1.0783669e-001
  6.1502886e-001
  2.3229767e+000
 -1.3648397e+000
 -1.3585968e+000
  1.2735670e-001
  4.7507795e-002
  6.3825647e-001
 -8.8133250e-001
  7.7105873e-001
 -1.4763336e+000
  2.3662817e+000
 -1.1113018e+000
  1.2248791e+000
  2.5434137e-001
 -4.9419587e-001
  5.6175165e-001
 -7.0129837e-001
 -1.8567291e+000
  8.4547532e-001
 -2.8071584e-001
  2.5667241e+000
 -1.5348936e+000
 -1.0133639e+000
  1.9336462e+000
 -2.6753115e-001
 -7.4029918e-001
 -6.6179861e-001
  2.8137104e+000
 -3.0402143e+000
 -5.4600373e-001
  2.3698113e-001
 -5.8475450e-001
  4.1861723e-001
 -9.6712651e-001
  2.0954180e+000
  1.1761662e+000
  1.5237475e+000
 -3.1872922e+000
  6.9360521e-001
  4.6407089e-001
  1.9701801e+000
 -2.0485964e-001
 -1.0360486e+000
  1.0882854e+000
 -9.5656361e-001
  4.1816743e-001
  4.4536647e-001
 -1.6590542e+000
  4.5115074e+000
 -3.0055196e+000
 -1.7590531e+000
  1.4701908e+000
 -1.4184277e+000
  3.1712574e-001
  1.8515125e+000
 -1.8425128e+000
  5.3312358e+000
 -4.9080910e+000
 -1.0019935e+000
  1.7292243e+000
  5.6911538e-001
  4.2340710e+000
 -4.6476924e+000
  2.5070409e+000
 -2.8263824e+000
  1.2581144e+000
 -4.3631031e-001
  1.2583426e+000
 -1.1506395e+000
 -4.6171972e-001
 -3.6399086e-001
  2.5885994e+000
 -1.1513863e+000
 -1.4035582e+000
  1.1924029e+000
 -2.3157882e-001
 -4.9718298e-002
  7.3607513e-001
 -1.9961570e-001
 -1.2261975e+000
 -9.9397132e-001
  1.8723494e+000
 -1.1796492e+000
  1.2820098e+000
 -1.2486450e+000
  5.1901779e-001
 -1.3438694e-001
  4.2300003e-001
  1.0213973e+000
  3.9620318e-001
 -9.9238420e-001
  2.4220520e-001
 -1.5449393e+000
  1.2194771e-001
 -4.5211903e-001
 -2.3716852e-001
  2.5664227e+000
 -6.1325807e-001
 -2.0434229e+000
  2.0635039e+000
  5.6720990e-001
 -1.2791438e+000
  9.4361109e-001
 -1.4651472e+000
 -6.9940926e-002
  1.6720952e+000
 -1.2327380e+000
 -1.7945090e+000
  2.8110466e+000
 -1.2847079e+000
  2.3298772e+000
 -5.4370842e-001
 -1.1953185e+000
  2.9239960e-002
  6.3026148e-001
 -1.4512992e+000
 -4.3471674e-001
  9.0071792e-001
  1.1029154e+000
 -2.0374548e+000
 -9.5015050e-001
  2.2253218e+000
  8.5701053e-001
 -6.7038516e-003
  8.3751146e-001
 -1.6878142e+000
  1.4757054e-001
 -1.8440242e+000
  1.0141508e+000
  3.9007410e+000
 -2.8520396e+000
 -1.9507358e+000
  1.7105058e+000
 -1.5567545e-001
 -5.3510486e-001
 -9.5412633e-001
  2.4334373e+000
 -4.9047756e-001
 -1.6993929e+000
  2.1254663e+000
 -2.1161455e+000
  9.1522270e-001
 -2.0110431e+000
 -7.5288500e-003
  1.5159785e+000
 -8.0120798e-001
  2.6454676e+000
 -1.2616863e+000
  5.6231924e-001
  1.5536336e+000
  8.2455266e-001
 -2.5268679e+000
 -3.8983322e-001
  8.2589187e-002
  1.5390515e+000
  1.0795359e+000
 -4.0333062e+000
  2.4204691e+000
 -2.2189201e+000
 -4.3598761e-001
  1.2366968e+000
  1.1073663e+000
 -1.0167828e+000
 -1.0362816e+000
 -8.3488807e-001
  2.4677730e+000
  5.7024395e-001
 -3.1661502e+000
  1.5169274e+000
 -2.4329808e+000
  3.6650476e+000
 -2.6579971e+000
  5.4916037e-001
 -7.1701602e-001
  4.6480072e-001
 -1.6751474e-001
  2.4609645e+000
 -2.7660679e+000
  2.1618100e+000
 -2.0580478e+000
 -3.4970206e-001
 -1.5045980e-001
  1.4689343e-001
  1.9021126e+000
 -1.1109006e+000
 -1.1216793e+000
  1.8435412e-001
  4.0626123e+000
 -3.6539469e-001
 -3.3627646e+000
  1.1902458e+000
 -1.0253201e+000
  3.4606876e+000
 -4.9501962e-002
 -2.8430866e+000
 -9.7627827e-001
  5.2947448e-001
  2.6248894e+000
 -2.0889243e+000
  2.4942436e-001
 -5.8407979e-001
 -1.8759573e-001
  7.0508049e-001
  2.7751622e-001
 -1.0071341e+000
  2.0731679e+000
  8.4265871e-001
 -5.4993267e-001
 -1.2902241e+000
 -1.1928273e+000
  1.6153385e-001
  7.0542412e-001
  7.3029397e-002
 -3.1158685e-002
  2.7077046e+000
 -1.1336737e+000
 -1.1690245e+000
  1.0773803e+000
  1.9345802e-001
  1.2074692e+000
 -2.0596978e+000
  9.6325208e-001
  9.0019041e-001
  5.6827703e-001
 -1.9157553e+000
  2.6248137e+000
  4.7548294e-001
 -6.4173022e-001
 -2.2829739e+000
 -6.2913596e-001
  7.4948055e-001
 -5.6017276e-001
  2.3392678e+000
 -1.4310170e+000
  3.1835082e+000
 -3.4728329e+000
  2.9816290e+000
 -1.8012850e+000
 -2.2040880e+000
  4.7988345e-001
  2.3229187e+000
 -9.9802807e-001
 -2.0292796e-001
 -1.0355599e-001
 -3.7392328e-001
  8.9976474e-002
  9.9000276e-002
  8.0758418e-001
 -2.2271907e+000
 -1.6180079e+000
 -1.9990096e-002
 -2.5814052e-001
  8.9743093e+000
 -3.8415128e+000
 -1.2148133e+000
  4.0702394e+000
 -5.6042335e+000
  1.1042778e+000
  2.9306880e-001
 -3.5723141e-001
 -3.8802035e-001
 -6.1275982e-001
  5.5098348e-001
  9.3799148e-001
 -1.3870467e-001
  4.4780243e-001
 -2.0313979e+000
  2.3147770e+000
 -1.6355446e+000
 -1.1805308e+000
 -2.4012918e-003
 -1.2025823e-001
  8.6320295e-001
  1.1487379e+000
 -1.1130050e+000
  9.6386118e-001
 -8.0453255e-002
 -8.2723689e-001
  2.0039063e+000
 -1.5790770e+000
 -6.9840178e-001
 -7.7757360e-001
  2.9640246e+000
  6.2282479e-001
 -2.7391792e+000
  4.4236072e-001
 -7.1221069e-002
  2.7424218e-001
  3.3156187e-001
  2.6963794e+000
 -4.2079351e+000
  1.0314893e+000
 -1.5454648e-001
  1.0934507e+000
 -8.5758050e-001
 -1.3347061e-001
  6.0513788e-001
 -4.8778551e-001
  2.0487457e-001
  9.2761744e-001
 -6.1224159e-001
 -4.4186557e-001
 -9.7115436e-001
 -4.2618934e-001
  7.3845418e-003
  3.2466113e+000
 -2.4900336e+000
  7.9933975e-001
  1.8940573e-001
 -7.8247431e-001
  1.9579621e-001
  6.9767222e-001
 -9.7375887e-001
  9.8707475e-001
 -4.3614510e-001
  1.6907287e+000
 -1.9411788e+000
  4.6453925e-001
  1.8918368e+000
 -2.6009251e+000
  8.8555037e-001
  2.1577622e-002
  3.1914007e-001
 -7.3825987e-001
  9.4262440e-001
  7.7104733e-001
  2.1258868e+000
 -4.9586360e-001
 -1.5327571e+000
 -1.3535790e+000
  2.4534629e+000
 -1.9957006e+000
  1.5959077e+000
 -3.1535025e+000
  3.2836390e+000
 -3.2172637e+000
  7.2625015e-001
  2.0144208e+000
 -2.1089897e+000
  8.0408745e-002
  3.8878321e-001
  5.5740741e-002
  1.1126681e-001
  3.0647724e+000
 -5.7874823e-001
 -1.8079779e+000
  3.0234788e+000
 -3.0059241e+000
  4.0253442e-001
  3.0519402e+000
 -3.8689337e+000
  7.3459530e-001
  1.8124781e+000
 -2.3653883e+000
  1.5693753e-001
  6.4906443e-001
 -3.1992763e+000
  5.6798399e-001
 -5.2847047e-001
  1.2511671e+000
 -7.4373530e-001
 -1.0707588e+000
  8.3822449e-002
  2.6473979e+000
 -9.1975574e-001
 -1.0397718e+000
  1.2656950e+000
 -2.0845000e+000
  2.7661124e+000
 -1.2675713e+000
 -3.7576128e-001
  6.7315416e-001
  3.4617401e+000
 -5.8829962e+000
  8.3542198e-001
 -9.2574448e-001
  1.1667367e+000
 -8.9200952e-002
  7.3432640e-001
  7.5210338e-001
 -1.4413230e+000
  1.0507620e+000
  1.2809782e+000
  2.4566341e-001
 -2.4355559e+000
  1.4935215e+000
  2.2965761e+000
  1.1674035e-001
  2.8710632e+000
 -3.8290929e+000
 -6.3090095e-001
 -2.2252014e-001
  4.0767258e+000
 -4.4821331e+000
  4.3260560e+000
 -3.6975389e+000
 -6.2851702e-001
  1.5102284e+000
 -9.0938519e-001
 -4.0537525e-001
 -5.6633889e-001
  1.6785205e+000
 -1.9625263e+000
  1.2682633e+000
  1.0163979e-001
  7.1074387e-001
 -3.0668786e+000
  1.7492875e+000
  2.0636577e-001
 -2.8152645e-001
  2.1502058e-001
  8.8138251e-001
 -1.0137946e+000
 -1.0582392e+000
  2.5284726e+000
 -8.5373332e-001
 -1.7541966e+000
  6.5152152e+000
 -2.8422825e+000
 -1.5585644e+000
  8.5039394e-001
 -1.2759664e+000
 -4.2170379e-001
 -9.5072206e-001
  1.6569153e+000
 -2.0951374e-001
 -4.3707762e-001
  6.2922188e-001
 -1.6727881e-001
  2.1648186e+000
 -2.9379008e+000
  4.1190193e-001
  2.9729163e-001
  1.3803396e+000
 -1.4038262e+000
  7.7696722e-001
 -1.6129119e+000
  5.4094386e-001
  1.6372484e-001
  4.0670578e-001
 -1.0092094e+000
  7.4532299e-001
 -4.9638367e-002
 -3.3048459e-001
 -6.5270547e-001
  1.7204838e+000
 -2.0552625e-001
  6.6208331e-001
  5.4004178e-001
 -7.6040709e-001
 -1.5397012e+000
  3.8544849e-001
 -5.3737604e-001
 -9.2904130e-002
  9.2114094e-002
 -2.0157432e+000
  1.5602907e+000
  1.1974653e+000
  3.0846232e-001
 -2.0461141e-001
 -1.5422306e+000
 -1.8867205e-002
 -1.2049288e-002
  9.8407412e-001
  1.7006785e+000
 -2.2794392e+000
  9.0433283e-001
  9.4979012e-002
 -3.2878460e-001
  2.3763290e-002
  1.3298395e-001
  9.3117881e-001
 -1.9671292e+000
  1.5618738e+000
 -1.0120076e+000
  1.3139067e-001
 -8.4309662e-002
  1.5932848e+000
 -2.3278422e+000
  9.6403364e-001
  1.3034357e+000
  9.2003679e-002
  5.2104568e-001
 -2.8742482e+000
  7.6168190e-002
  8.3073179e-001
 -1.0421939e+000
  1.5100074e+000
 -1.9333506e-001
  1.4648748e+000
 -2.6215521e+000
  9.8637085e-001
  1.1178913e+000
 -2.3599763e+000
  6.0892813e-001
  5.8586570e-002
  1.5445545e-001
 -9.3776072e-001
  6.9629165e-001
  9.6401602e-001
 -9.3506138e-001
  1.4858352e+000
 -1.2166322e+000
 -4.3968924e-001
  4.0560101e-001
  7.1931594e-001
 -1.1098776e+000
  6.4387327e-001
  1.3729539e-001
 -8.8687790e-001
 -6.4918709e-001
  4.2378082e-001
  2.8422015e+000
  1.5854114e+000
 -1.7006365e+000
  1.3145379e+000
  1.6515616e-001
 -1.5046627e+000
  6.4543702e-001
  5.3985494e-001
  1.7852116e-001
 -1.8931073e-001
 -6.5896749e-001
  1.1507037e-001
 -7.0388122e-001
  3.5716836e-001
  3.0404421e+000
 -2.2694670e-001
 -8.2460375e-001
  7.7798165e-001
 -1.9128112e-001
 -2.7643889e-001
 -8.4742824e-001
  7.5634947e-001
 -9.9715635e-001
  8.0081035e-001
  1.3444093e+000
 -2.1221660e+000
 -1.3694701e+000
  2.0607310e+000
 -5.1351669e-001
 -5.2541277e-001
 -1.0075934e-001
  2.9445964e-001
 -6.4455462e-001
  1.4001517e+000
 -8.4858091e-001
  2.1488160e+000
 -2.3808374e+000
  4.3940417e-001
  9.4783476e-001
  5.7847905e-001
 -9.9861219e-001
 -9.0793478e-001
  9.1220675e-002
 -3.3525220e-001
  6.0410338e-001
 -1.2520690e+000
 -1.9506729e+000
  8.8186881e-001
  3.0576932e-002
 -9.7293856e-001
 -8.1143769e-002
 -4.8414704e-001
  2.2925113e+000
 -2.1814727e+000
  2.6555534e+000
 -2.0514844e+000
  2.5131257e-001
  5.1093781e-001
 -7.8505469e-001
  1.7317805e+000
 -2.7053818e+000
  1.1639710e+001
 -7.8711033e+000
 -5.5138787e-001
 -2.2457959e-002
 -1.9985590e+000
  3.9042878e+000
 -3.9672647e+000
  1.2871257e+000
  3.5224593e+000
 -2.7224217e+000
 -3.3412749e-001
 -2.0847785e-002
  5.9199880e-001
  1.5413975e+000
 -2.9725316e+000
  5.7335586e-001
 -8.9472910e-001
 -4.8343126e-001
  6.0685977e-001
  9.1425514e-001
 -6.4962246e-001
 -6.4603917e-001
  7.3822744e-001
  1.7372170e+000
 -9.8643519e-002
 -1.8937279e+000
  7.1395691e-001
 -3.5932876e-002
  7.1392115e-001
 -6.5642460e-001
  5.4804182e-001
 -1.1781718e+000
  1.3852108e+000
 -1.3664860e+000
  4.8968094e-001
 -1.5902746e+000
  1.0455022e+000
  1.4300698e+000
 -1.9854146e+000
  4.7363451e-001
  9.5353980e-001
  1.2360579e-001
 -1.5946741e+000
  8.0078529e-001
  4.7030982e-001
  4.6377947e-001
 -2.1918388e-001
 -4.0760998e-001
  1.0102317e+000
 -1.4827074e+000
  2.4111780e+000
 -1.7965694e+000
 -8.2868142e-001
  2.4689306e+000
 -8.3972859e-001
 -1.8212576e+000
  1.1375619e+000
  5.0019256e-001
  2.2568691e-001
 -1.2571023e-001
  1.4497608e+000
  2.2002846e+000
 -3.9076217e+000
 -3.3634658e-001
  6.9573191e-001
  2.5601199e+000
 -1.7120400e+000
 -7.8208909e-001
  2.1505541e+000
 -2.4055436e+000
  3.5036054e+000
 -3.5071247e+000
 -5.6704015e-001
  1.3544851e+000
 -1.2938244e+000
 -9.4642598e-002
 -7.7954789e-001
  1.1825105e+000
  1.9442732e+000
 -2.8704574e+000
  1.9086743e+000
 -6.6253084e-001
 -2.8104115e-001
 -1.4037618e-001
  6.4760577e-001
  8.6359761e-001
 -1.1575885e+000
  5.1805790e-001
 -8.4250852e-001
  1.1294840e+000
  8.3264810e-001
 -1.0845653e-001
 -1.7325079e+000
  1.6157680e+000
  1.6600506e+000
 -1.6904634e+000
  9.9722101e-001
 -1.3507457e+000
 -6.5185749e-001
 -4.9223734e-001
  2.0479221e+000
  1.7399683e-001
 -8.3339862e-001
  6.8320418e-001
  1.7484826e+000
 -1.6657291e+000
 -7.3960552e-001
  7.0344073e-001
 -1.1252987e+000
  4.1755619e-001
 -4.5191990e-004
 -4.8827835e-001
  5.9493508e-001
  5.7273028e-001
 -1.7833905e+000
  1.2535745e+000
  1.3162005e-001
  3.3916594e-001
  2.8029474e-001
 -1.6009692e-001
  1.5791799e-001
 -7.7501322e-002
 -4.1553666e-001
  1.3210195e+000
 -5.1622803e-001
 -1.7282792e+000
  1.9878231e-001
  1.5374955e+000
 -1.8561853e+000
  2.6406222e-001
  3.0474209e-001
  5.0054161e-002
  5.4616384e-001
 -1.8114343e+000
  1.5667162e+000
 -2.3075460e-001
 -1.1951472e+000
  1.6728540e+000
 -2.5049701e-001
  2.0568095e+000
 -2.5541931e+000
  4.4265808e-001
  8.9412446e-001
 -7.3243195e-001
 -1.8755776e-001
  7.6558663e-001
  2.9955088e+000
 -2.0044913e+000
 -1.3471213e+000
 -1.2473037e+000
  3.3111018e+000
 -2.2165525e+000
 -5.3866389e-001
 -2.1943305e-001
 -6.0336149e-001
 -4.7797742e-002
  9.2623596e-001
 -2.3834738e+000
  3.1788989e+000
 -9.8907319e-001
 -1.7111063e+000
  1.9807647e+000
 -1.5180136e+000
 -1.3581229e-001
 -1.9131358e+000
  1.8677527e+000
 -4.8042809e-001
  5.3036904e-001
 -7.6683729e-001
  3.2132060e+000
 -3.0688371e+000
  2.5386882e+000
 -2.2841490e+000
  4.7422702e-001
  3.7415536e+000
 -3.7509519e+000
  5.0573780e-001
  6.4319579e-001
 -8.3376038e-001
  4.5540549e-001
 -2.0300934e+000
  2.4063924e+000
 -1.4699018e-001
 -3.4083304e-002
  8.3838660e-001
 -1.6319739e+000
 -1.6052619e-001
  3.2643275e+000
 -3.4748545e+000
 -4.1524218e-003
  1.3255185e+000
 -2.8096603e-001
  9.1178333e-001
 -5.3209852e-001
 -3.8013569e-001
 -1.4745553e+000
 -6.1611947e-001
  2.5162435e+000
 -1.3257676e+000
 -7.1944274e-001
  2.6354452e+000
 -3.7611730e+000
  2.0978943e+000
 -1.2692027e+000
 -8.6285320e-002
 -5.0611903e-001
  1.4574706e+000
  5.9570496e-001
  1.7043258e+000
 -2.2058546e+000
 -1.8215836e+000
  1.6077602e+000
 -9.5368206e-002
 -2.6794447e+000
  1.3709740e+000
 -4.0294860e-001
  2.2789927e+000
 -1.4964954e+000
  1.0741915e+000
 -1.7101912e+000
  2.4474213e-001
  1.0531493e+000
 -1.3925387e+000
  1.5147744e+000
 -1.3980850e-001
 -1.0797219e-001
  5.3784879e-001
 -5.6426461e-001
 -2.0712205e-001
 -1.1293202e+000
  1.8090449e+000
  7.5349470e-001
 -2.5448853e+000
  6.9012300e-001
  7.6191933e-001
  2.4566875e+000
 -1.6103818e+000
 -1.0860107e+000
 -1.4167207e+000
  1.8749775e+000
 -7.1779689e-002
 -1.0455450e+000
  1.4639482e-001
  5.2497118e-001
 -9.8110002e-001
  1.2635417e+000
 -7.2237569e-001
 -5.2730499e-002
 -6.7195692e-001
  6.5172997e-001
  1.5101077e-001
  6.8045834e-001
 -6.2638282e-001
 -1.5053518e+000
 -1.8942987e-001
  3.1380801e+000
 -2.4840417e+000
  2.6000390e-001
 -7.3853550e-001
  2.5466501e+000
 -3.9406637e+000
  1.7715670e+000
  1.7913978e+000
 -2.1100298e+000
 -6.3218242e-001
  2.3432678e+000
 -1.5594053e+000
  1.9660518e+000
 -1.6632489e+000
  1.2605884e+000
 -1.2703055e+000
  1.1566349e+000
 -1.9526974e+000
  6.6835457e-001
 -1.2358061e-001
  2.3458618e-001
 -1.7913013e-001
  5.7286524e-002
 -3.3447224e-001
  1.1520826e+000
  1.7984632e-002
  1.5327507e-001
 -1.9012782e+000
  2.4089483e+000
  1.2353503e-001
 -4.2166161e+000
  5.2475440e+000
 -3.2175380e+000
 -9.7843066e-001
  3.9971455e+000
 -2.2289573e+000
  2.8532657e-001
  1.2252947e+000
 -2.3254364e+000
  7.2873714e+000
 -3.4429319e+000
 -2.7813804e+000
  1.7402471e-001
  3.0144200e-001
 -2.2088428e+000
  1.0213565e+000
  1.2885263e+001
 -7.6672944e+000
 -2.1027643e+000
  3.1189412e-001
 -3.1819271e-001
  1.9478223e+000
 -2.5893803e+000
  1.5543626e-001
 -1.6329857e+000
  4.3497332e+000
 -2.5548421e+000
  3.4628453e+000
 -1.8604952e+000
 -2.8188571e+000
  9.7991540e-001
  1.4071208e-001
 -1.8931022e-001
 -3.9759514e-001
  1.6990030e+000
  4.2222948e-001
 -3.0021113e+000
  2.0270039e+000
 -1.8086885e+000
  1.1541311e+000
  6.8520003e-001
  9.0922311e-001
 -2.4932866e+000
  1.3713964e-001
  1.2081445e-001
  6.3826626e-001
  3.9361355e-001
 -6.4243531e-001
  1.4494295e+000
  1.2967195e+000
 -3.0526194e+000
  6.0234134e-001
 -9.4557251e-002
 -7.1081159e-001
  2.1976162e+000
 -1.3141002e+000
  2.0470098e+000
 -4.2546292e-001
 -4.1654378e-001
 -2.3202477e+000
  9.6503500e-001
 -3.4807057e-001
  7.4967719e-001
  8.6527596e-003
  1.6698140e+000
 -8.2570227e-001
 -2.6127966e+000
  3.1612092e-001
 -2.1922100e-001
  1.8727549e+000
 -2.2788702e+000
  3.4317692e+000
 -2.8021410e+000
  1.2706612e+000
  1.9520830e+000
 -3.3370512e+000
  1.0463671e+000
  4.2848243e-001
  1.7855803e+000
 -3.0278801e+000
  3.3667087e+000
 -2.1531589e+000
  4.8043561e-001
 -2.5835937e+000
  1.6785343e+000
  2.5334053e+000
 -9.0312140e-001
 -1.3688899e+000
 -9.5012913e-001
  5.8057656e-001
  1.8037388e-001
 -2.0531808e-001
  2.2041584e+000
 -2.5643279e+000
  1.4716681e+000
  2.0286980e-001
  4.3190790e-001
 -1.9286430e-001
  8.4426704e-001
 -2.2786664e+000
  1.9157674e+000
 -1.5798775e+000
  1.4255878e+000
 -2.7607601e+000
  1.5723767e+000
 -1.3139421e+000
 -9.4306583e-001
  3.9628233e+000
 -8.4338956e-001
  2.0861221e+000
 -4.6032931e-001
  1.1224610e+000
 -3.2165778e+000
  5.3200366e-001
 -9.2840518e-001
  2.8036608e+000
 -2.6532029e+000
  2.1779593e+000
 -2.1027058e+000
  5.3007796e+000
 -5.3077964e+000
  1.0524605e+000
 -2.7327796e-001
 -2.5569673e-001
 -6.1737600e-001
  3.8247797e+000
 -2.5505403e+000
 -3.3333327e-001
 -4.9477923e-002
 -1.1420664e+000
  2.0240824e+000
 -1.2767982e+000
 -3.3547374e-001
  1.1183612e+000
 -1.1301328e+000
  1.2882685e+000
  2.5371348e+000
 -2.5944782e+000
  5.7985821e-001
  7.8284755e-001
  1.0341129e-001
 -9.4296832e-001
  2.4288724e+000
 -3.2969190e+000
  9.1137716e-001
  4.2570097e-001
 -1.1950926e+000
 -2.1320895e+000
  1.6907608e+000
 -5.2937392e-001
  6.1855338e-001
  1.2516185e+000
 -1.5985526e+000
  5.8323990e-001
  5.2349734e-001
 -1.4725630e+000
  2.3106593e+000
  9.6741553e-001
 -3.1983441e+000
  1.5551148e+000
  1.0409484e+000
 -1.8228907e+000
  2.9497944e+000
 -3.2513731e+000
  2.5866151e-001
  9.3263566e-001
 -1.1939023e-001
  1.7723301e+000
 -2.5837457e+000
  3.0269293e+000
 -8.1637410e-001
  1.7976227e+001
 -1.5001920e+001
  3.0076153e+000
 -1.4488884e+000
 -5.9630714e-001
 -1.4150990e+000
  1.3835743e+000
 -8.2971887e-001
  2.0490659e+000
 -1.1473155e+000
 -9.7027368e-001
  2.8765809e-001
  5.6275052e-001
 -2.8064162e+000
  1.7630497e+000
  9.0913066e-001
 -1.0656018e-002
  2.8438462e-001
 -1.1106005e+000
  1.5742895e+000
 -1.0362809e+000
 -2.7736634e-001
 -5.0955559e-001
  3.2465297e+000
 -3.1404175e+000
  2.4392606e+000
 -2.0934790e+000
  5.4813911e-001
 -6.1974976e-001
  1.4539480e+000
 -1.0120421e+000
  1.2311104e+000
 -1.0787068e+000
 -5.0835989e-001
  2.7813543e+000
 -8.2204915e-002
 -1.2689292e+000
 -1.0960695e+000
  1.9465493e+000
 -1.9596874e+000
 -1.3408954e+000
  1.6953086e+000
 -3.9443666e-001
  2.0923007e+000
 -2.0136899e+000
  2.1811972e+000
 -2.5107799e+000
  8.9119860e-002
  4.8578018e-001
 -1.7036777e+000
  1.7723774e+000
 -1.8962347e+000
  4.3908411e+000
  4.2016382e+000
 -9.2587195e-001
 -1.8075714e+000
  2.1263997e+000
 -1.8709325e-001
  1.8554548e-002
 -4.7760764e-001
  1.3528058e+000
 -2.2807729e+000
  1.4222297e+000
 -8.4759736e-001
 -4.7321129e-001
 -1.2842602e+000
 -2.2489430e-002
 -1.3076165e-001
  8.9026631e-001
  7.3132658e-001
 -4.8357844e+000
  1.4125674e+000
  3.7669882e+000
 -2.2580316e+000
 -7.1457943e-001
 -8.6742069e-001
  1.4281917e+000
  2.1322415e+000
 -3.8698456e+000
  4.2152248e+000
 -3.5969286e+000
 -1.0662849e+000
  1.4428181e+000
  2.0977504e+000
 -2.9254882e+000
 -1.8686281e+000
 -2.1434608e+000
  8.7614182e-002
 -7.7338739e-001
  3.8716164e+000
 -1.0828843e+000
 -5.8008735e+000
  8.3908664e+001
 -8.2344662e+001
 -1.6868769e-001
  2.7795876e+000
 -8.8719683e-001
 -2.3270846e-001
 -1.3444113e+000
  1.2381943e+000
 -1.5372186e+000
  2.2349878e-002
 -4.8201604e-001
  1.8514965e+000
 -1.4269665e-001
 -4.1838979e-002
  7.2434908e-001
 -7.3855524e-001
 -7.3464985e-001
  1.4139031e+000
 -4.4691406e-001
  1.4094823e+000
 -4.6444870e-001
 -2.0380880e+000
  5.9775358e-001
  4.7421541e-001
  4.9845818e-001
  6.0921082e-001
 -2.1854960e+000
  6.4865502e-001
  4.8049602e-001
 -2.7172247e+000
  2.1747583e+000
  1.0836086e+000
 -1.0635622e+000
  4.2719264e-001
  9.8924122e-001
 -1.5304369e+000
  1.4591984e+000
 -1.5042120e+000
  8.8507819e-001
 -9.1494962e-001
  8.2221952e-001
  9.1783705e-001
 -2.3713471e+000
  2.5984776e+000
  7.8522397e-001
 -2.9187559e+000
  2.4196302e+000
  9.4093954e-001
 -1.9099442e+000
 -4.5329528e-001
  1.6658730e+000
 -2.7946903e-001
 -1.5764925e+000
  2.0643313e+000
 -1.6854908e+000
  1.3041809e+000
  7.9123252e-001
 -9.1384718e-001
  5.9770174e-001
 -3.7501446e-002
 -1.3019661e+000
 -8.2223063e-001
  5.1765723e-001
  1.4622383e+000
 -1.6923928e+000
  2.7475872e+000
 -1.6681180e+000
 -7.7806320e-001
 -4.4587032e-001
  1.2423701e+000
 -2.8844556e-001
  4.2490288e-002
  2.5167825e-001
 -7.5235990e-001
  7.6709455e-001
 -2.7565897e-001
  3.6007252e+000
 -7.9637015e-001
 -3.5138481e+000
 -7.2882730e-001
  7.5931186e-001
  2.9154938e+000
 -3.6754871e+000
  1.4150865e+000
 -7.5618406e-001
  6.0676288e-001
 -3.0080462e-001
  8.8115563e+000
 -4.4505472e+000
 -8.4343887e-001
 -2.9524276e-001
 -1.2233011e+000
  2.2725659e+000
 -1.2853413e+000
  1.1907696e+000
 -2.5119372e+000
  3.0501638e-001
  7.6531711e-001
  3.8458227e-001
 -1.7845590e+000
  1.1075089e+000
  5.3381017e-001
 -9.3891594e-001
 -2.9012955e-001
  2.8858037e-001
 -2.1152001e-001
  1.6946905e-001
  1.0089884e+000
 -9.1323143e-001
  2.0341974e+000
  1.3979758e+000
 -4.7415209e-001
 -2.7032214e+000
  8.6918925e-001
  1.4807413e+000
  2.4618603e+000
 -3.4379899e+000
 -1.3686026e+000
  3.7761245e+000
 -3.6069757e+000
  4.7626323e-001
  2.0045900e+000
 -2.3953486e+000
  1.4203044e-002
  4.8584814e+000
 -3.1285208e+000
  5.5612305e-001
  5.9681344e-001
  1.8441489e+000
 -2.0914064e+000
  1.0831106e+001
 -8.3093606e+000
  1.7584765e+000
 -1.4659192e+000
